1.00000000 343.96679688
0.89122432 344.11920166
0.77829238 344.27160645
0.68400429 344.42401123
0.62296640 344.57638550
0.57249732 344.72879028
0.53829709 344.88119507
0.51620947 345.03359985
0.49982184 345.18600464
0.49245934 345.33840942
0.49435932 345.49081421
0.50207812 345.64318848
0.50077186 345.79559326
0.50837189 345.94799805
0.50433440 346.10040283
0.50564067 346.25280762
0.50338438 346.40521240
0.49839687 346.55758667
0.49792186 346.70999146
0.48830301 346.86239624
0.49079684 347.01480103
0.49281558 347.16720581
0.49150932 347.31961060
0.50160311 347.47198486
0.50421563 347.62438965
0.51015317 347.77679443
0.52404704 347.92919922
0.53995959 348.08160400
0.55230967 348.23400879
0.55860351 348.38641357
0.56869730 348.53878784
0.56525352 348.69119263
0.56893477 348.84359741
0.56810352 348.99600220
0.56335348 349.14840698
0.55824720 349.30081177
0.53841586 349.45318604
0.52321579 349.60559082
0.50765941 349.75799561
0.49340929 349.91040039
0.47820922 350.06280518
0.46562168 350.21520996
0.45932784 350.36761475
0.45481534 350.51998901
0.45065908 350.67239380
0.44757155 350.82479858
0.44412777 350.97720337
0.44092146 351.12960815
0.43759646 351.28201294
0.43332143 351.43438721
0.43783400 351.58679199
0.44127777 351.73919678
0.44899658 351.89160156
0.45540912 352.04400635
0.45600283 352.19641113
0.46526537 352.34878540
0.47037165 352.50119019
0.47144044 352.65359497
0.51050941 352.80599976
0.57273479 352.95840454
0.55610968 353.11080933
0.55325969 353.26321411
0.55539720 353.41558838
0.53948458 353.56799316
0.53057828 353.72039795
0.50279060 353.87280273
0.43486523 354.02520752
0.39342121 354.17761230
0.39508371 354.32998657
0.40434625 354.48239136
0.41135258 354.63479614
0.41752758 354.78720093
0.42477137 354.93960571
0.42595893 355.09201050
0.42097135 355.24438477
0.41622131 355.39678955
0.41064002 355.54919434
0.40707755 355.70159912
0.40458379 355.85400391
0.40315876 356.00640869
0.40185250 356.15881348
0.40090247 356.31118774
0.39947751 356.46359253
0.39805248 356.61599731
0.39745870 356.76840210
0.39353998 356.92080688
0.39662745 357.07321167
0.40980877 357.22558594
0.41087756 357.37799072
0.40980877 357.53039551
0.40755256 357.68280029
0.40589006 357.83520508
0.40482126 357.98760986
0.40315876 358.14001465
0.40220874 358.29238892
0.40149626 358.44479370
0.39935874 358.59719849
0.39650875 358.74960327
0.39828995 358.90200806
0.40600875 359.05441284
0.41444011 359.20678711
0.41871514 359.35919189
0.41776512 359.51159668
0.41657763 359.66400146
0.41444011 359.81640625
0.41289631 359.96881104
0.41206506 360.12118530
0.41087756 360.27359009
0.41170882 360.42599487
0.41301508 360.57839966
0.41432134 360.73080444
0.41693387 360.88320923
0.41824013 361.03561401
0.41800259 361.18798828
0.41693387 361.34039307
0.41539006 361.49279785
0.41479635 361.64520264
0.41396510 361.79760742
0.41277754 361.95001221
0.41111503 362.10238647
0.40921506 362.25479126
0.40743379 362.40719604
0.40600875 362.55960083
0.40600875 362.71200562
0.40684001 362.86441040
0.40897752 363.01681519
0.40850251 363.16918945
0.40624630 363.32159424
0.39876496 363.47399902
0.39484624 363.62640381
0.39270873 363.77880859
0.39698376 363.93121338
0.40315876 364.08358765
0.40969007 364.23599243
0.41301508 364.38839722
0.41859637 364.54080200
0.41919008 364.69320679
0.42049634 364.84561157
0.42180261 364.99798584
0.42417766 365.15039062
0.42453390 365.30279541
0.42394012 365.45520020
0.42417766 365.60760498
0.42346511 365.76000977
0.42263386 365.91241455
0.42156514 366.06478882
0.43070890 366.21719360
0.50504689 366.36959839
0.55385347 366.52200317
0.56394726 366.67440796
0.57950364 366.82681274
0.56750981 366.97918701
0.53817832 367.13159180
0.51775320 367.28399658
0.42180261 367.43640137
0.40042746 367.58880615
0.39817125 367.74121094
0.39211495 367.89358521
0.38985866 368.04598999
0.38843370 368.19839478
0.38641492 368.35079956
0.38653366 368.50320435
0.38593991 368.65560913
0.38297115 368.80801392
0.38807739 368.96038818
0.40470249 369.11279297
0.41170882 369.26519775
0.42750267 369.41760254
0.43569648 369.57000732
0.43688397 369.72241211
0.43272772 369.87478638
0.42465267 370.02719116
0.41990263 370.17959595
0.41586507 370.33200073
0.41265884 370.48440552
0.40838381 370.63681030
0.40149626 370.78921509
0.39437123 370.94158936
0.38688990 371.09399414
0.38582114 371.24639893
0.38605865 371.39880371
0.38677113 371.55120850
0.38665243 371.70361328
0.38534617 371.85598755
0.38368363 372.00839233
0.38237736 372.16079712
0.38083363 372.31320190
0.38000238 372.46560669
0.37964610 372.61801147
0.37940860 372.77038574
0.37917113 372.92279053
0.38582114 373.07519531
0.38748368 373.22760010
0.38605865 373.38000488
0.39377745 373.53240967
0.39591497 373.68481445
0.39971498 373.83718872
0.39900250 373.98959351
0.39793371 374.14199829
0.41681510 374.29440308
0.43403398 374.44680786
0.42833392 374.59921265
0.42809645 374.75158691
0.41978386 374.90399170
0.40850251 375.05639648
0.40149626 375.20880127
0.38558364 375.36120605
0.36836479 375.51361084
0.36076475 375.66598511
0.35197719 375.81838989
0.35435221 375.97079468
0.35435221 376.12319946
0.35755848 376.27560425
0.35898348 376.42800903
0.36100226 376.58041382
0.36302100 376.73278809
0.36385225 376.88519287
0.36527729 377.03759766
0.36587103 377.19000244
0.36634604 377.34240723
0.36741480 377.49481201
0.36788978 377.64718628
0.36978982 377.79959106
0.37145232 377.95199585
0.36848356 378.10440063
0.37002729 378.25680542
0.35696474 378.40921021
0.34497090 378.56161499
0.34461466 378.71398926
0.34342713 378.86639404
0.33962712 379.01879883
0.34128962 379.17120361
0.34105211 379.32360840
0.34592089 379.47601318
0.34841468 379.62838745
0.35494596 379.78079224
0.35827100 379.93319702
0.37548985 380.08560181
0.39080869 380.23800659
0.40660254 380.39041138
0.43070890 380.54278564
0.43534024 380.69519043
0.44436524 380.84759521
0.44994653 381.00000000
0.45196534 381.15240479
0.45802157 381.30480957
0.46075287 381.45721436
0.46692794 381.60958862
0.45350908 381.76199341
0.44685906 381.91439819
0.43842771 382.06680298
0.43866525 382.21920776
0.43795270 382.37161255
0.44448401 382.52398682
0.45861536 382.67639160
0.45006530 382.82879639
0.44733400 382.98120117
0.44044652 383.13360596
0.45576536 383.28601074
0.46289038 383.43838501
0.47524046 383.59078979
0.48889679 383.74319458
0.48865932 383.89559937
0.50362185 384.04800415
0.51205321 384.20040894
0.53105330 384.35281372
0.58092860 384.50518799
0.59042868 384.65759277
0.60182873 384.80999756
0.64089777 384.96240234
0.67818546 385.11480713
0.68863556 385.26721191
0.69243558 385.41958618
0.70300438 385.57199097
0.71131696 385.72439575
0.72069827 385.87680054
0.72675450 386.02920532
0.72770452 386.18161011
0.72604202 386.33401489
0.72497330 386.48638916
0.71998572 386.63879395
0.63864148 386.79119873
0.55824720 386.94360352
0.52998457 387.09600830
0.50991570 387.24841309
0.50813442 387.40078735
0.51229068 387.55319214
0.52428451 387.70559692
0.61453505 387.85800171
0.77223608 388.01040649
0.75299845 388.16281128
0.73839210 388.31518555
0.70644815 388.46759033
0.67676050 388.61999512
0.65027908 388.77239990
0.59399123 388.92480469
0.53627835 389.07720947
0.46657163 389.22961426
0.42394012 389.38198853
0.42025887 389.53439331
0.41942762 389.68679810
0.41752758 389.83920288
0.41550883 389.99160767
0.41337132 390.14401245
0.41040255 390.29638672
0.40695878 390.44879150
0.40410878 390.60119629
0.40078378 390.75360107
0.39781501 390.90600586
0.39603374 391.05841064
0.39496494 391.21078491
0.39460870 391.36318970
0.39496494 391.51559448
0.39520248 391.66799927
0.39638998 391.82040405
0.39935874 391.97280884
0.39722123 392.12521362
0.39793371 392.27758789
0.39650875 392.42999268
0.39353998 392.58239746
0.39306497 392.73480225
0.39199618 392.88720703
0.39852749 393.03961182
0.40161503 393.19198608
0.40505880 393.34439087
0.40957130 393.49679565
0.40992754 393.64920044
0.40779003 393.80160522
0.40731502 393.95401001
0.40137749 394.10641479
0.39935874 394.25878906
0.39769624 394.41119385
0.40102125 394.56359863
0.39900250 394.71600342
0.39900250 394.86840820
0.39508371 395.02081299
0.39353998 395.17318726
0.39175871 395.32559204
0.38712744 395.47799683
0.38605865 395.63040161
0.38285238 395.78280640
0.38166488 395.93521118
0.38095237 396.08758545
0.38285238 396.23999023
0.38142738 396.39239502
0.38843370 396.54479980
0.38653366 396.69720459
0.38878994 396.84960938
0.39532118 397.00201416
0.39448993 397.15438843
0.39555872 397.30679321
0.39508371 397.45919800
0.38629615 397.61160278
0.38047736 397.76400757
0.36171474 397.91641235
0.36598977 398.06878662
0.36907730 398.22119141
0.36765231 398.37359619
0.36349601 398.52600098
0.35577721 398.67840576
0.35090843 398.83081055
0.35173969 398.98318481
0.35375846 399.13558960
0.35542097 399.28799438
0.35779599 399.44039917
0.35862724 399.59280396
0.36147723 399.74520874
0.36444604 399.89761353
0.37275859 400.04998779
0.39330244 400.20239258
0.43047143 400.35479736
0.44199025 400.50720215
0.44092146 400.65960693
0.43415268 400.81201172
0.42655264 400.96438599
0.42429636 401.11679077
0.42239639 401.26919556
0.42714643 401.42160034
0.43320273 401.57400513
0.43557771 401.72640991
0.43807147 401.87881470
0.44270274 402.03118896
0.44175278 402.18359375
0.44970906 402.33599854
0.45766533 402.48840332
0.46538414 402.64080811
0.48426553 402.79321289
0.49435932 402.94558716
0.50670939 403.09799194
0.50480942 403.25039673
0.50124687 403.40280151
0.49578435 403.55520630
0.48735306 403.70761108
0.48295926 403.85998535
0.48129676 404.01239014
0.47951549 404.16479492
0.48046551 404.31719971
0.48105922 404.46960449
0.48474054 404.62200928
0.48319673 404.77441406
0.47785298 404.92678833
0.47832799 405.07919312
0.47262793 405.23159790
0.46716541 405.38400269
0.47357796 405.53640747
0.48497801 405.68881226
0.49115308 405.84118652
0.51074695 405.99359131
0.51193444 406.14599609
0.52511576 406.29840088
0.53081583 406.45080566
0.53045959 406.60321045
0.52998457 406.75561523
0.53247833 406.90798950
0.53437830 407.06039429
0.53782208 407.21279907
0.55492219 407.36520386
0.57202230 407.51760864
0.59529749 407.67001343
0.62284763 407.82238770
0.63270395 407.97479248
0.63745399 408.12719727
0.64885404 408.27960205
0.68103553 408.43200684
0.68863556 408.58441162
0.69279182 408.73678589
0.69433555 408.88919067
0.69421685 409.04159546
0.69053553 409.19400024
0.68839802 409.34640503
0.68162924 409.49880981
0.68744807 409.65121460
0.69302929 409.80358887
0.70632938 409.95599365
0.72604202 410.10839844
0.74314213 410.26080322
0.74183587 410.41320801
0.74480464 410.56561279
0.71630447 410.71798706
0.68531055 410.87039185
0.63412899 411.02279663
0.51597200 411.17520142
0.50053439 411.32760620
0.44579027 411.48001099
0.42916517 411.63238525
0.41230260 411.78479004
0.38071486 411.93719482
0.36551479 412.08959961
0.35257094 412.24200439
0.31658947 412.39440918
0.28903929 412.54681396
0.24177651 412.69918823
0.20128252 412.85159302
0.17385107 413.00399780
0.13893837 413.15640259
0.12753828 413.30880737
0.11162569 413.46121216
0.10699442 413.61358643
0.10402566 413.76599121
0.09963186 413.91839600
0.09523810 414.07080078
0.09381310 414.22320557
0.09678186 414.37561035
0.10830069 414.52801514
0.11661324 414.68038940
0.12860704 414.83279419
0.14202587 414.98519897
0.14796343 415.13760376
0.14903219 415.29000854
0.15627598 415.44241333
0.14938843 415.59478760
0.15591971 415.74719238
0.15793849 415.89959717
0.15568220 416.05200195
0.17301982 416.20440674
0.18299488 416.35681152
0.18964492 416.50918579
0.19688872 416.66159058
0.17990737 416.81399536
0.16494478 416.96640015
0.13775084 417.11880493
0.12207576 417.27120972
0.10117563 417.42361450
0.08775680 417.57598877
0.08858805 417.72839355
0.08383803 417.88079834
0.08573804 418.03320312
0.09393183 418.18560791
0.12920082 418.33801270
0.29485809 418.49038696
0.47963426 418.64279175
0.59802871 418.79519653
0.58591618 418.94760132
0.56549099 419.10000610
0.51347817 419.25241089
0.41598384 419.40478516
0.36705852 419.55718994
0.31409572 419.70959473
0.26422041 419.86199951
0.23393894 420.01440430
0.21767011 420.16680908
0.20163876 420.31921387
0.19498871 420.47158813
0.19534495 420.62399292
0.18251990 420.77639771
0.17848238 420.92880249
0.16161977 421.08120728
0.15746348 421.23361206
0.15663222 421.38598633
0.15496972 421.53839111
0.15580097 421.69079590
0.15793849 421.84320068
0.15888847 421.99560547
0.16173850 422.14801025
0.16007600 422.30041504
0.15805722 422.45278931
0.15663222 422.60519409
0.15580097 422.75759888
0.15449471 422.91000366
0.15342595 423.06240845
0.15152594 423.21481323
0.14808217 423.36718750
0.14570715 423.51959229
0.14309462 423.67199707
0.14190713 423.82440186
0.13905710 423.97680664
0.13501958 424.12921143
0.12931955 424.28158569
0.12385703 424.43399048
0.11483196 424.58639526
0.11293196 424.73880005
0.11293196 424.89120483
0.11305069 425.04360962
0.11506947 425.19601440
0.11590072 425.34838867
0.11863198 425.50079346
0.12373826 425.65319824
0.12931955 425.80560303
0.14202587 425.95800781
0.14820090 426.11041260
0.14974467 426.26278687
0.15010095 426.41519165
0.15021968 426.56759644
0.15033842 426.72000122
0.15057592 426.87240601
0.14986344 427.02481079
0.15425720 427.17718506
0.15247593 427.32958984
0.15223846 427.48199463
0.14202587 427.63439941
0.13929461 427.78680420
0.13881959 427.93920898
0.13905710 428.09161377
0.14036336 428.24398804
0.13988835 428.39639282
0.14060087 428.54879761
0.13644461 428.70120239
0.12385703 428.85360718
0.11126945 429.00601196
0.10806318 429.15838623
0.09903811 429.31079102
0.09226933 429.46319580
0.08989431 429.61560059
0.08668804 429.76800537
0.08775680 429.92041016
0.08894431 430.07281494
0.09571311 430.22518921
0.10081939 430.37759399
0.10580690 430.52999878
0.10889443 430.68240356
0.11506947 430.83480835
0.11578199 430.98721313
0.12195702 431.13958740
0.12611328 431.29199219
0.13062581 431.44439697
0.13311957 431.59680176
0.13703836 431.74920654
0.14083837 431.90161133
0.13870086 432.05398560
0.13786961 432.20639038
0.13668212 432.35879517
0.13216958 432.51119995
0.13276333 432.66360474
0.13430710 432.81600952
0.13228832 432.96841431
0.13798834 433.12078857
0.13775084 433.27319336
0.13751337 433.42559814
0.13834462 433.57800293
0.13929461 433.73040771
0.14119461 433.88281250
0.14380714 434.03518677
0.14843841 434.18759155
0.20757629 434.33999634
0.22871392 434.49240112
0.34734592 434.64480591
0.42560262 434.79721069
0.49780309 434.94958496
0.52998457 435.10198975
0.53663459 435.25439453
0.50148441 435.40679932
0.47025295 435.55920410
0.38985866 435.71160889
0.30697066 435.86401367
0.26742665 436.01638794
0.22182637 436.16879272
0.19059494 436.32119751
0.18430114 436.47360229
0.17218857 436.62600708
0.15781972 436.77841187
0.15437598 436.93078613
0.14131338 437.08319092
0.13205081 437.23559570
0.11946323 437.38800049
0.11174443 437.54040527
0.10806318 437.69281006
0.10236312 437.84521484
0.10153187 437.99758911
0.10010687 438.14999390
0.09523810 438.30239868
0.09048806 438.45480347
0.08870680 438.60720825
0.08550053 438.75961304
0.08645053 438.91198730
0.08894431 439.06439209
0.09096307 439.21679688
0.09630685 439.36920166
0.10628191 439.52160645
0.12682580 439.67401123
0.16506351 439.82638550
0.18762618 439.97879028
0.20425128 440.13119507
0.20840754 440.28359985
0.21434507 440.43600464
0.21588884 440.58840942
0.21553260 440.74081421
0.21624508 440.89318848
0.21577010 441.04559326
0.21565133 441.19799805
0.21755134 441.35040283
0.21208882 441.50280762
0.20650753 441.65521240
0.20294502 441.80758667
0.19344494 441.95999146
0.19724499 442.11239624
0.19973875 442.26480103
0.19902623 442.41720581
0.19961998 442.56961060
0.19807624 442.72198486
0.19641371 442.87438965
0.19415746 443.02679443
0.19118869 443.17919922
0.18798242 443.33160400
0.18584491 443.48400879
0.17646360 443.63641357
0.17171356 443.78878784
0.16945731 443.94119263
0.16886356 444.09359741
0.16815105 444.24600220
0.17088231 444.39840698
0.16803231 444.55081177
0.15627598 444.70318604
0.13513835 444.85559082
0.11898822 445.00799561
0.11815697 445.16040039
0.11483196 445.31280518
0.11447572 445.46520996
0.11732572 445.61761475
0.11827574 445.76998901
0.12741954 445.92239380
0.12195702 446.07479858
0.12231326 446.22720337
0.12088827 446.37960815
0.12302578 446.53201294
0.12682580 446.68438721
0.12931955 446.83679199
0.14321339 446.98919678
0.14309462 447.14160156
0.14166963 447.29400635
0.14285715 447.44641113
0.14250088 447.59878540
0.14428215 447.75119019
0.14487590 447.90359497
0.14535091 448.05599976
0.14475716 448.20840454
0.14665717 448.36080933
0.17610736 448.51321411
0.18952619 448.66558838
0.20757629 448.81799316
0.22800141 448.97039795
0.22467640 449.12280273
0.21945135 449.27520752
0.17491983 449.42761230
0.15770098 449.57998657
0.15152594 449.73239136
0.14926966 449.88479614
0.14356963 450.03720093
0.13549459 450.18960571
0.13062581 450.34201050
0.12813206 450.49438477
0.12682580 450.64678955
0.12599455 450.79919434
0.12492579 450.95159912
0.12397577 451.10400391
0.12409454 451.25640869
0.12290701 451.40881348
0.12171952 451.56118774
0.11910699 451.71359253
0.11578199 451.86599731
0.11459446 452.01840210
0.11601946 452.17080688
0.11875075 452.32321167
0.12302578 452.47558594
0.12706330 452.62799072
0.12991330 452.78039551
0.13216958 452.93280029
0.13501958 453.08520508
0.13644461 453.23760986
0.13691959 453.39001465
0.13810711 453.54238892
0.14107588 453.69479370
0.14356963 453.84719849
0.14808217 453.99960327
0.15128844 454.15200806
0.15306971 454.30441284
0.14831967 454.45678711
0.14155089 454.60919189
0.13371332 454.76159668
0.12492579 454.91400146
0.11886949 455.06640625
0.11685071 455.21881104
0.11685071 455.37118530
0.11803823 455.52359009
0.11970074 455.67599487
0.12124451 455.82839966
0.12255077 455.98080444
0.12480702 456.13320923
0.12587577 456.28561401
0.12730077 456.43798828
0.12848830 456.59039307
0.12836953 456.74279785
0.13015080 456.89520264
0.13098205 457.04760742
0.13157580 457.20001221
0.13371332 457.35238647
0.13359458 457.50479126
0.13406959 457.65719604
0.13050704 457.80960083
0.12730077 457.96200562
0.12599455 458.11441040
0.12563827 458.26681519
0.12848830 458.41918945
0.13311957 458.57159424
0.13775084 458.72399902
0.14345090 458.87640381
0.14535091 459.02880859
0.14582592 459.18121338
0.14736965 459.33358765
0.14653840 459.48599243
0.14535091 459.63839722
0.14368840 459.79080200
0.14155089 459.94320679
0.13739460 460.09561157
0.13228832 460.24798584
0.12789455 460.40039062
0.13418833 460.55279541
0.16268853 460.70520020
0.24011401 460.85760498
0.31267068 461.01000977
0.39817125 461.16241455
0.42619640 461.31478882
0.38582114 461.46719360
0.33000830 461.61959839
0.26006412 461.77200317
0.18061986 461.92440796
0.11625696 462.07681274
0.09298181 462.22918701
0.07790048 462.38159180
0.07148794 462.53399658
0.06555040 462.68640137
0.06281914 462.83880615
0.06151288 462.99121094
0.07089419 463.14358521
0.08146301 463.29598999
0.08466928 463.44839478
0.08775680 463.60079956
0.08965681 463.75320435
0.08977554 463.90560913
0.08965681 464.05801392
0.08811304 464.21038818
0.08193800 464.36279297
0.07991924 464.51519775
0.07861299 464.66760254
0.07801923 464.82000732
0.07635673 464.97241211
0.07505046 465.12478638
0.07362545 465.27719116
0.07267544 465.42959595
0.07196295 465.58200073
0.06792542 465.73440552
0.06353164 465.88681030
0.05830661 466.03921509
0.05177531 466.19158936
0.05082531 466.34399414
0.04892530 466.49639893
0.04655028 466.64880371
0.04560028 466.80120850
0.04785654 466.95361328
0.04928156 467.10598755
0.05498159 467.25839233
0.05771286 467.41079712
0.06210663 467.56320190
0.06400665 467.71560669
0.06507541 467.86801147
0.06424414 468.02038574
0.06376915 468.17279053
0.06400665 468.32519531
0.06745041 468.47760010
0.07196295 468.63000488
0.08193800 468.78240967
0.08787555 468.93481445
0.09226933 469.08718872
0.09880061 469.23959351
0.10355065 469.39199829
0.11423822 469.54440308
0.12065076 469.69680786
0.13026957 469.84921265
0.13454460 470.00158691
0.13608833 470.15399170
0.13893837 470.30639648
0.14178840 470.45880127
0.14380714 470.61120605
0.14701341 470.76361084
0.15116970 470.91598511
0.15461345 471.06838989
0.15781972 471.22079468
0.15853223 471.37319946
0.15876974 471.52560425
0.15603848 471.67800903
0.15413847 471.83041382
0.14998218 471.98278809
0.15021968 472.13519287
0.15057592 472.28759766
0.15817599 472.44000244
0.16363851 472.59240723
0.17218857 472.74481201
0.17990737 472.89718628
0.18548867 473.04959106
0.19237618 473.20199585
0.19617624 473.35440063
0.20033249 473.50680542
0.20258874 473.65921021
0.20472626 473.81161499
0.20591378 473.96398926
0.20638880 474.11639404
0.20579501 474.26879883
0.20425128 474.42120361
0.20270751 474.57360840
0.20009499 474.72601318
0.19724499 474.87838745
0.19190121 475.03079224
0.18394490 475.18319702
0.17990737 475.33560181
0.17670110 475.48800659
0.17955113 475.64041138
0.18311365 475.79278564
0.18667616 475.94519043
0.19308870 476.09759521
0.19463247 476.25000000
0.19534495 476.40240479
0.19190121 476.55480957
0.18976369 476.70721436
0.18762618 476.85958862
0.18525116 477.01199341
0.18311365 477.16439819
0.18156988 477.31680298
0.17907612 477.46920776
0.22052011 477.62161255
0.27692673 477.77398682
0.29782686 477.92639160
0.32228950 478.07879639
0.33428333 478.23120117
0.32680203 478.38360596
0.32953329 478.53601074
0.23002019 478.68838501
0.18180738 478.84078979
0.16791354 478.99319458
0.15413847 479.14559937
0.10925067 479.29800415
0.10640064 479.45040894
0.10473814 479.60281372
0.10366938 479.75518799
0.10165064 479.90759277
0.10236312 480.05999756
0.10212565 480.21240234
0.10224438 480.36480713
0.09975063 480.51721191
0.09701933 480.66958618
0.09191305 480.82199097
0.08918179 480.97439575
0.08561928 481.12680054
0.08550053 481.27920532
0.08621303 481.43161011
0.08858805 481.58401489
0.09096307 481.73638916
0.09298181 481.88879395
0.09428807 482.04119873
0.09500059 482.19360352
0.09713810 482.34600830
0.09820686 482.49841309
0.10141313 482.65078735
0.10628191 482.80319214
0.10853816 482.95559692
0.11566322 483.10800171
0.12350076 483.26040649
0.13074455 483.41281128
0.15948225 483.56518555
0.17242607 483.71759033
0.18370739 483.86999512
0.18655742 484.02239990
0.19391995 484.17480469
0.19296996 484.32720947
0.18299488 484.47961426
0.18572617 484.63198853
0.18536989 484.78439331
0.18453864 484.93679810
0.17420735 485.08920288
0.16209474 485.24160767
0.16494478 485.39401245
0.18109487 485.54638672
0.19095119 485.69879150
0.20472626 485.85119629
0.21588884 486.00360107
0.22348887 486.15600586
0.22823891 486.30841064
0.21755134 486.46078491
0.21743261 486.61318970
0.21897637 486.76559448
0.22135139 486.91799927
0.25317657 487.07040405
0.25994538 487.22280884
0.27241419 487.37521362
0.27858923 487.52758789
0.26552664 487.67999268
0.26148912 487.83239746
0.23477023 487.98480225
0.23215770 488.13720703
0.23441395 488.28961182
0.23512647 488.44198608
0.23785773 488.59439087
0.24866403 488.74679565
0.25139533 488.89920044
0.24818906 489.05160522
0.24379526 489.20401001
0.23821397 489.35641479
0.23500770 489.50878906
0.22657641 489.66119385
0.22752643 489.81359863
0.23180146 489.96600342
0.22990142 490.11840820
0.23263271 490.27081299
0.23393894 490.42318726
0.23572021 490.57559204
0.23987650 490.72799683
0.24047025 490.88040161
0.24118277 491.03280640
0.24343902 491.18521118
0.24379526 491.33758545
0.23690774 491.48999023
0.21992636 491.64239502
0.21042632 491.79479980
0.19914500 491.94720459
0.20567628 492.09960938
0.21197005 492.25201416
0.22016387 492.40438843
0.24047025 492.55679321
0.23916399 492.70919800
0.23595772 492.86160278
0.23417644 493.01400757
0.22859519 493.16641235
0.22954517 493.31878662
0.23085144 493.47119141
0.23025769 493.62359619
0.23239521 493.77600098
0.23940149 493.92840576
0.23868898 494.08081055
0.23821397 494.23318481
0.23940149 494.38558960
0.23025769 494.53799438
0.22384515 494.69039917
0.21992636 494.84280396
0.21030755 494.99520874
0.21292007 495.14761353
0.21113880 495.29998779
0.20900129 495.45239258
0.20674504 495.60479736
0.20864504 495.75720215
0.21007004 495.90960693
0.21220756 496.06201172
0.21636385 496.21438599
0.21778885 496.36679077
0.21826386 496.51919556
0.21755134 496.67160034
0.21814512 496.82400513
0.21945135 496.97640991
0.22170763 497.12881470
0.22455763 497.28118896
0.22645767 497.43359375
0.22835768 497.58599854
0.22990142 497.73840332
0.23061393 497.89080811
0.23298895 498.04321289
0.23726398 498.19558716
0.24427027 498.34799194
0.29877684 498.50039673
0.32953329 498.65280151
0.39888373 498.80520630
0.43997151 498.95761108
0.45255905 499.10998535
0.49744685 499.26239014
0.47773421 499.41479492
0.49388430 499.56719971
0.49150932 499.71960449
0.48687805 499.87200928
0.49780309 500.02441406
0.47571547 500.17678833
0.46787789 500.32919312
0.42595893 500.48159790
0.35043342 500.63400269
0.32787079 500.78640747
0.27645172 500.93881226
0.24486401 501.09118652
0.21980763 501.24359131
0.19308870 501.39599609
0.17551358 501.54840088
0.17159482 501.70080566
0.16660728 501.85321045
0.16375728 502.00561523
0.15983850 502.15798950
0.15793849 502.31039429
0.15663222 502.46279907
0.15544473 502.61520386
0.15686973 502.76760864
0.15746348 502.92001343
0.16150100 503.07238770
0.19819498 503.22479248
0.24106400 503.37719727
0.25531408 503.52960205
0.25590783 503.68200684
0.22883266 503.83441162
0.19593873 503.98678589
0.17634486 504.13919067
0.15805722 504.29159546
0.14725092 504.44400024
0.14843841 504.59640503
0.15259470 504.74880981
0.16601353 504.90121460
0.20033249 505.05358887
0.21814512 505.20599365
0.22622017 505.35839844
0.23987650 505.51080322
0.25341407 505.66320801
0.25816411 505.81561279
0.26303288 505.96798706
0.26291415 506.12039185
0.25947037 506.27279663
0.25614533 506.42520142
0.25258282 506.57760620
0.24664529 506.73001099
0.24486401 506.88238525
0.24355775 507.03479004
0.24296401 507.18719482
0.24332028 507.33959961
0.24367652 507.49200439
0.23987650 507.64440918
0.23310769 507.79681396
0.23002019 507.94918823
0.22111389 508.10159302
0.21992636 508.25399780
0.22242012 508.40640259
0.22812018 508.55880737
0.23987650 508.71121216
0.24664529 508.86358643
0.25840162 509.01599121
0.26315165 509.16839600
0.26778292 509.32080078
0.27193918 509.47320557
0.27597670 509.62561035
0.27942048 509.77801514
0.27870800 509.93038940
0.27585797 510.08279419
0.27170168 510.23519897
0.26849540 510.38760376
0.26255787 510.54000854
0.26113288 510.69241333
0.26338912 510.84478760
0.26790166 510.99719238
0.27087042 511.14959717
0.27205795 511.30200195
0.27182045 511.45440674
0.27087042 511.60681152
0.27051418 511.75918579
0.27288920 511.91159058
0.27752047 512.06402588
0.28096425 512.21636963
0.28120175 512.36877441
0.27704546 512.52117920
0.27003917 512.67358398
0.26315165 512.82598877
0.25863912 512.97839355
0.25614533 513.13079834
0.25852035 513.28320312
0.26160789 513.43560791
0.26481416 513.58801270
0.27027668 513.74041748
0.27419547 513.89282227
0.27680796 514.04522705
0.28013300 514.19757080
0.28286426 514.34997559
0.28512054 514.50238037
0.28749553 514.65478516
0.28690178 514.80718994
0.28702055 514.95959473
0.28215174 515.11199951
0.27858923 515.26440430
0.27562046 515.41680908
0.26956416 515.56921387
0.26790166 515.72161865
0.26445788 515.87402344
0.26255787 516.02642822
0.26422041 516.17877197
0.26718918 516.33117676
0.27645172 516.48358154
0.28250802 516.63598633
0.28797054 516.78839111
0.29117681 516.94079590
0.29117681 517.09320068
0.29141431 517.24560547
0.29319559 517.39801025
0.29283931 517.55041504
0.29367056 517.70281982
0.29438308 517.85522461
0.29367056 518.00762939
0.29497683 518.15997314
0.29378933 518.31237793
0.29105807 518.46478271
0.29058306 518.61718750
0.28868305 518.76959229
0.28725802 518.92199707
0.27989549 519.07440186
0.27478921 519.22680664
0.27075169 519.37921143
0.26968293 519.53161621
0.27193918 519.68402100
0.27253296 519.83642578
0.27657049 519.98876953
0.27597670 520.14117432
0.27372046 520.29357910
0.27193918 520.44598389
0.26778292 520.59838867
0.26327039 520.75079346
0.26208290 520.90319824
0.26125161 521.05560303
0.26137038 521.20800781
0.26208290 521.36041260
0.26267664 521.51281738
0.26410164 521.66522217
0.26362663 521.81762695
0.26505166 521.96997070
0.26600165 522.12237549
0.26540790 522.27478027
0.26457665 522.42718506
0.26374540 522.57958984
0.26160789 522.73199463
0.26398291 522.88439941
0.26291415 523.03680420
0.25852035 523.18920898
0.28405179 523.34161377
0.30602067 523.49401855
0.33345208 523.64642334
0.39080869 523.79882812
0.44448401 523.95117188
0.47773421 524.10357666
0.50635315 524.25598145
0.50160311 524.40838623
0.47975296 524.56079102
0.46051540 524.71319580
0.40090247 524.86560059
0.38237736 525.01800537
0.33000830 525.17041016
0.30008311 525.32281494
0.24391403 525.47521973
0.22218265 525.62762451
0.17753235 525.78002930
0.17313859 525.93237305
0.16090725 526.08477783
0.15354469 526.23718262
0.15176345 526.38958740
0.15247593 526.54199219
0.15758225 526.69439697
0.16126349 526.84680176
0.16672605 526.99920654
0.17195106 527.15161133
0.18073863 527.30401611
0.18418240 527.45642090
0.19581996 527.60882568
0.20389501 527.76123047
0.20769506 527.91357422
0.21173258 528.06597900
0.21672009 528.21838379
0.22087638 528.37078857
0.22562639 528.52319336
0.23595772 528.67559814
0.24260777 528.82800293
0.24533903 528.98040771
0.24937655 529.13281250
0.25270159 529.28521729
0.25317657 529.43762207
0.25305783 529.59002686
0.25293906 529.74237061
0.25353284 529.89477539
0.25436409 530.04718018
0.25555158 530.19958496
0.25662034 530.35198975
0.25840162 530.50439453
0.26255787 530.65679932
0.26552664 530.80920410
0.27360172 530.96160889
0.28025173 531.11401367
0.28654554 531.26641846
0.29165182 531.41882324
0.29497683 531.57122803
0.29913312 531.72357178
0.30293314 531.87597656
0.30032061 532.02838135
0.30138937 532.18078613
0.29996437 532.33319092
0.29426434 532.48559570
0.29129558 532.63800049
0.28440803 532.79040527
0.28155800 532.94281006
0.27847049 533.09521484
0.27882673 533.24761963
0.28072674 533.40002441
0.28262675 533.55242920
0.28797054 533.70477295
0.29497683 533.85717773
0.29735185 534.00958252
0.30032061 534.16198730
0.28333927 534.31439209
0.24462651 534.46679688
0.21980763 534.61920166
0.19320743 534.77160645
0.17812610 534.92401123
0.17373234 535.07641602
0.16791354 535.22882080
0.17230730 535.38122559
0.17812610 535.53363037
0.18026361 535.68597412
0.18263863 535.83837891
0.18418240 535.99078369
0.18810115 536.14318848
0.19106992 536.29559326
0.19178244 536.44799805
0.19653248 536.60040283
0.19771997 536.75280762
0.19712622 536.90521240
0.19807624 537.05761719
0.20163876 537.21002197
0.20662630 537.36242676
0.21102006 537.51477051
0.21529509 537.66717529
0.21743261 537.81958008
0.21909511 537.97198486
0.22123262 538.12438965
0.22325140 538.27679443
0.22633890 538.42919922
0.22764517 538.58160400
0.22990142 538.73400879
0.23500770 538.88641357
0.23667023 539.03881836
0.23726398 539.19122314
0.23583898 539.34362793
0.23227644 539.49597168
0.22812018 539.64837646
0.22432016 539.80078125
0.22242012 539.95318604
0.22384515 540.10559082
0.22598266 540.25799561
0.22847642 540.41040039
0.22883266 540.56280518
0.23049520 540.71520996
0.23227644 540.86761475
0.23334519 541.02001953
0.23857024 541.17242432
0.23999524 541.32482910
0.24272650 541.47717285
0.24438900 541.62957764
0.25103905 541.78198242
0.24890154 541.93438721
0.24961405 542.08679199
0.24676402 542.23919678
0.24082649 542.39160156
0.23643273 542.54400635
0.23215770 542.69641113
0.22491391 542.84881592
0.22135139 543.00122070
0.22040137 543.15362549
0.22230138 543.30603027
0.22455763 543.45837402
0.22622017 543.61077881
0.22728893 543.76318359
0.22645767 543.91558838
0.22491391 544.06799316
0.22455763 544.22039795
0.22432016 544.37280273
0.22610140 544.52520752
0.23013892 544.67761230
0.23013892 544.83001709
0.23049520 544.98242188
0.23275145 545.13482666
0.23298895 545.28717041
0.23524520 545.43957520
0.23667023 545.59197998
0.23868898 545.74438477
0.24082649 545.89678955
0.23025769 546.04919434
0.22693265 546.20159912
0.22657641 546.35400391
0.22574516 546.50640869
0.22764517 546.65881348
0.22859519 546.81121826
0.23002019 546.96362305
0.24498278 547.11602783
0.22859519 547.26837158
0.19724499 547.42077637
0.17408858 547.57318115
0.12777578 547.72558594
0.08395676 547.87799072
0.04773779 548.03039551
0.02553140 548.18280029
0.00130626 548.33520508
0.00000000 548.48760986
0.00403752 548.64001465
0.02481890 548.79241943
0.03883149 548.94482422
0.05498159 549.09722900
0.08229426 549.24957275
0.09167558 549.40197754
0.09844437 549.55438232
0.10509442 549.70678711
0.11506947 549.85919189
0.12053199 550.01159668
0.12207576 550.16400146
0.12492579 550.31640625
0.12528203 550.46881104
0.12551953 550.62121582
0.12528203 550.77362061
0.12575704 550.92602539
0.12623205 551.07843018
0.13395082 551.23077393
0.13727586 551.38317871
0.14226337 551.53558350
0.15306971 551.68798828
0.16316350 551.84039307
0.17052607 551.99279785
0.18014488 552.14520264
0.18335115 552.29760742
0.18465741 552.45001221
0.18643865 552.60241699
0.19083245 552.75482178
0.19486997 552.90722656
0.19736373 553.05957031
0.20140125 553.21197510
0.20413251 553.36437988
0.20698254 553.51678467
0.20971380 553.66918945
0.21173258 553.82159424
0.21410756 553.97399902
0.21446384 554.12640381
0.21482008 554.27880859
0.21529509 554.43121338
0.21422634 554.58361816
0.21375132 554.73602295
0.21256383 554.88842773
0.21208882 555.04077148
0.21090133 555.19317627
0.21244506 555.34558105
0.21327631 555.49798584
0.21683886 555.65039062
0.22681391 555.80279541
0.23809523 555.95520020
0.24842656 556.10760498
0.25507657 556.26000977
0.26232037 556.41241455
0.26315165 556.56481934
0.26433915 556.71722412
0.26445788 556.86962891
0.26469539 557.02197266
0.26754542 557.17437744
0.27015794 557.32678223
0.27692673 557.47918701
0.27906424 557.63159180
0.28737679 557.78399658
0.29485809 557.93640137
0.29889561 558.08880615
0.30471441 558.24121094
0.30388316 558.39361572
0.29984560 558.54602051
0.29236434 558.69842529
0.28607053 558.85083008
0.28120175 559.00317383
0.28072674 559.15557861
0.28179550 559.30798340
0.28155800 559.46038818
0.28250802 559.61279297
0.28167677 559.76519775
0.28060801 559.91760254
0.28013300 560.07000732
0.27965799 560.22241211
0.28060801 560.37481689
0.28333927 560.52722168
0.28773303 560.67962646
0.28880179 560.83197021
0.29093930 560.98437500
0.29224557 561.13677979
0.29402684 561.28918457
0.29972687 561.44158936
0.30008311 561.59399414
0.30127063 561.74639893
0.29901435 561.89880371
0.29806436 562.05120850
0.29687683 562.20361328
0.29295808 562.35601807
0.29165182 562.50842285
0.28856428 562.66082764
0.28725802 562.81317139
0.28998932 562.96557617
0.29272058 563.11798096
0.22491391 563.27038574
0.18620115 563.42279053
0.15520723 563.57519531
0.13264456 563.72760010
0.12480702 563.88000488
0.11910699 564.03240967
0.13870086 564.18481445
0.15544473 564.33721924
0.17111981 564.48962402
0.18168861 564.64202881
0.19641371 564.79437256
0.20318252 564.94677734
0.21054505 565.09918213
0.21185132 565.25158691
0.21066382 565.40399170
0.21280134 565.55639648
0.21636385 565.70880127
0.22016387 565.86120605
0.22301390 566.01361084
0.22515141 566.16601562
0.22503264 566.31842041
0.22455763 566.47082520
0.22420139 566.62322998
0.22384515 566.77557373
0.22455763 566.92797852
0.22479514 567.08038330
0.22467640 567.23278809
0.22455763 567.38519287
0.22443890 567.53759766
0.22432016 567.69000244
0.22396388 567.84240723
0.22550765 567.99481201
0.22610140 568.14721680
0.22823891 568.29962158
0.22978268 568.45202637
0.23132645 568.60437012
0.23322646 568.75677490
0.23465145 568.90917969
0.23500770 569.06158447
0.23239521 569.21398926
0.23049520 569.36639404
0.22764517 569.51879883
0.22681391 569.67120361
0.22657641 569.82360840
0.22633890 569.97601318
0.22883266 570.12841797
0.23097017 570.28082275
0.23370147 570.43322754
0.23488896 570.58557129
0.23500770 570.73797607
0.23548271 570.89038086
0.23667023 571.04278564
0.23833274 571.19519043
0.24070776 571.34759521
0.24296401 571.50000000
0.24700153 571.65240479
0.24925781 571.80480957
0.25448283 571.95721436
0.25400782 572.10961914
0.25365158 572.26202393
0.25329534 572.41442871
0.25163283 572.56677246
0.25353284 572.71917725
0.25424532 572.87158203
0.25804534 573.02398682
0.26053913 573.17639160
0.26374540 573.32879639
0.26576414 573.48120117
0.26825793 573.63360596
0.26837667 573.78601074
0.26813916 573.93841553
0.26707041 574.09082031
0.26457665 574.24322510
0.26659540 574.39562988
0.26908919 574.54797363
0.27051418 574.70037842
0.27336421 574.85278320
0.27455171 575.00518799
0.27538296 575.15759277
0.27740174 575.30999756
0.27799548 575.46240234
0.27918298 575.61480713
0.28084551 575.76721191
0.27609547 575.91961670
0.27241419 576.07202148
0.27063292 576.22442627
0.26968293 576.37677002
0.27348295 576.52917480
0.28797054 576.68157959
0.28618926 576.83398438
0.28048924 576.98638916
0.24605154 577.13879395
0.20840754 577.29119873
0.18394490 577.44360352
0.12266950 577.59600830
0.09096307 577.74841309
0.07588172 577.90081787
0.07208170 578.05322266
0.06804418 578.20562744
0.07326921 578.35797119
0.08027550 578.51037598
0.08609428 578.66278076
0.09951312 578.81518555
0.11115068 578.96759033
0.12195702 579.11999512
0.12920082 579.27239990
0.13216958 579.42480469
0.13193208 579.57720947
0.13216958 579.72961426
0.13193208 579.88201904
0.13181331 580.03442383
0.13549459 580.18682861
0.14250088 580.33917236
0.14879468 580.49157715
0.15793849 580.64398193
0.17064480 580.79638672
0.18631992 580.94879150
0.20733878 581.10119629
0.21149508 581.25360107
0.21422634 581.40600586
0.21541383 581.55841064
0.22099512 581.71081543
0.22182637 581.86322021
0.22158886 582.01562500
0.22242012 582.16802979
0.22182637 582.32037354
0.21897637 582.47277832
0.21838259 582.62518311
0.21612634 582.77758789
0.21683886 582.92999268
0.22052011 583.08239746
0.22313263 583.23480225
0.22693265 583.38720703
0.23346396 583.53961182
0.23595772 583.69201660
0.24130150 583.84442139
0.24807029 583.99682617
0.25139533 584.14916992
0.25887663 584.30157471
0.26018285 584.45397949
0.26350790 584.60638428
0.26232037 584.75878906
0.26148912 584.91119385
0.25733286 585.06359863
0.25222658 585.21600342
0.24913904 585.36840820
0.24807029 585.52081299
0.24700153 585.67321777
0.24783278 585.82562256
0.24878280 585.97802734
0.24890154 586.13037109
0.24842656 586.28277588
0.24818906 586.43518066
0.24783278 586.58758545
0.24783278 586.73999023
0.24700153 586.89239502
0.24830779 587.04479980
0.24890154 587.19720459
0.24961405 587.34960938
0.25103905 587.50201416
0.25056408 587.65441895
0.25032657 587.80682373
0.24902031 587.95922852
0.24783278 588.11157227
0.24688279 588.26397705
0.24569527 588.41638184
0.24617028 588.56878662
0.24759527 588.72119141
0.25008906 588.87359619
0.25032657 589.02600098
0.25068281 589.17840576
0.25151406 589.33081055
0.25175157 589.48321533
0.25258282 589.63562012
0.25151406 589.78802490
0.25020780 589.94042969
0.24854530 590.09277344
0.24913904 590.24517822
0.25115782 590.39758301
0.25246408 590.54998779
0.25804534 590.70239258
0.25875786 590.85479736
0.26113288 591.00720215
0.26422041 591.15960693
0.26006412 591.31201172
0.24605154 591.46441650
0.17955113 591.61682129
0.15508846 591.76922607
0.14321339 591.92156982
0.14024463 592.07397461
0.14060087 592.22637939
0.14095711 592.37878418
0.14511340 592.53118896
0.15021968 592.68359375
0.15520723 592.83599854
0.15698846 592.98840332
0.16328227 593.14080811
0.16874479 593.29321289
0.17373234 593.44561768
0.17943236 593.59802246
0.18572617 593.75042725
0.18620115 593.90277100
0.18608241 594.05517578
0.18774491 594.20758057
0.18821993 594.35998535
0.18881367 594.51239014
0.19047617 594.66479492
0.19190121 594.81719971
0.19356371 594.96960449
0.19653248 595.12200928
0.19855122 595.27441406
0.19973875 595.42681885
0.20223250 595.57922363
0.20187626 595.73162842
0.20187626 595.88397217
0.20579501 596.03637695
0.20710128 596.18878174
0.21292007 596.34118652
0.21541383 596.49359131
0.21814512 596.64599609
0.21778885 596.79840088
0.21398883 596.95080566
0.21220756 597.10321045
0.20947630 597.25561523
0.20817003 597.40802002
0.20745755 597.56042480
0.20638880 597.71282959
0.20496376 597.86517334
0.20413251 598.01757812
0.20318252 598.16998291
0.20235127 598.32238770
0.20235127 598.47479248
0.20353876 598.62719727
0.20662630 598.77960205
0.20864504 598.93200684
0.21030755 599.08441162
0.21185132 599.23681641
0.21446384 599.38922119
0.21577010 599.54162598
0.21945135 599.69396973
0.22182637 599.84637451
0.22206388 599.99877930
0.22337014 600.15118408
0.22503264 600.30358887
0.22574516 600.45599365
0.23500770 600.60839844
0.23500770 600.76080322
0.23548271 600.91320801
0.23857024 601.06561279
0.24165774 601.21801758
0.23678897 601.37042236
0.20864504 601.52282715
0.17135732 601.67517090
0.12848830 601.82757568
0.09120057 601.97998047
0.07196295 602.13238525
0.04405653 602.28479004
0.02624392 602.43719482
0.01769386 602.58959961
0.02149388 602.74200439
0.03170644 602.89440918
0.04726280 603.04681396
0.06400665 603.19921875
0.08003799 603.35162354
0.09262557 603.50402832
0.10889443 603.65637207
0.11435695 603.80877686
0.11780073 603.96118164
0.12136324 604.11358643
0.12433201 604.26599121
0.12575704 604.41839600
0.12825079 604.57080078
0.13050704 604.72320557
0.13596960 604.87561035
0.14938843 605.02801514
0.16494478 605.18041992
0.17444482 605.33282471
0.18382613 605.48522949
0.19403872 605.63757324
0.19724499 605.78997803
0.20413251 605.94238281
0.20460752 606.09478760
0.20971380 606.24719238
0.21933262 606.39959717
0.22230138 606.55200195
0.22717016 606.70440674
0.23287018 606.85681152
0.23453272 607.00921631
0.23583898 607.16162109
0.23904525 607.31402588
0.23928272 607.46636963
0.23868898 607.61877441
0.23643273 607.77117920
0.23655146 607.92358398
0.23619522 608.07598877
0.23595772 608.22839355
0.23607645 608.38079834
0.23477023 608.53320312
0.23536397 608.68560791
0.23465145 608.83801270
0.23097017 608.99041748
0.23132645 609.14282227
0.23215770 609.29522705
0.23393894 609.44757080
0.23524520 609.59997559
0.23572021 609.75238037
0.23405771 609.90478516
0.23156395 610.05718994
0.22823891 610.20959473
0.22443890 610.36199951
0.22360764 610.51440430
0.22242012 610.66680908
0.22384515 610.81921387
0.22705142 610.97161865
0.23085144 611.12402344
0.23880775 611.27642822
0.24557653 611.42877197
0.24997029 611.58117676
0.25650161 611.73358154
0.26089537 611.88598633
0.26457665 612.03839111
0.26564541 612.19079590
0.26635789 612.34320068
0.26873291 612.49560547
0.27051418 612.64801025
0.27063292 612.80041504
0.27122670 612.95281982
0.26813916 613.10522461
0.26232037 613.25762939
0.26018285 613.40997314
0.25495784 613.56237793
0.25305783 613.71478271
0.25175157 613.86718750
0.24842656 614.01959229
0.24213275 614.17199707
0.23453272 614.32440186
0.22990142 614.47680664
0.22491391 614.62921143
0.22657641 614.78161621
0.22990142 614.93402100
0.23524520 615.08642578
0.23928272 615.23876953
0.24343902 615.39117432
0.24462651 615.54357910
0.24985156 615.69598389
0.25911410 615.84838867
0.26362663 616.00079346
0.26766415 616.15319824
0.27098919 616.30560303
0.27075169 616.45800781
0.26825793 616.61041260
0.26730791 616.76281738
0.26279538 616.91522217
0.26208290 617.06762695
0.26125161 617.21997070
0.25792660 617.37237549
0.25365158 617.52478027
0.24498278 617.67718506
0.23940149 617.82958984
0.23868898 617.98199463
0.23750149 618.13439941
0.23500770 618.28680420
0.23322646 618.43920898
0.23263271 618.59161377
0.22574516 618.74401855
0.15805722 618.89642334
0.13870086 619.04882812
0.12195702 619.20117188
0.11411945 619.35357666
0.11126945 619.50598145
0.11756322 619.65838623
0.12789455 619.81079102
0.15675096 619.96319580
0.18109487 620.11560059
0.19451370 620.26800537
0.20912006 620.42041016
0.21410756 620.57281494
0.21778885 620.72521973
0.21612634 620.87762451
0.19783874 621.03002930
0.18441991 621.18237305
0.18548867 621.33477783
0.18655742 621.48718262
0.18798242 621.63958740
0.18869494 621.79199219
0.18916991 621.94439697
0.19047617 622.09680176
0.19118869 622.24920654
0.19391995 622.40161133
0.19534495 622.55401611
0.20318252 622.70642090
0.20710128 622.85882568
0.21232633 623.01123047
0.21778885 623.16357422
0.22301390 623.31597900
0.23073270 623.46838379
0.23477023 623.62078857
0.23132645 623.77319336
0.22669514 623.92559814
0.22372638 624.07800293
0.21802635 624.23040771
0.21517632 624.38281250
0.21422634 624.53521729
0.21375132 624.68762207
0.21422634 624.84002686
0.21446384 624.99237061
0.21434507 625.14477539
0.21363259 625.29718018
0.21470135 625.44958496
0.21541383 625.60198975
0.21731384 625.75439453
0.22147013 625.90679932
0.22158886 626.05920410
0.22325140 626.21160889
0.22206388 626.36401367
0.22123262 626.51641846
0.21933262 626.66882324
0.22123262 626.82122803
0.22408265 626.97357178
0.23631396 627.12597656
0.24118277 627.27838135
0.24474528 627.43078613
0.25175157 627.58319092
0.25198907 627.73559570
0.25567036 627.88800049
0.25590783 628.04040527
0.25662034 628.19281006
0.25483907 628.34521484
0.25246408 628.49761963
0.25044531 628.65002441
0.24581404 628.80242920
0.24213275 628.95477295
0.23857024 629.10717773
0.23797650 629.25958252
0.23726398 629.41198730
0.24735780 629.56439209
0.24545776 629.71679688
0.24723903 629.86920166
0.24676402 630.02160645
0.22432016 630.17401123
0.20591378 630.32641602
0.16577603 630.47882080
0.13834462 630.63122559
0.12682580 630.78363037
0.11673197 630.93597412
0.09215056 631.08837891
0.08799430 631.24078369
0.09001305 631.39318848
0.09951312 631.54559326
0.10782568 631.69799805
0.11400071 631.85040283
0.12765705 632.00280762
0.13406959 632.15521240
0.13632584 632.30761719
0.13751337 632.46002197
0.13585083 632.61242676
0.13454460 632.76477051
0.13917587 632.91717529
0.15983850 633.06958008
0.18240113 633.22198486
0.20318252 633.37438965
0.22562639 633.52679443
0.23120768 633.67919922
0.23405771 633.83160400
0.24284527 633.98400879
0.24866403 634.13641357
0.25305783 634.28881836
0.25436409 634.44122314
0.25519534 634.59362793
0.25293906 634.74597168
0.24854530 634.89837646
0.24510152 635.05078125
0.23809523 635.20318604
0.23287018 635.35559082
0.22871392 635.50799561
0.22942644 635.66040039
0.23085144 635.81280518
0.23334519 635.96520996
0.23203893 636.11761475
0.23215770 636.27001953
0.23097017 636.42242432
0.22812018 636.57482910
0.22610140 636.72717285
0.23192019 636.87957764
0.23488896 637.03198242
0.23952023 637.18438721
0.24189525 637.33679199
0.24403276 637.48919678
0.24735780 637.64160156
0.24320151 637.79400635
0.24118277 637.94641113
0.23702647 638.09881592
0.23203893 638.25122070
0.23192019 638.40362549
0.22966395 638.55603027
0.23168269 638.70837402
0.23203893 638.86077881
0.23310769 639.01318359
0.23488896 639.16558838
0.23572021 639.31799316
0.23762022 639.47039795
0.23857024 639.62280273
0.23928272 639.77520752
0.23963900 639.92761230
0.23975773 640.08001709
0.24153901 640.23242188
0.24165774 640.38482666
0.24248899 640.53717041
0.24450777 640.68957520
0.24759527 640.84197998
0.24902031 640.99438477
0.25222658 641.14678955
0.25483907 641.29919434
0.25567036 641.45159912
0.25697658 641.60400391
0.25448283 641.75640869
0.26042036 641.90881348
0.26469539 642.06121826
0.27134544 642.21362305
0.27455171 642.36602783
0.27775798 642.51837158
0.27847049 642.67077637
0.27728297 642.82318115
0.27918298 642.97558594
0.28120175 643.12799072
0.28179550 643.28039551
0.28322050 643.43280029
0.28512054 643.58520508
0.28381428 643.73760986
0.27989549 643.89001465
0.27455171 644.04241943
0.26683290 644.19482422
0.25709535 644.34722900
0.24997029 644.49957275
0.24723903 644.65197754
0.24688279 644.80438232
0.24759527 644.95678711
0.24795155 645.10919189
0.24902031 645.26159668
0.25246408 645.41400146
0.25436409 645.56640625
0.25792660 645.71881104
0.26065786 645.87121582
0.27015794 646.02362061
0.28108298 646.17602539
0.29141431 646.32843018
0.29473932 646.48077393
0.29901435 646.63317871
0.30305187 646.78558350
0.30388316 646.93798828
0.31290819 647.09039307
0.28618926 647.24279785
0.29129558 647.39520264
0.29129558 647.54760742
0.29462059 647.70001221
0.29367056 647.85241699
0.30340815 648.00482178
0.27847049 648.15722656
0.24937655 648.30957031
0.22883266 648.46197510
0.19914500 648.61437988
0.18287614 648.76678467
0.16423226 648.91918945
0.16268853 649.07159424
0.16648854 649.22399902
0.18311365 649.37640381
0.20377627 649.52880859
0.22610140 649.68121338
0.22669514 649.83361816
0.22764517 649.98602295
0.23085144 650.13842773
0.23417644 650.29077148
0.23797650 650.44317627
0.24011401 650.59558105
0.24272650 650.74798584
0.24153901 650.90039062
0.24237026 651.05279541
0.24201402 651.20520020
0.23690774 651.35760498
0.23987650 651.51000977
0.23963900 651.66241455
0.23892648 651.81481934
0.24011401 651.96722412
0.23655146 652.11962891
0.23168269 652.27197266
0.23049520 652.42437744
0.22633890 652.57678223
0.22764517 652.72918701
0.22954517 652.88159180
0.23073270 653.03399658
0.23227644 653.18640137
0.23085144 653.33880615
0.22895143 653.49121094
0.22527015 653.64361572
0.22598266 653.79602051
0.22657641 653.94842529
0.22788267 654.10083008
0.23120768 654.25317383
0.23334519 654.40557861
0.23572021 654.55798340
0.23987650 654.71038818
0.23999524 654.86279297
0.23987650 655.01519775
0.23940149 655.16760254
0.24023275 655.32000732
0.24272650 655.47241211
0.24450777 655.62481689
0.24700153 655.77722168
0.25068281 655.92962646
0.25115782 656.08197021
0.25590783 656.23437500
0.25899536 656.38677979
0.25970788 656.53918457
0.25935160 656.69158936
0.25673911 656.84399414
0.25365158 656.99639893
0.25080155 657.14880371
0.24617028 657.30120850
0.24438900 657.45361328
0.24237026 657.60601807
0.23904525 657.75842285
0.23940149 657.91082764
0.24023275 658.06317139
0.24391403 658.21557617
0.24486401 658.36798096
0.24438900 658.52038574
0.24533903 658.67279053
0.24498278 658.82519531
0.24522029 658.97760010
0.24973279 659.13000488
0.25234531 659.28240967
0.25543285 659.43481445
0.25662034 659.58721924
0.27027668 659.73962402
0.26885168 659.89202881
0.26695167 660.04437256
0.25282032 660.19677734
0.23334519 660.34918213
0.20805130 660.50158691
0.17931363 660.65399170
0.17491983 660.80639648
0.17040730 660.95880127
0.16601353 661.11120605
0.16185724 661.26361084
0.15580097 661.41601562
0.14879468 661.56842041
0.14998218 661.72082520
0.15105093 661.87322998
0.15235720 662.02557373
0.15520723 662.17797852
0.15686973 662.33038330
0.15841350 662.48278809
0.15912598 662.63519287
0.16031351 662.78759766
0.17064480 662.94000244
0.18370739 663.09240723
0.19391995 663.24481201
0.20793253 663.39721680
0.21980763 663.54962158
0.23393894 663.70202637
0.23667023 663.85437012
0.24153901 664.00677490
0.24260777 664.15917969
0.24142024 664.31158447
0.24130150 664.46398926
0.24177651 664.61639404
0.24771404 664.76879883
0.24997029 664.92120361
0.25531408 665.07360840
0.25424532 665.22601318
0.25365158 665.37841797
0.25175157 665.53082275
0.25020780 665.68322754
0.24949532 665.83557129
0.24902031 665.98797607
0.24759527 666.14038086
0.24723903 666.29278564
0.24545776 666.44519043
0.24177651 666.59759521
0.23892648 666.75000000
0.23560148 666.90240479
0.23382020 667.05480957
0.23382020 667.20721436
0.23358270 667.35961914
0.23726398 667.51202393
0.24225152 667.66442871
0.24878280 667.81677246
0.25092032 667.96917725
0.25210781 668.12158203
0.25353284 668.27398682
0.25424532 668.42639160
0.25305783 668.57879639
0.25828285 668.73120117
0.26184539 668.88360596
0.26766415 669.03601074
0.27372046 669.18841553
0.27858923 669.34082031
0.27728297 669.49322510
0.27716423 669.64562988
0.27657049 669.79797363
0.27490795 669.95037842
0.27419547 670.10278320
0.27455171 670.25518799
0.27455171 670.40759277
0.27799548 670.55999756
0.28060801 670.71240234
0.28417052 670.86480713
0.28678305 671.01721191
0.28903929 671.16961670
0.28963304 671.32202148
0.28666427 671.47442627
0.28060801 671.62677002
0.27538296 671.77917480
0.27087042 671.93157959
0.26707041 672.08398438
0.26469539 672.23638916
0.25982661 672.38879395
0.25757036 672.54119873
0.25519534 672.69360352
0.25080155 672.84600830
0.24700153 672.99841309
0.24391403 673.15081787
0.24355775 673.30322266
0.24213275 673.45562744
0.24177651 673.60797119
0.24106400 673.76037598
0.23975773 673.91278076
0.23845147 674.06518555
0.23726398 674.21759033
0.23643273 674.36999512
0.23595772 674.52239990
0.23904525 674.67480469
0.24142024 674.82720947
0.24498278 674.97961426
0.24878280 675.13201904
0.25044531 675.28442383
0.25115782 675.43682861
0.25151406 675.58917236
0.25151406 675.74157715
0.25317657 675.89398193
0.25388908 676.04638672
0.25436409 676.19879150
0.25412659 676.35119629
0.23952023 676.50360107
0.22372638 676.65600586
0.20389501 676.80841064
0.19166370 676.96081543
0.18453864 677.11322021
0.17218857 677.26562500
0.16161977 677.41802979
0.15829473 677.57037354
0.14641966 677.72277832
0.15342595 677.87518311
0.16862606 678.02758789
0.18121364 678.17999268
0.21339508 678.33239746
0.21980763 678.48480225
0.22301390 678.63720703
0.22622017 678.78961182
0.23180146 678.94201660
0.23963900 679.09442139
0.24617028 679.24682617
0.25056408 679.39916992
0.25258282 679.55157471
0.25935160 679.70397949
0.26457665 679.85638428
0.26754542 680.00878906
0.27051418 680.16119385
0.26992044 680.31359863
0.26612042 680.46600342
0.26255787 680.61840820
0.25519534 680.77081299
0.24890154 680.92321777
0.24367652 681.07562256
0.24237026 681.22802734
0.23892648 681.38037109
0.23904525 681.53277588
0.24391403 681.68518066
0.24522029 681.83758545
0.24712030 681.98999023
0.24807029 682.14239502
0.24913904 682.29479980
0.25175157 682.44720459
0.25531408 682.59960938
0.25768910 682.75201416
0.26030162 682.90441895
0.26493289 683.05682373
0.26528913 683.20922852
0.26410164 683.36157227
0.26338912 683.51397705
0.26184539 683.66638184
0.26184539 683.81878662
0.26374540 683.97119141
0.26469539 684.12359619
0.26683290 684.27600098
0.26908919 684.42840576
0.27027668 684.58081055
0.27122670 684.73321533
0.27098919 684.88562012
0.27110793 685.03802490
0.26861418 685.19042969
0.26148912 685.34277344
0.25650161 685.49517822
0.25068281 685.64758301
0.24723903 685.79998779
0.24284527 685.95239258
0.23975773 686.10479736
0.23334519 686.25720215
0.23358270 686.40960693
0.23310769 686.56201172
0.23322646 686.71441650
0.23287018 686.86682129
0.23180146 687.01922607
0.23002019 687.17156982
0.22883266 687.32397461
0.22835768 687.47637939
0.22788267 687.62878418
0.22930767 687.78118896
0.23132645 687.93359375
0.23358270 688.08599854
0.23536397 688.23840332
0.23702647 688.39080811
0.23583898 688.54321289
0.23690774 688.69561768
0.23667023 688.84802246
0.23631396 689.00042725
0.23821397 689.15277100
0.23845147 689.30517578
0.23904525 689.45758057
0.23904525 689.60998535
0.23857024 689.76239014
0.24201402 689.91479492
0.24605154 690.06719971
0.24949532 690.21960449
0.25317657 690.37200928
0.25709535 690.52441406
0.29830187 690.67681885
0.32169575 690.82922363
0.35601471 690.98162842
0.36682102 691.13397217
0.37085854 691.28637695
0.37216480 691.43878174
0.35708347 691.59118652
0.33808335 691.74359131
0.31991448 691.89599609
0.27965799 692.04840088
0.25994538 692.20080566
0.22586389 692.35321045
0.19902623 692.50561523
0.16375728 692.65802002
0.14475716 692.81042480
0.14095711 692.96282959
0.13323834 693.11517334
0.13015080 693.26757812
0.12563827 693.41998291
0.12243200 693.57238770
0.11970074 693.72479248
0.11791946 693.87719727
0.11839448 694.02960205
0.12338202 694.18200684
0.14107588 694.33441162
0.15627598 694.48681641
0.17111981 694.63922119
0.18133237 694.79162598
0.18928868 694.94396973
0.19320743 695.09637451
0.19403872 695.24877930
0.19344494 695.40118408
0.19712622 695.55358887
0.19926374 695.70599365
0.20591378 695.85839844
0.21885760 696.01080322
0.22645767 696.16320801
0.23477023 696.31561279
0.24165774 696.46801758
0.24343902 696.62042236
0.24130150 696.77282715
0.23714521 696.92517090
0.23168269 697.07757568
0.23156395 697.22998047
0.22871392 697.38238525
0.22930767 697.53479004
0.23251394 697.68719482
0.23892648 697.83959961
0.24296401 697.99200439
0.24985156 698.14440918
0.25151406 698.29681396
0.25341407 698.44921875
0.25650161 698.60162354
0.25697658 698.75402832
0.25947037 698.90637207
0.25685785 699.05877686
0.25151406 699.21118164
0.24688279 699.36358643
0.24450777 699.51599121
0.23845147 699.66839600
0.23857024 699.82080078
0.24047025 699.97320557
0.23750149 700.12561035
0.23797650 700.27801514
0.23773899 700.43041992
0.23845147 700.58282471
0.24094526 700.73522949
0.24106400 700.88757324
0.24165774 701.03997803
0.24070776 701.19238281
0.23999524 701.34478760
0.23726398 701.49719238
0.23548271 701.64959717
0.23500770 701.80200195
0.23405771 701.95440674
0.23631396 702.10681152
0.23975773 702.25921631
0.24510152 702.41162109
0.25198907 702.56402588
0.25970788 702.71636963
0.26778292 702.86877441
0.27027668 703.02117920
0.27645172 703.17358398
0.27514545 703.32598877
0.27668922 703.47839355
0.27455171 703.63079834
0.26992044 703.78320312
0.24866403 703.93560791
0.22408265 704.08801270
0.20781379 704.24041748
0.20959507 704.39282227
0.21387009 704.54522705
0.22040137 704.69757080
0.23512647 704.84997559
0.25958911 705.00238037
0.26837667 705.15478516
0.28630803 705.30718994
0.29414557 705.45959473
0.27395796 705.61199951
0.27015794 705.76440430
0.23227644 705.91680908
0.20686377 706.06921387
0.18192612 706.22161865
0.15865097 706.37402344
0.15259470 706.52642822
0.15378219 706.67877197
0.16363851 706.83117676
0.17480109 706.98358154
0.17824487 707.13598633
0.18216362 707.28839111
0.18548867 707.44079590
0.18845743 707.59320068
0.19985748 707.74560547
0.20532004 707.89801025
0.21600761 708.05041504
0.21897637 708.20281982
0.22788267 708.35522461
0.23120768 708.50762939
0.22705142 708.65997314
0.22823891 708.81237793
0.22990142 708.96478271
0.22918893 709.11718750
0.22752643 709.26959229
0.22883266 709.42199707
0.22705142 709.57440186
0.23239521 709.72680664
0.23310769 709.87921143
0.23239521 710.03161621
0.23999524 710.18402100
0.23453272 710.33642578
0.23049520 710.48876953
0.22515141 710.64117432
0.22147013 710.79357910
0.21885760 710.94598389
0.21838259 711.09838867
0.21197005 711.25079346
0.21280134 711.40319824
0.21197005 711.55560303
0.21232633 711.70800781
0.21660136 711.86041260
0.22052011 712.01281738
0.22206388 712.16522217
0.22954517 712.31762695
0.22895143 712.46997070
0.22847642 712.62237549
0.22728893 712.77478027
0.22562639 712.92718506
0.22538892 713.07958984
0.22443890 713.23199463
0.22657641 713.38439941
0.22693265 713.53680420
0.22728893 713.68920898
0.22040137 713.84161377
0.21577010 713.99401855
0.21624508 714.14642334
0.21719510 714.29882812
0.22253889 714.45117188
0.22788267 714.60357666
0.23952023 714.75598145
0.24189525 714.90838623
0.26255787 715.06079102
0.27657049 715.21319580
0.29604558 715.36560059
0.31195820 715.51800537
0.34188337 715.67041016
0.36563353 715.82281494
0.39116493 715.97521973
0.37263982 716.12762451
0.34318963 716.28002930
0.30162687 716.43237305
0.24130150 716.58477783
0.20650753 716.73718262
0.17111981 716.88958740
0.14368840 717.04199219
0.13181331 717.19439697
0.12468828 717.34680176
0.10996319 717.49920654
0.10865693 717.65161133
0.10675692 717.80401611
0.10473814 717.95642090
0.10450063 718.10882568
0.10390689 718.26123047
0.10735066 718.41357422
0.10925067 718.56597900
0.12599455 718.71838379
0.13395082 718.87078857
0.14725092 719.02319336
0.15354469 719.17559814
0.16304477 719.32800293
0.17325733 719.48040771
0.18382613 719.63281250
0.19035744 719.78521729
0.20437002 719.93762207
0.20995131 720.09002686
0.22016387 720.24237061
0.22610140 720.39477539
0.22990142 720.54718018
0.23108894 720.69958496
0.23037643 720.85198975
0.22954517 721.00439453
0.22111389 721.15679932
0.21470135 721.30920410
0.20983257 721.46160889
0.19795747 721.61401367
0.19190121 721.76641846
0.19083245 721.91882324
0.18560740 722.07122803
0.19201994 722.22357178
0.19486997 722.37597656
0.19866999 722.52838135
0.20627002 722.68078613
0.20638880 722.83319092
0.20722005 722.98559570
0.20876382 723.13800049
0.21007004 723.29040527
0.21137630 723.44281006
0.21422634 723.59521484
0.21303881 723.74761963
0.21541383 723.90002441
0.21553260 724.05242920
0.21458258 724.20477295
0.20828880 724.35717773
0.20496376 724.50958252
0.20068873 724.66198730
0.19712622 724.81439209
0.19902623 724.96679688
0.20211377 725.11920166
0.20294502 725.27160645
0.20710128 725.42401123
0.20757629 725.57641602
0.20757629 725.72882080
0.20793253 725.88122559
0.20971380 726.03363037
0.21173258 726.18597412
0.21446384 726.33837891
0.21624508 726.49078369
0.21743261 726.64318848
0.21767011 726.79559326
0.20935756 726.94799805
0.20508253 727.10040283
0.20116375 727.25280762
0.20258874 727.40521240
0.20733878 727.55761719
0.21232633 727.71002197
0.21398883 727.86242676
0.22301390 728.01477051
0.22455763 728.16717529
0.22669514 728.31958008
0.22800141 728.47198486
0.22990142 728.62438965
0.23168269 728.77679443
0.22812018 728.92919922
0.22788267 729.08160400
0.22598266 729.23400879
0.22396388 729.38641357
0.22063888 729.53881836
0.22087638 729.69122314
0.22147013 729.84362793
0.21624508 729.99597168
0.20686377 730.14837646
0.20733878 730.30078125
0.20270751 730.45318604
0.19807624 730.60559082
0.20021376 730.75799561
0.20045126 730.91040039
0.19676998 731.06280518
0.19771997 731.21520996
0.20033249 731.36761475
0.19629497 731.52001953
0.19190121 731.67242432
0.17978860 731.82482910
0.15960099 731.97717285
0.14618216 732.12957764
0.13668212 732.28198242
0.13264456 732.43438721
0.13121956 732.58679199
0.13561336 732.73919678
0.14523214 732.89160156
0.15746348 733.04400635
0.16826978 733.19641113
0.17919486 733.34881592
0.19546372 733.50122070
0.21470135 733.65362549
0.23892648 733.80603027
0.24866403 733.95837402
0.21030755 734.11077881
0.17883862 734.26318359
0.14808217 734.41558838
0.13264456 734.56799316
0.12076950 734.72039795
0.11661324 734.87280273
0.11791946 735.02520752
0.12231326 735.17761230
0.13537585 735.33001709
0.14677591 735.48242188
0.15425720 735.63482666
0.16304477 735.78717041
0.16102599 735.93957520
0.15793849 736.09197998
0.16340101 736.24438477
0.16957604 736.39678955
0.17598859 736.54919434
0.18608241 736.70159912
0.18441991 736.85400391
0.18620115 737.00640869
0.19273246 737.15881348
0.19201994 737.31121826
0.19890750 737.46362305
0.20733878 737.61602783
0.21090133 737.76837158
0.22182637 737.92077637
0.21149508 738.07318115
0.20805130 738.22558594
0.20425128 738.37799072
0.20532004 738.53039551
0.20888255 738.68280029
0.20057000 738.83520508
0.20472626 738.98760986
0.19023867 739.14001465
0.17848238 739.29241943
0.18323238 739.44482422
0.18287614 739.59722900
0.19558245 739.74957275
0.20294502 739.90197754
0.20698254 740.05438232
0.22277639 740.20678711
0.22396388 740.35919189
0.22455763 740.51159668
0.22657641 740.66400146
0.22598266 740.81640625
0.22895143 740.96881104
0.22990142 741.12121582
0.21351382 741.27362061
0.20140125 741.42602539
0.19154493 741.57843018
0.19118869 741.73077393
0.18501365 741.88317871
0.19118869 742.03558350
0.20306375 742.18798828
0.20425128 742.34039307
0.21256383 742.49279785
0.21125757 742.64520264
0.20959507 742.79760742
0.20722005 742.95001221
0.20817003 743.10241699
0.20805130 743.25482178
0.20888255 743.40722656
0.21030755 743.55957031
0.20959507 743.71197510
0.21054505 743.86437988
0.19878873 744.01678467
0.18382613 744.16918945
0.18121364 744.32159424
0.17206983 744.47399902
0.17028856 744.62640381
0.16886356 744.77880859
0.16031351 744.93121338
0.20223250 745.08361816
0.20437002 745.23602295
0.20389501 745.38842773
0.20342003 745.54077148
0.20294502 745.69317627
0.20235127 745.84558105
0.20235127 745.99798584
0.25614533 746.15039062
0.27122670 746.30279541
0.26255787 746.45520020
0.27395796 746.60760498
0.27633298 746.76000977
0.27775798 746.91241455
0.28464553 747.06481934
0.28607053 747.21722412
0.29283931 747.36962891
0.30210188 747.52197266
0.31872699 747.67437744
0.32893955 747.82678223
0.33772711 747.97918701
0.36242726 748.13159180
0.35553970 748.28399658
0.30815815 748.43640137
0.27502672 748.58880615
0.24569527 748.74121094
0.21505759 748.89361572
0.20330126 749.04602051
0.16245102 749.19842529
0.14250088 749.35083008
0.12017575 749.50317383
0.12112574 749.65557861
0.12041325 749.80798340
0.12041325 749.96038818
0.12088827 750.11279297
0.13834462 750.26519775
0.14261965 750.41760254
0.15330722 750.57000732
0.16031351 750.72241211
0.16340101 750.87481689
0.19463247 751.02722168
0.20235127 751.17962646
0.21921388 751.33197021
0.21505759 751.48437500
0.21149508 751.63677979
0.20116375 751.78918457
0.19475120 751.94158936
0.18952619 752.09399414
0.18287614 752.24639893
0.18133237 752.39880371
0.18394490 752.55120850
0.18156988 752.70361328
0.18905118 752.85601807
0.18121364 753.00842285
0.17788860 753.16082764
0.17361357 753.31317139
0.17610736 753.46557617
0.18596364 753.61798096
0.19688872 753.77038574
0.21505759 753.92279053
0.22028264 754.07519531
0.22348887 754.22760010
0.22242012 754.38000488
0.21197005 754.53240967
0.20638880 754.68481445
0.19902623 754.83721924
0.18560740 754.98962402
0.18204489 755.14202881
0.17088231 755.29437256
0.16470727 755.44677734
0.19866999 755.59918213
0.20448879 755.75158691
0.19000120 755.90399170
0.18691366 756.05639648
0.19023867 756.20880127
0.19190121 756.36120605
0.19819498 756.51361084
0.20057000 756.66601562
0.20128252 756.81842041
0.20662630 756.97082520
0.19997625 757.12322998
0.19712622 757.27557373
0.19724499 757.42797852
0.19285119 757.58038330
0.19380122 757.73278809
0.18643865 757.88519287
0.17765109 758.03759766
0.19273246 758.19000244
0.22467640 758.34240723
0.22930767 758.49481201
0.22942644 758.64721680
0.21351382 758.79962158
0.21208882 758.95202637
0.19866999 759.10437012
0.19486997 759.25677490
0.19973875 759.40917969
0.19760123 759.56158447
0.20068873 759.71398926
0.20009499 759.86639404
0.18002611 760.01879883
0.13703836 760.17120361
0.12908205 760.32360840
0.12255077 760.47601318
0.11863198 760.62841797
0.11447572 760.78082275
0.11328820 760.93322754
0.11245694 761.08557129
0.11530697 761.23797607
0.11827574 761.39038086
0.12385703 761.54278564
0.14345090 761.69519043
0.16161977 761.84759521
0.19190121 762.00000000
0.20864504 762.15240479
0.22705142 762.30480957
0.25210781 762.45721436
0.25792660 762.60961914
0.26030162 762.76202393
0.25080155 762.91442871
0.22372638 763.06677246
0.20995131 763.21917725
0.17931363 763.37158203
0.15556347 763.52398682
0.13858212 763.67639160
0.13513835 763.82879639
0.13264456 763.98120117
0.13561336 764.13360596
0.14155089 764.28601074
0.14760716 764.43841553
0.14962594 764.59082031
0.14938843 764.74322510
0.14665717 764.89562988
0.14535091 765.04797363
0.14356963 765.20037842
0.14060087 765.35278320
0.13668212 765.50518799
0.13525708 765.65759277
0.13537585 765.80999756
0.13525708 765.96240234
0.13751337 766.11480713
0.14000712 766.26721191
0.14345090 766.41961670
0.15069469 766.57202148
0.15247593 766.72442627
0.15283221 766.87677002
0.14689468 767.02917480
0.13822585 767.18157959
0.13596960 767.33398438
0.13490084 767.48638916
0.14356963 767.63879395
0.14748842 767.79119873
0.15485095 767.94360352
0.15853223 768.09600830
0.15983850 768.24841309
0.15805722 768.40081787
0.16969481 768.55322266
0.16981355 768.70562744
0.17741362 768.85797119
0.18216362 769.01037598
0.19130743 769.16278076
0.19237618 769.31518555
0.19748246 769.46759033
0.19878873 769.61999512
0.18762618 769.77239990
0.18394490 769.92480469
0.17966987 770.07720947
0.17361357 770.22961426
0.17705734 770.38201904
0.17978860 770.53442383
0.18156988 770.68682861
0.18952619 770.83917236
0.18786368 770.99157715
0.18560740 771.14398193
0.18726990 771.29638672
0.17883862 771.44879150
0.17895735 771.60119629
0.17871985 771.75360107
0.17943236 771.90600586
0.18548867 772.05841064
0.18869494 772.21081543
0.19356371 772.36322021
0.20603252 772.51562500
0.20793253 772.66802979
0.20912006 772.82037354
0.20923879 772.97277832
0.19629497 773.12518311
0.19332621 773.27758789
0.18833866 773.42999268
0.18501365 773.58239746
0.19130743 773.73480225
0.19676998 773.88720703
0.20258874 774.03961182
0.22040137 774.19201660
0.22515141 774.34442139
0.23085144 774.49682617
0.23215770 774.64916992
0.21921388 774.80157471
0.21327631 774.95397949
0.20627002 775.10638428
0.19676998 775.25878906
0.20187626 775.41119385
0.20508253 775.56359863
0.21351382 775.71600342
0.22847642 775.86840820
0.23417644 776.02081299
0.23405771 776.17321777
0.23477023 776.32562256
0.23203893 776.47802734
0.21446384 776.63037109
0.20698254 776.78277588
0.20520127 776.93518066
0.20258874 777.08758545
0.21113880 777.23999023
0.20579501 777.39239502
0.21529509 777.54479980
0.22467640 777.69720459
0.21292007 777.84960938
0.21683886 778.00201416
0.23857024 778.15441895
0.27051418 778.30682373
0.31765823 778.45922852
0.36052725 778.61157227
0.40303999 778.76397705
0.39805248 778.91638184
0.39591497 779.06878662
0.38653366 779.22119141
0.37988361 779.37359619
0.36824605 779.52600098
0.33737087 779.67840576
0.29473932 779.83081055
0.24664529 779.98321533
0.21933262 780.13562012
0.19415746 780.28802490
0.18002611 780.44042969
0.15116970 780.59277344
0.14071964 780.74517822
0.13193208 780.89758301
0.10699442 781.04998779
0.10402566 781.20239258
0.09618808 781.35479736
0.09500059 781.50720215
0.09452558 781.65960693
0.10093812 781.81201172
0.10545066 781.96441650
0.12243200 782.11682129
0.14214464 782.26922607
0.16102599 782.42156982
0.16815105 782.57397461
0.18715117 782.72637939
0.19237618 782.87878418
0.19665121 783.03118896
0.20080750 783.18359375
0.20876382 783.33599854
0.21125757 783.48840332
0.21280134 783.64080811
0.20413251 783.79321289
0.19843248 783.94561768
0.20128252 784.09802246
0.20496376 784.25042725
0.21458258 784.40277100
0.22158886 784.55517578
0.22954517 784.70758057
0.22740766 784.85998535
0.22360764 785.01239014
0.22610140 785.16479492
0.22752643 785.31719971
0.23251394 785.46960449
0.24284527 785.62200928
0.23287018 785.77441406
0.23192019 785.92681885
0.22740766 786.07922363
0.22384515 786.23162842
0.22182637 786.38397217
0.22218265 786.53637695
0.19866999 786.68878174
0.17254481 786.84118652
0.14903219 786.99359131
0.13608833 787.14599609
0.15615721 787.29840088
0.16874479 787.45080566
0.18489488 787.60321045
0.21090133 787.75561523
0.20710128 787.90802002
0.20650753 788.06042480
0.20555754 788.21282959
0.20793253 788.36517334
0.21517632 788.51757812
0.20722005 788.66998291
0.20520127 788.82238770
0.20223250 788.97479248
0.19688872 789.12719727
0.19712622 789.27960205
0.18655742 789.43200684
0.15841350 789.58441162
0.11340697 789.73681641
0.10438190 789.88922119
0.10141313 790.04162598
0.10046311 790.19396973
0.10200688 790.34637451
0.10331314 790.49877930
0.10616317 790.65118408
0.11518820 790.80358887
0.12385703 790.95599365
0.13193208 791.10839844
0.14190713 791.26080322
0.17135732 791.41320801
0.20460752 791.56561279
0.23346396 791.71801758
0.24652652 791.87042236
0.23512647 792.02282715
0.20840754 792.17517090
0.17717611 792.32757568
0.14000712 792.47998047
0.12658829 792.63238525
0.12171952 792.78479004
0.11483196 792.93719482
0.11340697 793.08959961
0.11221944 793.24200439
0.10913194 793.39440918
0.10438190 793.54681396
0.10093812 793.69921875
0.09606935 793.85162354
0.09547560 794.00402832
0.09642559 794.15637207
0.09737561 794.30877686
0.09891938 794.46118164
0.10176937 794.61358643
0.10450063 794.76599121
0.10936944 794.91839600
0.12017575 795.07080078
0.12599455 795.22320557
0.13822585 795.37561035
0.14487590 795.52801514
0.15401970 795.68041992
0.16150100 795.83282471
0.16803231 795.98522949
0.17242607 796.13757324
0.17278232 796.28997803
0.17551358 796.44238281
0.17788860 796.59478760
0.18133237 796.74719238
0.18952619 796.89959717
0.19106992 797.05200195
0.19368245 797.20440674
0.19641371 797.35681152
0.19914500 797.50921631
0.20318252 797.66162109
0.20520127 797.81402588
0.20745755 797.96636963
0.21173258 798.11877441
0.21303881 798.27117920
0.21303881 798.42358398
0.21826386 798.57598877
0.21921388 798.72839355
0.22538892 798.88079834
0.22645767 799.03320312
0.22586389 799.18560791
0.22740766 799.33801270
0.22277639 799.49041748
0.22075761 799.64282227
0.22028264 799.79522705
0.21648258 799.94757080
0.21600761 800.09997559
0.21446384 800.25238037
0.21375132 800.40478516
0.21470135 800.55718994
0.21588884 800.70959473
0.22052011 800.86199951
0.22835768 801.01440430
0.23239521 801.16680908
0.23417644 801.31921387
0.23548271 801.47161865
0.23773899 801.62402344
0.23726398 801.77642822
0.23773899 801.92877197
0.23928272 802.08117676
0.23702647 802.23358154
0.23595772 802.38598633
0.23643273 802.53839111
0.23453272 802.69079590
0.23417644 802.84320068
0.23572021 802.99560547
0.23536397 803.14801025
0.23405771 803.30041504
0.23049520 803.45281982
0.22740766 803.60522461
0.22384515 803.75762939
0.21648258 803.90997314
0.21648258 804.06237793
0.22123262 804.21478271
0.22432016 804.36718750
0.22610140 804.51959229
0.22705142 804.67199707
0.22550765 804.82440186
0.22182637 804.97680664
0.21838259 805.12921143
0.21850136 805.28161621
0.21992636 805.43402100
0.22372638 805.58642578
0.22562639 805.73876953
0.22360764 805.89117432
0.22289513 806.04357910
0.21992636 806.19598389
0.21612634 806.34838867
0.21933262 806.50079346
0.21707637 806.65319824
0.21695760 806.80560303
0.21838259 806.95800781
0.21315758 807.11041260
0.21292007 807.26281738
0.20959507 807.41522217
0.21292007 807.56762695
0.21161381 807.71997070
0.21161381 807.87237549
0.21149508 808.02478027
0.20888255 808.17718506
0.20662630 808.32958984
0.20282625 808.48199463
0.20425128 808.63439941
0.20365750 808.78680420
0.20413251 808.93920898
0.20413251 809.09161377
0.20258874 809.24401855
0.20151999 809.39642334
0.20128252 809.54882812
0.20057000 809.70117188
0.20199500 809.85357666
0.20270751 810.00598145
0.20021376 810.15838623
0.20306375 810.31079102
0.20163876 810.46319580
0.20437002 810.61560059
0.20615129 810.76800537
0.20615129 810.92041016
0.20710128 811.07281494
0.19902623 811.22521973
0.19534495 811.37762451
0.19261369 811.53002930
0.19190121 811.68237305
0.19368245 811.83477783
0.20009499 811.98718262
0.20959507 812.13958740
0.21197005 812.29199219
0.21327631 812.44439697
0.21422634 812.59680176
0.21434507 812.74920654
0.22503264 812.90161133
0.23702647 813.05401611
0.24593277 813.20642090
0.25448283 813.35882568
0.25721409 813.51123047
0.25590783 813.66357422
0.30768318 813.81597900
0.33855836 813.96838379
0.38035862 814.12078857
0.43498393 814.27319336
0.46194036 814.42559814
0.47939672 814.57800293
0.47904048 814.73040771
0.47262793 814.88281250
0.46906546 815.03521729
0.45244028 815.18762207
0.44210902 815.34002686
0.38985866 815.49237061
0.33630211 815.64477539
0.30328938 815.79718018
0.26160789 815.94958496
0.22420139 816.10198975
0.20342003 816.25439453
0.18964492 816.40679932
0.16779481 816.55920410
0.16055101 816.71160889
0.15461345 816.86401367
0.15128844 817.01641846
0.14974467 817.16882324
0.14748842 817.32122803
0.14380714 817.47357178
0.14333213 817.62597656
0.14356963 817.77838135
0.14594465 817.93078613
0.14843841 818.08319092
0.15105093 818.23559570
0.15413847 818.38800049
0.15603848 818.54040527
0.15853223 818.69281006
0.16185724 818.84521484
0.16945731 818.99761963
0.18133237 819.15002441
0.19285119 819.30242920
0.20615129 819.45477295
0.20983257 819.60717773
0.21743261 819.75958252
0.22182637 819.91198730
0.22289513 820.06439209
0.22527015 820.21679688
0.22574516 820.36920166
0.22752643 820.52160645
0.22895143 820.67401123
0.22930767 820.82641602
0.22918893 820.97882080
0.22788267 821.13122559
0.23025769 821.28363037
0.23061393 821.43597412
0.23168269 821.58837891
0.21933262 821.74078369
0.19700749 821.89318848
0.17610736 822.04559326
0.15378219 822.19799805
0.13513835 822.35040283
0.13121956 822.50280762
0.11981951 822.65521240
0.11518820 822.80761719
0.11186320 822.96002197
0.10972568 823.11242676
0.11126945 823.26477051
0.11221944 823.41717529
0.11423822 823.56958008
0.11637573 823.72198486
0.12136324 823.87438965
0.12979456 824.02679443
0.13763210 824.17919922
0.14808217 824.33160400
0.15413847 824.48400879
0.16066975 824.63641357
0.16767604 824.78881836
0.17586985 824.94122314
0.18548867 825.09362793
0.19213868 825.24597168
0.19902623 825.39837646
0.20353876 825.55078125
0.20520127 825.70318604
0.20662630 825.85559082
0.21113880 826.00799561
0.21909511 826.16040039
0.22372638 826.31280518
0.22823891 826.46520996
0.22907016 826.61761475
0.22764517 826.77001953
0.22550765 826.92242432
0.21980763 827.07482910
0.21600761 827.22717285
0.21422634 827.37957764
0.21125757 827.53198242
0.21161381 827.68438721
0.21434507 827.83679199
0.21862010 827.98919678
0.22313263 828.14160156
0.22598266 828.29400635
0.22966395 828.44641113
0.23013892 828.59881592
0.23132645 828.75122070
0.23595772 828.90362549
0.23572021 829.05603027
0.23773899 829.20837402
0.23952023 829.36077881
0.24058899 829.51318359
0.24272650 829.66558838
0.24628905 829.81799316
0.24700153 829.97039795
0.24890154 830.12280273
0.25222658 830.27520752
0.25210781 830.42761230
0.25210781 830.58001709
0.25365158 830.73242188
0.25282032 830.88482666
0.25080155 831.03717041
0.24949532 831.18957520
0.24747654 831.34197998
0.24581404 831.49438477
0.24723903 831.64678955
0.24830779 831.79919434
0.25032657 831.95159912
0.25103905 832.10400391
0.25080155 832.25640869
0.24937655 832.40881348
0.24878280 832.56121826
0.24807029 832.71362305
0.24700153 832.86602783
0.24747654 833.01837158
0.24807029 833.17077637
0.25139533 833.32318115
0.25519534 833.47558594
0.25994538 833.62799072
0.26588292 833.78039551
0.26968293 833.93280029
0.27051418 834.08520508
0.26873291 834.23760986
0.26422041 834.39001465
0.26018285 834.54241943
0.25495784 834.69482422
0.25377035 834.84722900
0.25483907 834.99957275
0.25662034 835.15197754
0.26113288 835.30438232
0.27478921 835.45678711
0.27870800 835.60919189
0.28749553 835.76159668
0.29010805 835.91400146
0.32882081 836.06640625
0.35969600 836.21881104
0.39912120 836.37121582
0.43035266 836.52362061
0.44982783 836.67602539
0.45481534 836.82843018
0.45624037 836.98077393
0.43474646 837.13317871
0.40446502 837.28558350
0.34342713 837.43798828
0.28868305 837.59039307
0.24913904 837.74279785
0.18715117 837.89520264
0.16031351 838.04760742
0.13062581 838.20001221
0.12516329 838.35241699
0.12195702 838.50482178
0.12148201 838.65722656
0.12148201 838.80957031
0.12183825 838.96197510
0.12231326 839.11437988
0.12266950 839.26678467
0.12338202 839.41918945
0.12551953 839.57159424
0.13133833 839.72399902
0.13858212 839.87640381
0.15271344 840.02880859
0.16351978 840.18121338
0.16957604 840.33361816
0.17575108 840.48602295
0.19676998 840.63842773
0.20864504 840.79077148
0.22859519 840.94317627
0.23607645 841.09558105
0.23548271 841.24798584
0.23524520 841.40039062
0.23655146 841.55279541
0.23488896 841.70520020
0.23655146 841.85760498
0.23726398 842.01000977
0.23785773 842.16241455
0.23987650 842.31481934
0.23904525 842.46722412
0.23975773 842.61962891
0.23963900 842.77197266
0.23857024 842.92437744
0.23904525 843.07678223
0.23690774 843.22918701
0.23429521 843.38159180
0.23168269 843.53399658
0.22812018 843.68640137
0.22657641 843.83880615
0.23441395 843.99121094
0.23975773 844.14361572
0.24427027 844.29602051
0.24830779 844.44842529
0.24949532 844.60083008
0.25685785 844.75317383
0.25899536 844.90557861
0.26267664 845.05798340
0.26006412 845.21038818
0.25270159 845.36279297
0.24913904 845.51519775
0.24094526 845.66760254
0.23868898 845.82000732
0.23928272 845.97241211
0.24094526 846.12481689
0.24462651 846.27722168
0.25555158 846.42962646
0.26291415 846.58197021
0.26932669 846.73437500
0.27728297 846.88677979
0.26552664 847.03918457
0.25543285 847.19158936
0.24248899 847.34399414
0.23405771 847.49639893
0.24035148 847.64880371
0.24890154 847.80120850
0.25852035 847.95361328
0.26018285 848.10601807
0.26410164 848.25842285
0.26374540 848.41082764
0.26077664 848.56317139
0.25875786 848.71557617
0.25282032 848.86798096
0.24949532 849.02038574
0.24367652 849.17279053
0.23726398 849.32519531
0.23560148 849.47760010
0.23417644 849.63000488
0.23251394 849.78240967
0.23298895 849.93481445
0.23405771 850.08721924
0.22598266 850.23962402
0.21315758 850.39202881
0.20496376 850.54437256
0.17860111 850.69677734
0.15283221 850.84918213
0.13632584 851.00158691
0.10616317 851.15399170
0.10117563 851.30639648
0.09428807 851.45880127
0.09357559 851.61120605
0.09203182 851.76361084
0.09298181 851.91601562
0.09357559 852.06842041
0.09500059 852.22082520
0.09820686 852.37322998
0.09986936 852.52557373
0.10331314 852.67797852
0.10509442 852.83038330
0.10723193 852.98278809
0.10853816 853.13519287
0.11245694 853.28759766
0.11447572 853.44000244
0.11922573 853.59240723
0.12943829 853.74481201
0.13632584 853.89721680
0.14879468 854.04962158
0.15686973 854.20202637
0.16577603 854.35437012
0.17420735 854.50677490
0.17800737 854.65917969
0.18560740 854.81158447
0.18928868 854.96398926
0.19380122 855.11639404
0.20045126 855.26879883
0.20092624 855.42120361
0.20045126 855.57360840
0.20163876 855.72601318
0.19902623 855.87841797
0.19914500 856.03082275
0.19890750 856.18322754
0.20247001 856.33557129
0.20733878 856.48797607
0.21505759 856.64038086
0.21980763 856.79278564
0.22978268 856.94519043
0.22800141 857.09759521
0.22443890 857.25000000
0.22075761 857.40240479
0.21672009 857.55480957
0.21102006 857.70721436
0.20686377 857.85961914
0.20520127 858.01202393
0.20722005 858.16442871
0.20793253 858.31677246
0.21030755 858.46917725
0.21303881 858.62158203
0.21968886 858.77398682
0.22527015 858.92639160
0.22859519 859.07879639
0.23393894 859.23120117
0.23928272 859.38360596
0.23952023 859.53601074
0.24130150 859.68841553
0.24201402 859.84082031
0.23975773 859.99322510
0.23726398 860.14562988
0.23227644 860.29797363
0.22182637 860.45037842
0.21695760 860.60278320
0.21173258 860.75518799
0.20900129 860.90759277
0.21018881 861.05999756
0.21327631 861.21240234
0.21588884 861.36480713
0.21921388 861.51721191
0.22503264 861.66961670
0.23061393 861.82202148
0.24664529 861.97442627
0.25008906 862.12677002
0.25578909 862.27917480
0.25994538 862.43157959
0.25875786 862.58398438
0.26065786 862.73638916
0.25994538 862.88879395
0.25650161 863.04119873
0.25614533 863.19360352
0.25804534 863.34600830
0.25970788 863.49841309
0.26184539 863.65081787
0.26588292 863.80322266
0.26968293 863.95562744
0.27039545 864.10797119
0.26802043 864.26037598
0.26588292 864.41278076
0.26457665 864.56518555
0.26279538 864.71759033
0.26137038 864.86999512
0.26220163 865.02239990
0.26006412 865.17480469
0.26410164 865.32720947
0.26647666 865.47961426
0.27098919 865.63201904
0.27003917 865.78442383
0.26457665 865.93682861
0.25673911 866.08917236
0.25210781 866.24157715
0.24248899 866.39398193
0.23987650 866.54638672
0.24225152 866.69879150
0.24688279 866.85119629
0.25483907 867.00360107
0.26790166 867.15600586
0.27063292 867.30841064
0.27229546 867.46081543
0.26944543 867.61322021
0.26220163 867.76562500
0.25578909 867.91802979
0.24735780 868.07037354
0.24237026 868.22277832
0.24985156 868.37518311
0.25721409 868.52758789
0.26327039 868.67999268
0.27039545 868.83239746
0.27882673 868.98480225
0.27858923 869.13720703
0.27740174 869.28961182
0.27680796 869.44201660
0.27526422 869.59442139
0.27478921 869.74682617
0.27502672 869.89916992
0.27977676 870.05157471
0.28690178 870.20397949
0.29093930 870.35638428
0.29545184 870.50878906
0.29794559 870.66119385
0.29343309 870.81359863
0.28773303 870.96600342
0.27918298 871.11840820
0.27668922 871.27081299
0.27336421 871.42321777
0.28428926 871.57562256
0.29129558 871.72802734
0.29960813 871.88037109
0.30756441 872.03277588
0.31017693 872.18518066
0.30792068 872.33758545
0.30827692 872.48999023
0.30720816 872.64239502
0.30851443 872.79479980
0.31409572 872.94720459
0.31540198 873.09960938
0.31480820 873.25201416
0.31124569 873.40441895
0.30815815 873.55682373
0.30115186 873.70922852
0.29200806 873.86157227
0.28737679 874.01397705
0.28405179 874.16638184
0.28428926 874.31878662
0.28452676 874.47119141
0.29972687 874.62359619
0.31314570 874.77600098
0.31136442 874.92840576
0.30910817 875.08081055
0.30328938 875.23321533
0.29568934 875.38562012
0.29521433 875.53802490
0.29450185 875.69042969
0.30554566 875.84277344
0.31124569 875.99517822
0.31528321 876.14758301
0.32157702 876.29998779
0.31896449 876.45239258
0.31979574 876.60479736
0.31730199 876.75720215
0.30744567 876.90960693
0.30423940 877.06201172
0.29414557 877.21441650
0.29224557 877.36682129
0.29260181 877.51922607
0.28963304 877.67156982
0.28500177 877.82397461
0.27918298 877.97637939
0.27075169 878.12878418
0.26398291 878.28118896
0.25543285 878.43359375
0.24913904 878.58599854
0.24688279 878.73840332
0.23762022 878.89080811
0.21363259 879.04321289
0.19071368 879.19561768
0.16007600 879.34802246
0.13323834 879.50042725
0.11364447 879.65277100
0.11685071 879.80517578
0.11863198 879.95758057
0.11958200 880.10998535
0.12017575 880.26239014
0.12088827 880.41479492
0.12219449 880.56719971
0.12278827 880.71960449
0.12231326 880.87200928
0.12278827 881.02441406
0.12065076 881.17681885
0.11815697 881.32922363
0.11886949 881.48162842
0.12314451 881.63397217
0.13169457 881.78637695
0.14048213 881.93878174
0.14523214 882.09118652
0.15093220 882.24359131
0.16114476 882.39599609
0.16482604 882.54840088
0.16886356 882.70080566
0.17040730 882.85321045
0.17230730 883.00561523
0.17717611 883.15802002
0.18584491 883.31042480
0.19249495 883.46282959
0.19534495 883.61517334
0.20235127 883.76757812
0.20342003 883.91998291
0.21660136 884.07238770
0.22218265 884.22479248
0.22681391 884.37719727
0.22289513 884.52960205
0.22111389 884.68200684
0.21862010 884.83441162
0.21292007 884.98681641
0.20935756 885.13922119
0.20817003 885.29162598
0.20330126 885.44396973
0.20057000 885.59637451
0.19950124 885.74877930
0.20021376 885.90118408
0.20460752 886.05358887
0.21398883 886.20599365
0.22040137 886.35839844
0.22206388 886.51080322
0.22242012 886.66320801
0.22075761 886.81561279
0.21885760 886.96801758
0.21814512 887.12042236
0.22028264 887.27282715
0.22028264 887.42517090
0.22016387 887.57757568
0.22028264 887.72998047
0.21862010 887.88238525
0.21873887 888.03479004
0.21862010 888.18719482
0.22016387 888.33959961
0.21992636 888.49200439
0.21980763 888.64440918
0.22218265 888.79681396
0.22313263 888.94921875
0.22788267 889.10162354
0.22693265 889.25402832
0.22788267 889.40637207
0.22728893 889.55877686
0.22538892 889.71118164
0.22301390 889.86358643
0.21968886 890.01599121
0.22277639 890.16839600
0.22527015 890.32080078
0.23168269 890.47320557
0.23536397 890.62561035
0.23750149 890.77801514
0.23631396 890.93041992
0.22907016 891.08282471
0.22265762 891.23522949
0.21683886 891.38757324
0.21078256 891.53997803
0.21113880 891.69238281
0.21066382 891.84478760
0.21066382 891.99719238
0.21351382 892.14959717
0.21588884 892.30200195
0.21980763 892.45440674
0.22337014 892.60681152
0.22812018 892.75921631
0.22776390 892.91162109
0.22788267 893.06402588
0.22847642 893.21636963
0.22657641 893.36877441
0.22598266 893.52117920
0.22467640 893.67358398
0.21885760 893.82598877
0.21636385 893.97839355
0.21220756 894.13079834
0.21042632 894.28320312
0.20757629 894.43560791
0.20662630 894.58801270
0.20579501 894.74041748
0.20437002 894.89282227
0.20448879 895.04522705
0.20425128 895.19757080
0.20472626 895.34997559
0.20472626 895.50238037
