0.09258351 343.96679688
0.10541980 344.11920166
0.12037105 344.27160645
0.13411061 344.42401123
0.15108656 344.57638550
0.16314441 344.72879028
0.16379951 344.88119507
0.16793385 345.03359985
0.16294208 345.18600464
0.14916338 345.33840942
0.14597219 345.49081421
0.16977652 345.64318848
0.19615912 345.79559326
0.22593825 345.94799805
0.25022845 346.10040283
0.25711404 346.25280762
0.25128895 346.40521240
0.23576760 346.55758667
0.21021761 346.70999146
0.18947887 346.86239624
0.16885144 347.01480103
0.15110460 347.16720581
0.13481836 347.31961060
0.13118415 347.47198486
0.12844797 347.62438965
0.12869692 347.77679443
0.13062985 347.92919922
0.12897221 348.08160400
0.14816308 348.23400879
0.15520136 348.38641357
0.17650193 348.53878784
0.17086935 348.69119263
0.15225835 348.84359741
0.14486433 348.99600220
0.12818324 349.14840698
0.11135772 349.30081177
0.08881016 349.45318604
0.09607782 349.60559082
0.08620709 349.75799561
0.13248680 349.91040039
0.17595890 350.06280518
0.19262120 350.21520996
0.23573225 350.36761475
0.22669789 350.51998901
0.21990856 350.67239380
0.19713612 350.82479858
0.18470595 350.97720337
0.15405663 351.12960815
0.14939429 351.28201294
0.14145500 351.43438721
0.14145876 351.58679199
0.16074216 351.73919678
0.17290382 351.89160156
0.18697734 352.04400635
0.18324685 352.19641113
0.17430726 352.34878540
0.15455453 352.50119019
0.14675212 352.65359497
0.14551340 352.80599976
0.13335025 352.95840454
0.13027485 353.11080933
0.12625857 353.26321411
0.12017397 353.41558838
0.11820722 353.56799316
0.11510927 353.72039795
0.11014682 353.87280273
0.10816727 354.02520752
0.10416076 354.17761230
0.09108755 354.32998657
0.09195700 354.48239136
0.11233398 354.63479614
0.10636596 354.78720093
0.10478126 354.93960571
0.13193703 355.09201050
0.11916391 355.24438477
0.11877808 355.39678955
0.12167671 355.54919434
0.11064472 355.70159912
0.09977896 355.85400391
0.09152002 356.00640869
0.08385901 356.15881348
0.07999466 356.31118774
0.07366938 356.46359253
0.06697408 356.61599731
0.06159272 356.76840210
0.04331414 356.92080688
0.04574497 357.07321167
0.04953186 357.22558594
0.06172585 357.37799072
0.08445242 357.53039551
0.11493626 357.68280029
0.11759048 357.83520508
0.13803138 357.98760986
0.13243191 358.14001465
0.12557263 358.29238892
0.10839366 358.44479370
0.09610038 358.59719849
0.09060846 358.74960327
0.08495484 358.90200806
0.08192833 359.05441284
0.07995630 359.20678711
0.07969606 359.35919189
0.08371986 359.51159668
0.07959528 359.66400146
0.08118600 359.81640625
0.07878751 359.96881104
0.09383577 360.12118530
0.09997677 360.27359009
0.09781444 360.42599487
0.09818673 360.57839966
0.09628917 360.73080444
0.09799119 360.88320923
0.09696456 361.03561401
0.09779790 361.18798828
0.10247302 361.34039307
0.10642914 361.49279785
0.09790619 361.64520264
0.10524156 361.79760742
0.11065901 361.95001221
0.11201809 362.10238647
0.11740321 362.25479126
0.11374494 362.40719604
0.10671870 362.55960083
0.10745577 362.71200562
0.10069880 362.86441040
0.09452998 363.01681519
0.08877180 363.16918945
0.07662218 363.32159424
0.07355131 363.47399902
0.06852419 363.62640381
0.07115809 363.77880859
0.07258183 363.93121338
0.07101819 364.08358765
0.07666806 364.23599243
0.07763302 364.38839722
0.08029324 364.54080200
0.08275791 364.69320679
0.08695394 364.84561157
0.08746313 364.99798584
0.08844539 365.15039062
0.09340933 365.30279541
0.09722328 365.45520020
0.10439918 365.60760498
0.10992570 365.76000977
0.12734386 365.91241455
0.14323374 366.06478882
0.13211677 366.21719360
0.13723114 366.36959839
0.11345688 366.52200317
0.10296039 366.67440796
0.10017381 366.82681274
0.09650201 366.97918701
0.10072737 367.13159180
0.11108696 367.28399658
0.10959553 367.43640137
0.10582745 367.58880615
0.10482488 367.74121094
0.11685267 367.89358521
0.11533489 368.04598999
0.12608935 368.19839478
0.13406626 368.35079956
0.14926042 368.50320435
0.16743219 368.65560913
0.17228183 368.80801392
0.15533297 368.96038818
0.15242682 369.11279297
0.15100608 369.26519775
0.14598421 369.41760254
0.14795926 369.57000732
0.13850220 369.72241211
0.13350894 369.87478638
0.12736569 370.02719116
0.11173830 370.17959595
0.10613054 370.33200073
0.08773764 370.48440552
0.07861678 370.63681030
0.08313322 370.78921509
0.07275407 370.94158936
0.04889707 371.09399414
0.02347268 371.24639893
0.00000000 371.39880371
0.00158921 371.55120850
0.00616356 371.70361328
0.03155186 371.85598755
0.06422662 372.00839233
0.10405472 372.16079712
0.13526361 372.31320190
0.16032548 372.46560669
0.18565814 372.61801147
0.18211870 372.77038574
0.17776246 372.92279053
0.16988557 373.07519531
0.15762542 373.22760010
0.14990949 373.38000488
0.14228832 373.53240967
0.13317274 373.68481445
0.13356308 373.83718872
0.13971160 373.98959351
0.12109908 374.14199829
0.12483482 374.29440308
0.11528675 374.44680786
0.11484451 374.59921265
0.13590442 374.75158691
0.13938367 374.90399170
0.13955816 375.05639648
0.14581875 375.20880127
0.13953335 375.36120605
0.13462280 375.51361084
0.13492816 375.66598511
0.11115464 375.81838989
0.11525066 375.97079468
0.11393447 376.12319946
0.12070874 376.27560425
0.12855177 376.42800903
0.13788021 376.58041382
0.13787645 376.73278809
0.16218095 376.88519287
0.16255852 377.03759766
0.16606637 377.19000244
0.17320091 377.34240723
0.16635141 377.49481201
0.15623099 377.64718628
0.15037881 377.79959106
0.14287950 377.95199585
0.13631054 378.10440063
0.12965287 378.25680542
0.11879914 378.40921021
0.12049138 378.56161499
0.11819892 378.71398926
0.12993188 378.86639404
0.14046824 379.01879883
0.13737178 379.17120361
0.13304412 379.32360840
0.12665643 379.47601318
0.12145031 379.62838745
0.11467980 379.78079224
0.11889689 379.93319702
0.12707537 380.08560181
0.12987097 380.23800659
0.13432950 380.39041138
0.13696865 380.54278564
0.13901137 380.69519043
0.13227021 380.84759521
0.11696622 381.00000000
0.08679149 381.15240479
0.03766352 381.30480957
0.03766352 381.45721436
0.03766352 381.60958862
0.03766352 381.76199341
0.03766352 381.91439819
0.06242531 382.06680298
0.05157986 382.21920776
0.05681154 382.37161255
0.06450039 382.52398682
0.05200480 382.67639160
0.05217703 382.82879639
0.08800916 382.98120117
0.15167320 383.13360596
0.18904038 383.28601074
0.19787242 383.43838501
0.22143385 383.59078979
0.20608097 383.74319458
0.18314382 383.89559937
0.16148600 384.04800415
0.14562019 384.20040894
0.13927915 384.35281372
0.16161912 384.50518799
0.16794814 384.65759277
0.17594536 384.80999756
0.19510241 384.96240234
0.20737535 385.11480713
0.20737535 385.26721191
0.20737535 385.41958618
0.16574145 385.57199097
0.14886179 385.72439575
0.11406983 385.87680054
0.11406983 386.02920532
0.12141950 386.18161011
0.12986796 386.33401489
0.18500680 386.48638916
0.24083081 386.63879395
0.26538729 386.79119873
0.35789031 386.94360352
0.37434276 387.09600830
0.40123304 387.24841309
0.43365806 387.40078735
0.43365806 387.55319214
0.43365806 387.70559692
0.43365806 387.85800171
0.46123199 388.01040649
0.46632007 388.16281128
0.48951521 388.31518555
0.50493800 388.46759033
0.50051784 388.61999512
0.47568383 388.77239990
0.44815730 388.92480469
0.41774190 389.07720947
0.40280042 389.22961426
0.39105394 389.38198853
0.35917789 389.53439331
0.35075955 389.68679810
0.27022034 389.83920288
0.21421808 389.99160767
0.21371568 390.14401245
0.17837091 390.29638672
0.18203670 390.44879150
0.20261902 390.60119629
0.25370698 390.75360107
0.31830664 390.90600586
0.29783716 391.05841064
0.26450806 391.21078491
0.23528551 391.36318970
0.20913981 391.51559448
0.18807766 391.66799927
0.16115958 391.82040405
0.13876544 391.97280884
0.13386542 392.12521362
0.12429781 392.27758789
0.12473105 392.42999268
0.12857131 392.58239746
0.12994015 392.73480225
0.13046588 392.88720703
0.13013120 393.03961182
0.12465281 393.19198608
0.12185344 393.34439087
0.11530029 393.49679565
0.09955032 393.64920044
0.09403433 393.80160522
0.09160651 393.95401001
0.08029099 394.10641479
0.08016012 394.25878906
0.08232094 394.41119385
0.08925992 394.56359863
0.09444574 394.71600342
0.09823412 394.86840820
0.10884942 395.02081299
0.10500388 395.17318726
0.08557156 395.32559204
0.10700750 395.47799683
0.12779663 395.63040161
0.13790652 395.78280640
0.13864284 395.93521118
0.13633010 396.08758545
0.12959944 396.23999023
0.12707612 396.39239502
0.12606829 396.54479980
0.12905644 396.69720459
0.12861119 396.84960938
0.12666547 397.00201416
0.13381277 397.15438843
0.11491822 397.30679321
0.12200462 397.45919800
0.10553261 397.61160278
0.09339203 397.76400757
0.09226686 397.91641235
0.08763761 398.06878662
0.09203521 398.22119141
0.10198941 398.37359619
0.09967366 398.52600098
0.10710002 398.67840576
0.11260924 398.83081055
0.11508144 398.98318481
0.11491297 399.13558960
0.11756492 399.28799438
0.10026106 399.44039917
0.09696756 399.59280396
0.09223001 399.74520874
0.09050391 399.89761353
0.09244963 400.04998779
0.09272640 400.20239258
0.09369136 400.35479736
0.09695552 400.50720215
0.09830858 400.65960693
0.10563716 400.81201172
0.10466619 400.96438599
0.10086275 401.11679077
0.10598088 401.26919556
0.09894562 401.42160034
0.08837920 401.57400513
0.08197346 401.72640991
0.07776088 401.87881470
0.08122135 402.03118896
0.09477215 402.18359375
0.09770915 402.33599854
0.10385767 402.48840332
0.10951732 402.64080811
0.11069287 402.79321289
0.11443237 402.94558716
0.12116903 403.09799194
0.13330736 403.25039673
0.13761999 403.40280151
0.13250637 403.55520630
0.12525752 403.70761108
0.11928048 403.85998535
0.12388340 404.01239014
0.11203763 404.16479492
0.11641568 404.31719971
0.12912788 404.46960449
0.13522901 404.62200928
0.13011390 404.77441406
0.12003861 404.92678833
0.09972707 405.07919312
0.08806557 405.23159790
0.08561820 405.38400269
0.07823169 405.53640747
0.09130642 405.68881226
0.11277395 405.84118652
0.13183096 405.99359131
0.13577806 406.14599609
0.14342778 406.29840088
0.14052989 406.45080566
0.13333671 406.60321045
0.12786282 406.75561523
0.14466352 406.90798950
0.12660080 407.06039429
0.13595555 407.21279907
0.12864955 407.36520386
0.12362995 407.51760864
0.13601121 407.67001343
0.12914444 407.82238770
0.13467545 407.97479248
0.14443336 408.12719727
0.14659645 408.27960205
0.15898448 408.43200684
0.15917025 408.58441162
0.15708164 408.73678589
0.15980727 408.88919067
0.15411154 409.04159546
0.16392434 409.19400024
0.19540702 409.34640503
0.22229578 409.49880981
0.27806338 409.65121460
0.34170109 409.80358887
0.36316109 409.95599365
0.40425802 410.10839844
0.41733873 410.26080322
0.43033974 410.41320801
0.47519723 410.56561279
0.47914428 410.71798706
0.49781247 410.87039185
0.52196358 411.02279663
0.52042323 411.17520142
0.49724537 411.32760620
0.50088485 411.48001099
0.49256200 411.63238525
0.49358259 411.78479004
0.50240340 411.93719482
0.51419727 412.08959961
0.52952757 412.24200439
0.51978693 412.39440918
0.53571445 412.54681396
0.50452732 412.69918823
0.49945886 412.85159302
0.50640387 413.00399780
0.50594356 413.15640259
0.50261095 413.30880737
0.49753119 413.46121216
0.49339982 413.61358643
0.48484457 413.76599121
0.47429996 413.91839600
0.49437009 414.07080078
0.48957310 414.22320557
0.48947079 414.37561035
0.49997031 414.52801514
0.52797597 414.68038940
0.53634020 414.83279419
0.56716399 414.98519897
0.57501081 415.13760376
0.58024321 415.29000854
0.59945290 415.44241333
0.59442507 415.59478760
0.61540820 415.74719238
0.66017015 415.89959717
0.67412639 416.05200195
0.71222158 416.20440674
0.68469729 416.35681152
0.65853885 416.50918579
0.63105364 416.66159058
0.59241092 416.81399536
0.56594405 416.96640015
0.53136269 417.11880493
0.53314146 417.27120972
0.53719983 417.42361450
0.58135859 417.57598877
0.62756461 417.72839355
0.65985880 417.88079834
0.69110457 418.03320312
0.70710124 418.18560791
0.69979972 418.33801270
0.70779992 418.49038696
0.67415267 418.64279175
0.66648643 418.79519653
0.65677287 418.94760132
0.63882597 419.10000610
0.62987284 419.25241089
0.61259908 419.40478516
0.60365048 419.55718994
0.62418764 419.70959473
0.64249329 419.86199951
0.60777203 420.01440430
0.50536894 420.16680908
0.44439525 420.31921387
0.43743595 420.47158813
0.43077073 420.62399292
0.43302778 420.77639771
0.43327452 420.92880249
0.43691097 421.08120728
0.44877174 421.23361206
0.46397121 421.38598633
0.51477711 421.53839111
0.50848723 421.69079590
0.51801194 421.84320068
0.49797044 421.99560547
0.48300417 422.14801025
0.46865011 422.30041504
0.45990228 422.45278931
0.43463584 422.60519409
0.42894984 422.75759888
0.42711243 422.91000366
0.42455677 423.06240845
0.43339709 423.21481323
0.44039776 423.36718750
0.43173193 423.51959229
0.42152426 423.67199707
0.40831944 423.82440186
0.37067395 423.97680664
0.35304219 424.12921143
0.37229624 424.28158569
0.46764226 424.43399048
0.40465138 424.58639526
0.36760157 424.73880005
0.35555201 424.89120483
0.37350568 425.04360962
0.39921286 425.19601440
0.43470878 425.34838867
0.47924361 425.50079346
0.47636679 425.65319824
0.48354339 425.80560303
0.47426759 425.95800781
0.43530445 426.11041260
0.42469592 426.26278687
0.41862035 426.41519165
0.41383392 426.56759644
0.41122932 426.72000122
0.41801492 426.87240601
0.42664987 427.02481079
0.42882877 427.17718506
0.42908676 427.32958984
0.42793528 427.48199463
0.42130839 427.63439941
0.42381144 427.78680420
0.41202807 427.93920898
0.39333658 428.09161377
0.41673858 428.24398804
0.40971008 428.39639282
0.41694992 428.54879761
0.43894991 428.70120239
0.45789789 428.85360718
0.42963877 429.00601196
0.42811649 429.15838623
0.42596623 429.31079102
0.42387008 429.46319580
0.42623546 429.61560059
0.42543901 429.76800537
0.42712522 429.92041016
0.44821973 430.07281494
0.43344673 430.22518921
0.42927026 430.37759399
0.42957714 430.52999878
0.41647606 430.68240356
0.42760281 430.83480835
0.41954397 430.98721313
0.42623696 431.13958740
0.43979680 431.29199219
0.44047976 431.44439697
0.46353196 431.59680176
0.43949297 431.74920654
0.43416577 431.90161133
0.40543280 432.05398560
0.36432164 432.20639038
0.37133131 432.35879517
0.38390810 432.51119995
0.38188041 432.66360474
0.39717685 432.81600952
0.39851413 432.96841431
0.38247987 433.12078857
0.35253827 433.27319336
0.34476444 433.42559814
0.29295671 433.57800293
0.27464203 433.73040771
0.28543708 433.88281250
0.29715423 434.03518677
0.34449368 434.18759155
0.42903259 434.33999634
0.46607935 434.49240112
0.51151221 434.64480591
0.53425834 434.79721069
0.53685761 434.94958496
0.53588292 435.10198975
0.52880404 435.25439453
0.51154079 435.40679932
0.51098723 435.55920410
0.50429797 435.71160889
0.48322377 435.86401367
0.45991204 436.01638794
0.43827005 436.16879272
0.42055027 436.32119751
0.41308854 436.47360229
0.41810816 436.62600708
0.42906719 436.77841187
0.43724642 436.93078613
0.46142003 437.08319092
0.50804722 437.23559570
0.52844977 437.38800049
0.55774755 437.54040527
0.54984662 437.69281006
0.53393270 437.84521484
0.49265524 437.99758911
0.43617918 438.14999390
0.36915546 438.30239868
0.32347515 438.45480347
0.30471446 438.60720825
0.26983451 438.75961304
0.26672228 438.91198730
0.27431108 439.06439209
0.25472459 439.21679688
0.21979950 439.36920166
0.24100155 439.52160645
0.25337529 439.67401123
0.29703692 439.82638550
0.37355227 439.97879028
0.38231817 440.13119507
0.42652128 440.28359985
0.44279700 440.43600464
0.43710050 440.58840942
0.45830179 440.74081421
0.47574477 440.89318848
0.48849530 441.04559326
0.53138375 441.19799805
0.59805021 441.35040283
0.60943948 441.50280762
0.62672827 441.65521240
0.62920796 441.80758667
0.59565326 441.95999146
0.59169864 442.11239624
0.55930139 442.26480103
0.50206795 442.41720581
0.53528197 442.56961060
0.53962541 442.72198486
0.54382442 442.87438965
0.58647072 443.02679443
0.57568315 443.17919922
0.56879982 443.33160400
0.56242421 443.48400879
0.53097008 443.63641357
0.52418081 443.78878784
0.52307816 443.94119263
0.51224325 444.09359741
0.50858575 444.24600220
0.50161291 444.39840698
0.52456963 444.55081177
0.53356792 444.70318604
0.55256703 444.85559082
0.61408073 445.00799561
0.62678921 445.16040039
0.61601891 445.31280518
0.61177480 445.46520996
0.61658378 445.61761475
0.61431468 445.76998901
0.61548417 445.92239380
0.61243887 446.07479858
0.60806685 446.22720337
0.60183257 446.37960815
0.57020929 446.53201294
0.58540118 446.68438721
0.61006672 446.83679199
0.62887256 446.98919678
0.63095213 447.14160156
0.61469523 447.29400635
0.62787297 447.44641113
0.57300641 447.59878540
0.50596163 447.75119019
0.42856854 447.90359497
0.41021401 448.05599976
0.40081708 448.20840454
0.40106078 448.36080933
0.41188668 448.51321411
0.42986290 448.66558838
0.46906980 448.81799316
0.49319830 448.97039795
0.49415950 449.12280273
0.48105997 449.27520752
0.47598394 449.42761230
0.48041988 449.57998657
0.47093952 449.73239136
0.47101698 449.88479614
0.47243098 450.03720093
0.44990974 450.18960571
0.44716678 450.34201050
0.46894115 450.49438477
0.48024016 450.64678955
0.48192259 450.79919434
0.50659868 450.95159912
0.51044268 451.10400391
0.50424082 451.25640869
0.50558481 451.40881348
0.49811407 451.56118774
0.48542596 451.71359253
0.46725344 451.86599731
0.43687258 452.01840210
0.41577664 452.17080688
0.39604195 452.32321167
0.35324900 452.47558594
0.34404843 452.62799072
0.32041180 452.78039551
0.33045625 452.93280029
0.34216138 453.08520508
0.35284285 453.23760986
0.35904855 453.39001465
0.36712622 453.54238892
0.37738129 453.69479370
0.37875391 453.84719849
0.38025737 453.99960327
0.37659986 454.15200806
0.36378684 454.30441284
0.35980892 454.45678711
0.34708770 454.60919189
0.34149727 454.76159668
0.35067004 454.91400146
0.33736591 455.06640625
0.35079490 455.21881104
0.35337386 455.37118530
0.36884331 455.52359009
0.38281980 455.67599487
0.40887145 455.82839966
0.41100599 455.98080444
0.41769748 456.13320923
0.41869558 456.28561401
0.41552238 456.43798828
0.39228065 456.59039307
0.36897264 456.74279785
0.35014654 456.89520264
0.33282390 457.04760742
0.33979298 457.20001221
0.35099040 457.35238647
0.36272034 457.50479126
0.38297249 457.65719604
0.38907439 457.80960083
0.41311562 457.96200562
0.43385138 458.11441040
0.42212442 458.26681519
0.41384592 458.41918945
0.41066675 458.57159424
0.41062388 458.72399902
0.40139319 458.87640381
0.40524103 459.02880859
0.40820662 459.18121338
0.40323967 459.33358765
0.39838852 459.48599243
0.40233184 459.63839722
0.39655110 459.79080200
0.40787117 459.94320679
0.41719809 460.09561157
0.41969890 460.24798584
0.43062407 460.40039062
0.42907017 460.55279541
0.44399811 460.70520020
0.45247291 460.85760498
0.46285055 461.01000977
0.48735737 461.16241455
0.52015698 461.31478882
0.54620186 461.46719360
0.55679462 461.61959839
0.55968952 461.77200317
0.54865228 461.92440796
0.54990377 462.07681274
0.56148855 462.22918701
0.55914950 462.38159180
0.57169472 462.53399658
0.56507461 462.68640137
0.56566128 462.83880615
0.55352593 462.99121094
0.53408533 463.14358521
0.54103487 463.29598999
0.54994365 463.44839478
0.59044410 463.60079956
0.60936649 463.75320435
0.61437332 463.90560913
0.58687308 464.05801392
0.54837473 464.21038818
0.49290870 464.36279297
0.42077136 464.51519775
0.40056816 464.66760254
0.37880504 464.82000732
0.37100791 464.97241211
0.35172150 465.12478638
0.33905290 465.27719116
0.33756973 465.42959595
0.32978311 465.58200073
0.33331956 465.73440552
0.33341206 465.88681030
0.32725677 466.03921509
0.34285257 466.19158936
0.35566855 466.34399414
0.35623490 466.49639893
0.35980370 466.64880371
0.36096642 466.80120850
0.35264282 466.95361328
0.35581975 467.10598755
0.35398606 467.25839233
0.37049647 467.41079712
0.41047721 467.56320190
0.46275581 467.71560669
0.51057810 467.86801147
0.52587075 468.02038574
0.54511430 468.17279053
0.54519630 468.32519531
0.54496391 468.47760010
0.52137990 468.63000488
0.49749733 468.78240967
0.47993403 468.93481445
0.47632013 469.08718872
0.51045398 469.23959351
0.52266077 469.39199829
0.53816178 469.54440308
0.55673746 469.69680786
0.58035980 469.84921265
0.58269736 470.00158691
0.59078409 470.15399170
0.58834646 470.30639648
0.57377504 470.45880127
0.54792646 470.61120605
0.51097592 470.76361084
0.51840231 470.91598511
0.50701005 471.06838989
0.50385343 471.22079468
0.49813966 471.37319946
0.49119316 471.52560425
0.49273649 471.67800903
0.50336684 471.83041382
0.50968535 471.98278809
0.54138461 472.13519287
0.55536558 472.28759766
0.57454447 472.44000244
0.57537707 472.59240723
0.57167516 472.74481201
0.54837323 472.89718628
0.55003237 473.04959106
0.55517158 473.20199585
0.55463156 473.35440063
0.58431592 473.50680542
0.59857973 473.65921021
0.57425039 473.81161499
0.58766282 473.96398926
0.55578757 474.11639404
0.55344474 474.26879883
0.57495888 474.42120361
0.59014853 474.57360840
0.63446824 474.72601318
0.64686680 474.87838745
0.65841026 475.03079224
0.65065221 475.18319702
0.60080745 475.33560181
0.63345138 475.48800659
0.62624764 475.64041138
0.63221343 475.79278564
0.65638027 475.94519043
0.64952782 476.09759521
0.66091852 476.25000000
0.66768152 476.40240479
0.66001901 476.55480957
0.65144568 476.70721436
0.63268195 476.85958862
0.62250366 477.01199341
0.60351655 477.16439819
0.59447396 477.31680298
0.60623621 477.46920776
0.60612340 477.62161255
0.60085031 477.77398682
0.57473101 477.92639160
0.53038720 478.07879639
0.52875739 478.23120117
0.52035782 478.38360596
0.54209236 478.53601074
0.57299212 478.68838501
0.58169479 478.84078979
0.60773289 478.99319458
0.61713883 479.14559937
0.60599779 479.29800415
0.60493204 479.45040894
0.60494260 479.60281372
0.60689730 479.75518799
0.60031030 479.90759277
0.58389922 480.05999756
0.57413832 480.21240234
0.54501056 480.36480713
0.53565575 480.51721191
0.51378584 480.66958618
0.49897904 480.82199097
0.48611110 480.97439575
0.47115763 481.12680054
0.45773842 481.27920532
0.42475158 481.43161011
0.40811407 481.58401489
0.36817165 481.73638916
0.36347772 481.88879395
0.37628920 482.04119873
0.38932481 482.19360352
0.43155818 482.34600830
0.43146190 482.49841309
0.43122347 482.65078735
0.42120384 482.80319214
0.41686040 482.95559692
0.40629851 483.10800171
0.42379715 483.26040649
0.42341734 483.41281128
0.43739458 483.56518555
0.46404489 483.71759033
0.46136138 483.86999512
0.47012499 484.02239990
0.47943464 484.17480469
0.50542764 484.32720947
0.55725040 484.47961426
0.57676995 484.63198853
0.59820594 484.78439331
0.61134157 484.93679810
0.59191525 485.08920288
0.57725282 485.24160767
0.55641859 485.39401245
0.52640853 485.54638672
0.56179841 485.69879150
0.57597648 485.85119629
0.64409831 486.00360107
0.66778681 486.15600586
0.68681828 486.30841064
0.71492695 486.46078491
0.71134765 486.61318970
0.72162074 486.76559448
0.72173280 486.91799927
0.73119813 487.07040405
0.71379429 487.22280884
0.70372950 487.37521362
0.67234010 487.52758789
0.64800250 487.67999268
0.64830410 487.83239746
0.57016568 487.98480225
0.61891835 488.13720703
0.61482010 488.28961182
0.62302262 488.44198608
0.64146891 488.59439087
0.62150035 488.74679565
0.63009548 488.89920044
0.63716908 489.05160522
0.62640636 489.20401001
0.65181648 489.35641479
0.68148202 489.50878906
0.70285707 489.66119385
0.73732786 489.81359863
0.73585597 489.96600342
0.72393798 490.11840820
0.71400333 490.27081299
0.70042093 490.42318726
0.68688823 490.57559204
0.69031632 490.72799683
0.69453794 490.88040161
0.69234029 491.03280640
0.71335727 491.18521118
0.68442053 491.33758545
0.68246807 491.48999023
0.69049983 491.64239502
0.67809301 491.79479980
0.68668889 491.94720459
0.69157763 492.09960938
0.72080621 492.25201416
0.73263244 492.40438843
0.74130578 492.55679321
0.75425716 492.70919800
0.77015151 492.86160278
0.72729320 493.01400757
0.70335870 493.16641235
0.67225512 493.31878662
0.62424026 493.47119141
0.65145469 493.62359619
0.65233165 493.77600098
0.67119763 493.92840576
0.70451396 494.08081055
0.70395139 494.23318481
0.69956807 494.38558960
0.71838665 494.53799438
0.75929629 494.69039917
0.76287484 494.84280396
0.75522960 494.99520874
0.73286707 495.14761353
0.70560376 495.29998779
0.66998826 495.45239258
0.63227432 495.60479736
0.64784981 495.75720215
0.67454304 495.90960693
0.72539708 496.06201172
0.74580869 496.21438599
0.77731239 496.36679077
0.79661912 496.51919556
0.78219660 496.67160034
0.77037266 496.82400513
0.72713597 496.97640991
0.70252386 497.12881470
0.70955763 497.28118896
0.68542460 497.43359375
0.69420852 497.58599854
0.67119614 497.73840332
0.65412471 497.89080811
0.64819805 498.04321289
0.65605463 498.19558716
0.69963498 498.34799194
0.70064885 498.50039673
0.73147041 498.65280151
0.70538416 498.80520630
0.67781321 498.95761108
0.67447458 499.10998535
0.62322570 499.26239014
0.59948601 499.41479492
0.66449104 499.56719971
0.70419280 499.71960449
0.75733401 499.87200928
0.77600369 500.02441406
0.76363974 500.17678833
0.74564171 500.32919312
0.71708851 500.48159790
0.66713174 500.63400269
0.68237930 500.78640747
0.69264940 500.93881226
0.70033670 501.09118652
0.71773308 501.24359131
0.73922920 501.39599609
0.72769406 501.54840088
0.72651246 501.70080566
0.68082919 501.85321045
0.66079596 502.00561523
0.60486961 502.15798950
0.57084783 502.31039429
0.55873584 502.46279907
0.53708553 502.61520386
0.53254200 502.76760864
0.51350909 502.92001343
0.46975344 503.07238770
0.49064637 503.22479248
0.48475655 503.37719727
0.50117365 503.52960205
0.51938233 503.68200684
0.53806480 503.83441162
0.49226114 503.98678589
0.44856270 504.13919067
0.41712591 504.29159546
0.37186227 504.44400024
0.39189252 504.59640503
0.39716486 504.74880981
0.40030489 504.90121460
0.41302536 505.05358887
0.44574905 505.20599365
0.46099207 505.35839844
0.48588473 505.51080322
0.52545485 505.66320801
0.54204645 505.81561279
0.56547100 505.96798706
0.58619241 506.12039185
0.63340927 506.27279663
0.62103929 506.42520142
0.61592194 506.57760620
0.57315457 506.73001099
0.52881678 506.88238525
0.49967473 507.03479004
0.48050411 507.18719482
0.46253920 507.33959961
0.46418106 507.49200439
0.47382162 507.64440918
0.50534564 507.79681396
0.61149650 507.94918823
0.68192805 508.10159302
0.71966598 508.25399780
0.76875714 508.40640259
0.75597499 508.55880737
0.77099313 508.71121216
0.72603866 508.86358643
0.71044137 509.01599121
0.72502255 509.16839600
0.73554387 509.32080078
0.73262263 509.47320557
0.76179784 509.62561035
0.72907340 509.77801514
0.70874081 509.93038940
0.69611364 510.08279419
0.67045156 510.23519897
0.67590889 510.38760376
0.67346375 510.54000854
0.64899153 510.69241333
0.63862818 510.84478760
0.62370099 510.99719238
0.62605966 511.14959717
0.63701266 511.30200195
0.64995123 511.45440674
0.67229196 511.60681152
0.70219368 511.75918579
0.72188624 511.91159058
0.75362688 512.06402588
0.76797715 512.21636963
0.80071961 512.36877441
0.79947414 512.52117920
0.77116987 512.67358398
0.75552443 512.82598877
0.74296945 512.97839355
0.75158943 513.13079834
0.76136237 513.28320312
0.76826521 513.43560791
0.77374509 513.58801270
0.75070414 513.74041748
0.72754964 513.89282227
0.68028619 514.04522705
0.67710099 514.19757080
0.66976866 514.34997559
0.66285446 514.50238037
0.70552778 514.65478516
0.70939289 514.80718994
0.73170205 514.95959473
0.74321389 515.11199951
0.75683462 515.26440430
0.71167559 515.41680908
0.68836087 515.56921387
0.67018984 515.72161865
0.66540490 515.87402344
0.70063985 516.02642822
0.72201788 516.17877197
0.74378323 516.33117676
0.76612849 516.48358154
0.76989433 516.63598633
0.76219722 516.78839111
0.75975207 516.94079590
0.75701365 517.09320068
0.76050492 517.24560547
0.75861942 517.39801025
0.73122900 517.55041504
0.71089715 517.70281982
0.68586609 517.85522461
0.69150314 518.00762939
0.70420932 518.15997314
0.70221623 518.31237793
0.70198762 518.46478271
0.70298566 518.61718750
0.68094505 518.76959229
0.65897208 518.92199707
0.63474580 519.07440186
0.64202620 519.22680664
0.64327024 519.37921143
0.66107271 519.53161621
0.69118353 519.68402100
0.74537546 519.83642578
0.76404737 519.98876953
0.79023066 520.14117432
0.81432456 520.29357910
0.82550772 520.44598389
0.83958572 520.59838867
0.82109662 520.75079346
0.81891549 520.90319824
0.80137319 521.05560303
0.75208205 521.20800781
0.72188171 521.36041260
0.70651234 521.51281738
0.68817507 521.66522217
0.67658353 521.81762695
0.68412347 521.96997070
0.69137530 522.12237549
0.70922218 522.27478027
0.75247615 522.42718506
0.75322297 522.57958984
0.76240024 522.73199463
0.78425591 522.88439941
0.80522028 523.03680420
0.80827005 523.18920898
0.82557015 523.34161377
0.82555586 523.49401855
0.82059643 523.64642334
0.80772556 523.79882812
0.77100742 523.95117188
0.76312307 524.10357666
0.75061164 524.25598145
0.73777234 524.40838623
0.74014077 524.56079102
0.71313389 524.71319580
0.70758933 524.86560059
0.68981090 525.01800537
0.67609240 525.17041016
0.71009237 525.32281494
0.71773009 525.47521973
0.73485644 525.62762451
0.78110078 525.78002930
0.78960640 525.93237305
0.77936488 526.08477783
0.78422355 526.23718262
0.77518239 526.38958740
0.78081497 526.54199219
0.77256355 526.69439697
0.73394332 526.84680176
0.69705751 526.99920654
0.61543758 527.15161133
0.57787707 527.30401611
0.50431300 527.45642090
0.49011088 527.60882568
0.48041764 527.76123047
0.48468660 527.91357422
0.46698644 528.06597900
0.46752566 528.21838379
0.45423137 528.37078857
0.41187015 528.52319336
0.41449651 528.67559814
0.40254845 528.82800293
0.39757399 528.98040771
0.40201446 529.13281250
0.39987619 529.28521729
0.39964454 529.43762207
0.44037291 529.59002686
0.45908850 529.74237061
0.47563046 529.89477539
0.51225754 530.04718018
0.52731786 530.19958496
0.56298752 530.35198975
0.62737657 530.50439453
0.65501447 530.65679932
0.66611110 530.80920410
0.67993266 530.96160889
0.66863445 531.11401367
0.63494807 531.26641846
0.60703347 531.41882324
0.59602630 531.57122803
0.61736594 531.72357178
0.64836429 531.87597656
0.67924902 532.02838135
0.72972325 532.18078613
0.72574682 532.33319092
0.71719530 532.48559570
0.73266624 532.63800049
0.69989825 532.79040527
0.69391748 532.94281006
0.70630622 533.09521484
0.70925678 533.24761963
0.71142885 533.40002441
0.75122614 533.55242920
0.75081546 533.70477295
0.73147494 533.85717773
0.71531353 534.00958252
0.69070445 534.16198730
0.65585609 534.31439209
0.66030178 534.46679688
0.63938631 534.61920166
0.67765301 534.77160645
0.66739421 534.92401123
0.69805033 535.07641602
0.68943936 535.22882080
0.67464609 535.38122559
0.65747689 535.53363037
0.65850878 535.68597412
0.68379852 535.83837891
0.71980140 535.99078369
0.75447825 536.14318848
0.78470492 536.29559326
0.81673286 536.44799805
0.75483252 536.60040283
0.68111949 536.75280762
0.65030849 536.90521240
0.64088299 537.05761719
0.62840169 537.21002197
0.61470952 537.36242676
0.57370888 537.51477051
0.53172448 537.66717529
0.49888803 537.81958008
0.47320035 537.97198486
0.46505951 538.12438965
0.47468505 538.27679443
0.50078857 538.42919922
0.53050305 538.58160400
0.56208497 538.73400879
0.57756268 538.88641357
0.61067370 539.03881836
0.64379516 539.19122314
0.65623888 539.34362793
0.65474369 539.49597168
0.66520630 539.64837646
0.63901929 539.80078125
0.64456236 539.95318604
0.65516562 540.10559082
0.64360190 540.25799561
0.68319986 540.41040039
0.68285465 540.56280518
0.66627429 540.71520996
0.68315550 540.86761475
0.65879454 541.02001953
0.66203614 541.17242432
0.70206509 541.32482910
0.72753535 541.47717285
0.68040876 541.62957764
0.64336497 541.78198242
0.60612191 541.93438721
0.57472046 542.08679199
0.59219878 542.23919678
0.59823676 542.39160156
0.63908850 542.54400635
0.67530644 542.69641113
0.68128572 542.84881592
0.67872776 543.00122070
0.68185581 543.15362549
0.68579161 543.30603027
0.68664000 543.45837402
0.68685437 543.61077881
0.69778706 543.76318359
0.65560487 543.91558838
0.68945439 544.06799316
0.69521183 544.22039795
0.71840697 544.37280273
0.69563078 544.52520752
0.69176940 544.67761230
0.68003796 544.83001709
0.63893431 544.98242188
0.62851754 545.13482666
0.65597487 545.28717041
0.65381405 545.43957520
0.66891872 545.59197998
0.64993695 545.74438477
0.63811450 545.89678955
0.64284676 546.04919434
0.62899513 546.20159912
0.64652538 546.35400391
0.66526346 546.50640869
0.67451222 546.65881348
0.69992533 546.81121826
0.68618347 546.96362305
0.68606916 547.11602783
0.67693097 547.26837158
0.64544460 547.42077637
0.68844511 547.57318115
0.71798051 547.72558594
0.74035210 547.87799072
0.78089622 548.03039551
0.79323986 548.18280029
0.78743657 548.33520508
0.78945147 548.48760986
0.73885014 548.64001465
0.73038738 548.79241943
0.70402656 548.94482422
0.68294715 549.09722900
0.70205229 549.24957275
0.73483308 549.40197754
0.75044771 549.55438232
0.78222145 549.70678711
0.80407930 549.85919189
0.75697601 550.01159668
0.74383212 550.16400146
0.67971455 550.31640625
0.63448104 550.46881104
0.58831261 550.62121582
0.54305953 550.77362061
0.50562090 550.92602539
0.48098170 551.07843018
0.47612756 551.23077393
0.47016108 551.38317871
0.43803840 551.53558350
0.40956795 551.68798828
0.39641798 551.84039307
0.38233997 551.99279785
0.37233836 552.14520264
0.37616439 552.29760742
0.37902538 552.45001221
0.38555903 552.60241699
0.39467082 552.75482178
0.40100891 552.90722656
0.40470629 553.05957031
0.42900700 553.21197510
0.43876944 553.36437988
0.46999037 553.51678467
0.51010051 553.66918945
0.55752870 553.82159424
0.57005436 553.97399902
0.57850810 554.12640381
0.61424094 554.27880859
0.63210739 554.43121338
0.66137132 554.58361816
0.68035614 554.73602295
0.69697855 554.88842773
0.75203763 555.04077148
0.76240551 555.19317627
0.78772687 555.34558105
0.77748087 555.49798584
0.79763822 555.65039062
0.79466287 555.80279541
0.78540888 555.95520020
0.79441389 556.10760498
0.78945824 556.26000977
0.80875143 556.41241455
0.77853456 556.56481934
0.76709422 556.71722412
0.73003236 556.86962891
0.71660191 557.02197266
0.67001982 557.17437744
0.64268655 557.32678223
0.65039422 557.47918701
0.65069731 557.63159180
0.69568718 557.78399658
0.71573247 557.93640137
0.71773761 558.08880615
0.73303778 558.24121094
0.74387350 558.39361572
0.70319401 558.54602051
0.71625745 558.69842529
0.72336187 558.85083008
0.75186767 559.00317383
0.76438134 559.15557861
0.79103015 559.30798340
0.83028514 559.46038818
0.81285496 559.61279297
0.83120651 559.76519775
0.80558580 559.91760254
0.76981761 560.07000732
0.74664577 560.22241211
0.69107221 560.37481689
0.69215225 560.52722168
0.69310214 560.67962646
0.72441035 560.83197021
0.75163378 560.98437500
0.75313575 561.13677979
0.75529880 561.28918457
0.73402383 561.44158936
0.73985719 561.59399414
0.72658620 561.74639893
0.74117340 561.89880371
0.74075825 562.05120850
0.73927734 562.20361328
0.75162248 562.35601807
0.70346474 562.50842285
0.67235140 562.66082764
0.67912266 562.81317139
0.64551753 562.96557617
0.65294466 563.11798096
0.64694128 563.27038574
0.63511207 563.42279053
0.64301076 563.57519531
0.62994129 563.72760010
0.60558114 563.88000488
0.62297144 564.03240967
0.63959994 564.18481445
0.65608774 564.33721924
0.68303287 564.48962402
0.69296150 564.64202881
0.69365421 564.79437256
0.70953353 564.94677734
0.72104463 565.09918213
0.72588069 565.25158691
0.74523028 565.40399170
0.74912626 565.55639648
0.76098406 565.70880127
0.78455900 565.86120605
0.79947259 566.01361084
0.73536409 566.16601562
0.69818868 566.31842041
0.66834037 566.47082520
0.61003063 566.62322998
0.54982855 566.77557373
0.51761033 566.92797852
0.45723903 567.08038330
0.43646046 567.23278809
0.43281197 567.38519287
0.43905222 567.53759766
0.47837566 567.69000244
0.50770879 567.84240723
0.54941637 567.99481201
0.61212603 568.14721680
0.64111091 568.29962158
0.64366359 568.45202637
0.67097953 568.60437012
0.68856165 568.75677490
0.68937544 568.90917969
0.70994869 569.06158447
0.70499155 569.21398926
0.70986222 569.36639404
0.72591759 569.51879883
0.72036695 569.67120361
0.73928710 569.82360840
0.76954906 569.97601318
0.74220157 570.12841797
0.74864036 570.28082275
0.73361240 570.43322754
0.71298274 570.58557129
0.70100083 570.73797607
0.69025016 570.89038086
0.71167559 571.04278564
0.75647736 571.19519043
0.76796287 571.34759521
0.77724543 571.50000000
0.76097425 571.65240479
0.72380336 571.80480957
0.67163614 571.95721436
0.63597847 572.10961914
0.63331074 572.26202393
0.68462435 572.41442871
0.74154346 572.56677246
0.79153029 572.71917725
0.84750931 572.87158203
0.85280036 573.02398682
0.84176920 573.17639160
0.86275985 573.32879639
0.85375702 573.48120117
0.81450508 573.63360596
0.79367837 573.78601074
0.77105935 573.93841553
0.76656098 574.09082031
0.75856674 574.24322510
0.78258020 574.39562988
0.80485625 574.54797363
0.81171852 574.70037842
0.77962814 574.85278320
0.74886598 575.00518799
0.74472940 575.15759277
0.73372223 575.30999756
0.71681928 575.46240234
0.68733271 575.61480713
0.72974356 575.76721191
0.72105593 575.91961670
0.71617545 576.07202148
0.74436761 576.22442627
0.74615614 576.37677002
0.74679697 576.52917480
0.79266599 576.68157959
0.76862172 576.83398438
0.78685518 576.98638916
0.81001423 577.13879395
0.78271103 577.29119873
0.77410011 577.44360352
0.75011524 577.59600830
0.71160111 577.74841309
0.70345349 577.90081787
0.66883150 578.05322266
0.70443271 578.20562744
0.73829359 578.35797119
0.77129398 578.51037598
0.85538609 578.66278076
0.86099089 578.81518555
0.84512660 578.96759033
0.83387269 579.11999512
0.81923212 579.27239990
0.80792634 579.42480469
0.78128882 579.57720947
0.77248534 579.72961426
0.74679468 579.88201904
0.69028551 580.03442383
0.66804256 580.18682861
0.60586243 580.33917236
0.56764685 580.49157715
0.56256106 580.64398193
0.50311413 580.79638672
0.46484439 580.94879150
0.43114905 581.10119629
0.40438587 581.25360107
0.40483414 581.40600586
0.43658303 581.55841064
0.47359147 581.71081543
0.46476618 581.86322021
0.45252180 582.01562500
0.45588901 582.16802979
0.45007821 582.32037354
0.45806263 582.47277832
0.52312935 582.62518311
0.54555505 582.77758789
0.59746733 582.92999268
0.60985613 583.08239746
0.60711243 583.23480225
0.63857327 583.38720703
0.63934046 583.53961182
0.66014232 583.69201660
0.67126534 583.84442139
0.71256082 583.99682617
0.70886871 584.14916992
0.71678691 584.30157471
0.71471486 584.45397949
0.65083118 584.60638428
0.65311462 584.75878906
0.61570532 584.91119385
0.60751634 585.06359863
0.60676045 585.21600342
0.59583975 585.36840820
0.60503808 585.52081299
0.63978792 585.67321777
0.65871484 585.82562256
0.66315457 585.97802734
0.72259020 586.13037109
0.73722630 586.28277588
0.75260927 586.43518066
0.76115178 586.58758545
0.74856743 586.73999023
0.80829037 586.89239502
0.78506970 587.04479980
0.80598064 587.19720459
0.81154029 587.34960938
0.79987501 587.50201416
0.79495546 587.65441895
0.76163012 587.80682373
0.73158247 587.95922852
0.72236911 588.11157227
0.69082323 588.26397705
0.74225269 588.41638184
0.80012772 588.56878662
0.85193550 588.72119141
0.90626050 588.87359619
0.91153662 589.02600098
0.84588851 589.17840576
0.80212230 589.33081055
0.70701546 589.48321533
0.70591964 589.63562012
0.67410005 589.78802490
0.64891555 589.94042969
0.63885908 590.09277344
0.66631566 590.24517822
0.73565743 590.39758301
0.79601891 590.54998779
0.85033949 590.70239258
0.83673603 590.85479736
0.82648475 591.00720215
0.78896183 591.15960693
0.79507125 591.31201172
0.79954409 591.46441650
0.81589423 591.61682129
0.83021444 591.76922607
0.86012672 591.92156982
0.85808773 592.07397461
0.86100294 592.22637939
0.82852823 592.37878418
0.81202384 592.53118896
0.79880249 592.68359375
0.77517562 592.83599854
0.75705801 592.98840332
0.75142095 593.14080811
0.74000311 593.29321289
0.72951719 593.44561768
0.71520221 593.59802246
0.70405893 593.75042725
0.67735743 593.90277100
0.65341318 594.05517578
0.65214591 594.20758057
0.61530290 594.35998535
0.62515710 594.51239014
0.59723344 594.66479492
0.58335243 594.81719971
0.56848543 594.96960449
0.54611010 595.12200928
0.53036918 595.27441406
0.50780129 595.42681885
0.50674156 595.57922363
0.52867918 595.73162842
0.55947589 595.88397217
0.62744502 596.03637695
0.65844406 596.18878174
0.67907980 596.34118652
0.69192513 596.49359131
0.68078707 596.64599609
0.64199688 596.79840088
0.65429319 596.95080566
0.66683916 597.10321045
0.70587001 597.25561523
0.71792559 597.40802002
0.74519947 597.56042480
0.74897283 597.71282959
0.73087398 597.86517334
0.72764891 598.01757812
0.71355283 598.16998291
0.71294740 598.32238770
0.73812512 598.47479248
0.75121937 598.62719727
0.77202657 598.77960205
0.76846983 598.93200684
0.72031209 599.08441162
0.72532713 599.23681641
0.70844374 599.38922119
0.69605873 599.54162598
0.72465324 599.69396973
0.72606420 599.84637451
0.72049635 599.99877930
0.70117384 600.15118408
0.70015847 600.30358887
0.71376721 600.45599365
0.71499391 600.60839844
0.71777818 600.76080322
0.74033477 600.91320801
0.73543702 601.06561279
0.74656607 601.21801758
0.75743931 601.37042236
0.75826515 601.52282715
0.75443464 601.67517090
0.74987607 601.82757568
0.76230097 601.97998047
0.76682269 602.13238525
0.78379181 602.28479004
0.77932431 602.43719482
0.77241315 602.58959961
0.75509275 602.74200439
0.72705552 602.89440918
0.72066029 603.04681396
0.71617471 603.19921875
0.72266164 603.35162354
0.72593784 603.50402832
0.72213821 603.65637207
0.71561891 603.80877686
0.73356426 603.96118164
0.73677132 604.11358643
0.75280557 604.26599121
0.74781831 604.41839600
0.71011194 604.57080078
0.69166410 604.72320557
0.64771898 604.87561035
0.60166410 605.02801514
0.57158868 605.18041992
0.52773302 605.33282471
0.51106395 605.48522949
0.47829894 605.63757324
0.47230308 605.78997803
0.47073570 605.94238281
0.46264375 606.09478760
0.46656297 606.24719238
0.47290857 606.39959717
0.43244794 606.55200195
0.43572862 606.70440674
0.47318457 606.85681152
0.47848922 607.00921631
0.52868291 607.16162109
0.59540733 607.31402588
0.60889493 607.46636963
0.67238974 607.61877441
0.71198918 607.77117920
0.74199695 607.92358398
0.79901532 608.07598877
0.81880641 608.22839355
0.79110085 608.38079834
0.79255168 608.53320312
0.77177232 608.68560791
0.76234687 608.83801270
0.76912341 608.99041748
0.76720853 609.14282227
0.80000888 609.29522705
0.76458292 609.44757080
0.73964964 609.59997559
0.74756560 609.75238037
0.73625609 609.90478516
0.74616669 610.05718994
0.81864620 610.20959473
0.85488377 610.36199951
0.85432946 610.51440430
0.84622695 610.66680908
0.80122732 610.81921387
0.80245248 610.97161865
0.78102705 611.12402344
0.78168969 611.27642822
0.76806294 611.42877197
0.74426082 611.58117676
0.73685854 611.73358154
0.70771121 611.88598633
0.71446514 612.03839111
0.69673709 612.19079590
0.70026755 612.34320068
0.73275575 612.49560547
0.70579179 612.64801025
0.71550610 612.80041504
0.71161390 612.95281982
0.70167099 613.10522461
0.73100934 613.25762939
0.73388169 613.40997314
0.73116129 613.56237793
0.75761530 613.71478271
0.76692873 613.86718750
0.72812276 614.01959229
0.74708876 614.17199707
0.73830863 614.32440186
0.76285453 614.47680664
0.79955235 614.62921143
0.81131162 614.78161621
0.86598114 614.93402100
0.87437848 615.08642578
0.84856823 615.23876953
0.83035061 615.39117432
0.80282626 615.54357910
0.81569942 615.69598389
0.82401482 615.84838867
0.83740763 616.00079346
0.81833708 616.15319824
0.76656321 616.30560303
0.72058735 616.45800781
0.67467542 616.61041260
0.67056890 616.76281738
0.69200782 616.91522217
0.69608880 617.06762695
0.70680487 617.21997070
0.74883666 617.37237549
0.75336361 617.52478027
0.78799691 617.67718506
0.80151538 617.82958984
0.79761337 617.98199463
0.81836417 618.13439941
0.76714684 618.28680420
0.71598816 618.43920898
0.70611594 618.59161377
0.68338939 618.74401855
0.71980587 618.89642334
0.72100928 619.04882812
0.73106500 619.20117188
0.73164416 619.35357666
0.68770425 619.50598145
0.68292683 619.65838623
0.66935499 619.81079102
0.68298026 619.96319580
0.71799181 620.11560059
0.73160278 620.26800537
0.77285310 620.42041016
0.78947706 620.57281494
0.79033222 620.72521973
0.80054890 620.87762451
0.75535900 621.03002930
0.75061916 621.18237305
0.71712311 621.33477783
0.67394736 621.48718262
0.65833428 621.63958740
0.60372640 621.79199219
0.59934761 621.94439697
0.61976823 622.09680176
0.61668081 622.24920654
0.62971263 622.40161133
0.63799939 622.55401611
0.63809717 622.70642090
0.65190072 622.85882568
0.64955410 623.01123047
0.64901563 623.16357422
0.64455558 623.31597900
0.64549045 623.46838379
0.64464280 623.62078857
0.63328291 623.77319336
0.62948775 623.92559814
0.64457664 624.07800293
0.65465343 624.23040771
0.68895649 624.38281250
0.71830695 624.53521729
0.70533980 624.68762207
0.69826918 624.84002686
0.72686220 624.99237061
0.71766388 625.14477539
0.71047069 625.29718018
0.76905421 625.44958496
0.73321905 625.60198975
0.73818675 625.75439453
0.72112135 625.90679932
0.67380821 626.05920410
0.67339380 626.21160889
0.64420206 626.36401367
0.65863359 626.51641846
0.69384753 626.66882324
0.71589268 626.82122803
0.72814606 626.97357178
0.75077863 627.12597656
0.76016350 627.27838135
0.76767785 627.43078613
0.75429927 627.58319092
0.73356730 627.73559570
0.74433077 627.88800049
0.75523040 628.04040527
0.75565681 628.19281006
0.76056207 628.34521484
0.76970778 628.49761963
0.76752063 628.65002441
0.77810214 628.80242920
0.76700241 628.95477295
0.76727245 629.10717773
0.76445203 629.25958252
0.77268617 629.41198730
0.78539758 629.56439209
0.83687811 629.71679688
0.84898563 629.86920166
0.90580845 630.02160645
0.87957553 630.17401123
0.83599742 630.32641602
0.81789037 630.47882080
0.78992229 630.63122559
0.77074949 630.78363037
0.74818762 630.93597412
0.74194961 631.08837891
0.74142686 631.24078369
0.74569812 631.39318848
0.75295597 631.54559326
0.74318457 631.69799805
0.73646593 631.85040283
0.74078608 632.00280762
0.76184071 632.15521240
0.79147016 632.30761719
0.80661092 632.46002197
0.80161913 632.61242676
0.79737197 632.76477051
0.78166938 632.91717529
0.69406564 633.06958008
0.67000031 633.22198486
0.64103494 633.37438965
0.59584205 633.52679443
0.58841039 633.67919922
0.57305002 633.83160400
0.52319252 633.98400879
0.48035670 634.13641357
0.42310220 634.28881836
0.37751740 634.44122314
0.37636666 634.59362793
0.40811258 634.74597168
0.45410875 634.89837646
0.51169199 635.05078125
0.56901190 635.20318604
0.60286751 635.35559082
0.63647035 635.50799561
0.64631399 635.66040039
0.68971691 635.81280518
0.72087088 635.96520996
0.73262791 636.11761475
0.76150525 636.27001953
0.75068687 636.42242432
0.75051691 636.57482910
0.71458776 636.72717285
0.68789602 636.87957764
0.68477177 637.03198242
0.59904830 637.18438721
0.59906632 637.33679199
0.60255989 637.48919678
0.62131231 637.64160156
0.67368639 637.79400635
0.70732084 637.94641113
0.74629678 638.09881592
0.75883076 638.25122070
0.76624882 638.40362549
0.73645388 638.55603027
0.67400830 638.70837402
0.67640226 638.86077881
0.69592182 639.01318359
0.71214715 639.16558838
0.79759759 639.31799316
0.82216007 639.47039795
0.85678585 639.62280273
0.88866340 639.77520752
0.89727052 639.92761230
0.84572004 640.08001709
0.84797032 640.23242188
0.79114974 640.38482666
0.76334944 640.53717041
0.76108935 640.68957520
0.69988924 640.84197998
0.72835367 640.99438477
0.74360346 641.14678955
0.75389990 641.29919434
0.82598909 641.45159912
0.85740557 641.60400391
0.89605438 641.75640869
0.91978649 641.90881348
0.87937997 642.06121826
0.86307798 642.21362305
0.82173666 642.36602783
0.78421976 642.51837158
0.79438382 642.67077637
0.79910111 642.82318115
0.79517052 642.97558594
0.78232146 643.12799072
0.77111271 643.28039551
0.73762045 643.43280029
0.74693159 643.58520508
0.73726468 643.73760986
0.77139928 643.89001465
0.77265984 644.04241943
0.77892568 644.19482422
0.87515921 644.34722900
0.86009207 644.49957275
0.87265083 644.65197754
0.84965275 644.80438232
0.85379696 644.95678711
0.85747478 645.10919189
0.86283055 645.26159668
0.89324142 645.41400146
0.88303380 645.56640625
0.88670187 645.71881104
0.86502298 645.87121582
0.82287080 646.02362061
0.83171262 646.17602539
0.82098002 646.32843018
0.81180648 646.48077393
0.81456900 646.63317871
0.80999540 646.78558350
0.78600605 646.93798828
0.78021556 647.09039307
0.75521233 647.24279785
0.68124509 647.39520264
0.66244005 647.54760742
0.65828838 647.70001221
0.65058828 647.85241699
0.66323353 648.00482178
0.68277116 648.15722656
0.71589492 648.30957031
0.76262890 648.46197510
0.81278799 648.61437988
0.83427436 648.76678467
0.85211293 648.91918945
0.85572464 649.07159424
0.84460615 649.22399902
0.83569284 649.37640381
0.80824222 649.52880859
0.78720343 649.68121338
0.78674461 649.83361816
0.71651165 649.98602295
0.79875062 650.13842773
0.86218225 650.29077148
0.81786701 650.44317627
0.80836709 650.59558105
0.79957341 650.74798584
0.82158098 650.90039062
0.79745397 651.05279541
0.76716939 651.20520020
0.72598300 651.35760498
0.67380448 651.51000977
0.64661713 651.66241455
0.61437705 651.81481934
0.58860221 651.96722412
0.60404458 652.11962891
0.62302561 652.27197266
0.67740936 652.42437744
0.76743868 652.57678223
0.75497167 652.72918701
0.75233022 652.88159180
0.75560195 653.03399658
0.75090045 653.18640137
0.75745813 653.33880615
0.78395276 653.49121094
0.74918491 653.64361572
0.73888922 653.79602051
0.71930350 653.94842529
0.68800206 654.10083008
0.70398823 654.25317383
0.74951657 654.40557861
0.80987582 654.55798340
0.80680269 654.71038818
0.82685550 654.86279297
0.78608575 655.01519775
0.77311562 655.16760254
0.75495962 655.32000732
0.74243546 655.47241211
0.76065388 655.62481689
0.76128566 655.77722168
0.75838174 655.92962646
0.79143481 656.08197021
0.79929437 656.23437500
0.80033303 656.38677979
0.86856469 656.53918457
0.86300200 656.69158936
0.86884815 656.84399414
0.83313270 656.99639893
0.83961808 657.14880371
0.82899526 657.30120850
0.82326645 657.45361328
0.83822750 657.60601807
0.85512890 657.75842285
0.85435046 657.91082764
0.87365421 658.06317139
0.86212808 658.21557617
0.86919038 658.36798096
0.88715989 658.52038574
0.89982389 658.67279053
0.90108824 658.82519531
0.87776078 658.97760010
0.82725114 659.13000488
0.78872416 659.28240967
0.76848412 659.43481445
0.73025650 659.58721924
0.72709385 659.73962402
0.76083814 659.89202881
0.81271805 660.04437256
0.87887306 660.19677734
0.90591908 660.34918213
0.91319575 660.50158691
0.91096797 660.65399170
0.88325185 660.80639648
0.83762120 660.95880127
0.79173262 661.11120605
0.78875429 661.26361084
0.75485283 661.41601562
0.73181561 661.56842041
0.71936140 661.72082520
0.69946731 661.87322998
0.72120931 662.02557373
0.74743247 662.17797852
0.73732034 662.33038330
0.76759057 662.48278809
0.76797492 662.63519287
0.75520103 662.78759766
0.73847635 662.94000244
0.68543889 663.09240723
0.57184816 663.24481201
0.51032235 663.39721680
0.43271941 663.54962158
0.42501255 663.70202637
0.42677852 663.85437012
0.42840305 664.00677490
0.42613166 664.15917969
0.44369428 664.31158447
0.43232009 664.46398926
0.42229742 664.61639404
0.44384020 664.76879883
0.45515045 664.92120361
0.49833895 665.07360840
0.54384101 665.22601318
0.60868285 665.37841797
0.64964063 665.53082275
0.70150700 665.68322754
0.69373919 665.83557129
0.68250714 665.98797607
0.68851500 666.14038086
0.68888959 666.29278564
0.71414627 666.44519043
0.72439979 666.59759521
0.73154110 666.75000000
0.74806201 666.90240479
0.77988309 667.05480957
0.78956658 667.20721436
0.79942376 667.35961914
0.81175008 667.51202393
0.78658744 667.66442871
0.77989439 667.81677246
0.75604867 667.96917725
0.74358165 668.12158203
0.74475872 668.27398682
0.71837311 668.42639160
0.69601431 668.57879639
0.65787701 668.73120117
0.65710609 668.88360596
0.64381777 669.03601074
0.65558754 669.18841553
0.65784086 669.34082031
0.68599772 669.49322510
0.71597990 669.64562988
0.72676293 669.79797363
0.73203074 669.95037842
0.74532278 670.10278320
0.75862992 670.25518799
0.75945874 670.40759277
0.77643916 670.55999756
0.76201142 670.71240234
0.77085249 670.86480713
0.75929480 671.01721191
0.72457055 671.16961670
0.74406377 671.32202148
0.75637959 671.47442627
0.75677523 671.62677002
0.80273755 671.77917480
0.79688009 671.93157959
0.81870639 672.08398438
0.82761362 672.23638916
0.85601487 672.38879395
0.85545988 672.54119873
0.85799672 672.69360352
0.82974965 672.84600830
0.80388226 672.99841309
0.77113756 673.15081787
0.75694520 673.30322266
0.75119080 673.45562744
0.73131243 673.60797119
0.71267059 673.76037598
0.70575346 673.91278076
0.67727096 674.06518555
0.66642773 674.21759033
0.69971170 674.36999512
0.69943718 674.52239990
0.77689345 674.67480469
0.78307580 674.82720947
0.78571501 674.97961426
0.81067383 675.13201904
0.81093256 675.28442383
0.78326912 675.43682861
0.74577707 675.58917236
0.71082342 675.74157715
0.67489054 675.89398193
0.67079453 676.04638672
0.65966100 676.19879150
0.64442923 676.35119629
0.66228885 676.50360107
0.67280868 676.65600586
0.67953403 676.80841064
0.73451421 676.96081543
0.75696402 677.11322021
0.80518040 677.26562500
0.81666366 677.41802979
0.82220673 677.57037354
0.79823539 677.72277832
0.77114433 677.87518311
0.78075707 678.02758789
0.76752814 678.17999268
0.80068880 678.33239746
0.81185015 678.48480225
0.81231867 678.63720703
0.79339255 678.78961182
0.76630827 678.94201660
0.77361799 679.09442139
0.72580173 679.24682617
0.69995993 679.39916992
0.64052275 679.55157471
0.59438220 679.70397949
0.55329881 679.85638428
0.52553685 680.00878906
0.50527495 680.16119385
0.50165050 680.31359863
0.51472524 680.46600342
0.52746298 680.61840820
0.58947539 680.77081299
0.66784322 680.92321777
0.71273227 681.07562256
0.74297846 681.22802734
0.74026936 681.38037109
0.74201427 681.53277588
0.74736402 681.68518066
0.78219436 681.83758545
0.82272792 681.98999023
0.84599524 682.14239502
0.84328236 682.29479980
0.82675473 682.44720459
0.77628503 682.59960938
0.76765605 682.75201416
0.76395488 682.90441895
0.76329154 683.05682373
0.77583677 683.20922852
0.77918212 683.36157227
0.77998087 683.51397705
0.76086293 683.66638184
0.74636225 683.81878662
0.75640816 683.97119141
0.76640450 684.12359619
0.76149998 684.27600098
0.79277203 684.42840576
0.81853338 684.58081055
0.81733078 684.73321533
0.82712175 684.88562012
0.81890045 685.03802490
0.79831136 685.19042969
0.79355879 685.34277344
0.77107438 685.49517822
0.75911652 685.64758301
0.79886114 685.79998779
0.79613999 685.95239258
0.80676660 686.10479736
0.84244527 686.25720215
0.79428679 686.40960693
0.79232681 686.56201172
0.81121006 686.71441650
0.82291895 686.86682129
0.83329509 687.01922607
0.84919255 687.17156982
0.86257784 687.32397461
0.81027824 687.47637939
0.80433127 687.62878418
0.75369757 687.78118896
0.75313649 687.93359375
0.77974096 688.08599854
0.78098046 688.23840332
0.80670945 688.39080811
0.84290329 688.54321289
0.85512362 688.69561768
0.87654383 688.84802246
0.86870080 689.00042725
0.87732904 689.15277100
0.85571110 689.30517578
0.86455590 689.45758057
0.87273358 689.60998535
0.85390828 689.76239014
0.83654426 689.91479492
0.83024531 690.06719971
0.76634884 690.21960449
0.75570197 690.37200928
0.75162850 690.52441406
0.72404482 690.67681885
0.71401687 690.82922363
0.74855314 690.98162842
0.77934835 691.13397217
0.79606929 691.28637695
0.83157203 691.43878174
0.85056213 691.59118652
0.83908030 691.74359131
0.82976847 691.89599609
0.77227326 692.04840088
0.75749124 692.20080566
0.73465032 692.35321045
0.73201869 692.50561523
0.78025917 692.65802002
0.80780750 692.81042480
0.86739365 692.96282959
0.84511983 693.11517334
0.84581105 693.26757812
0.86322912 693.41998291
0.85593523 693.57238770
0.86174305 693.72479248
0.85757703 693.87719727
0.80435307 694.02960205
0.72132895 694.18200684
0.63423206 694.33441162
0.55625684 694.48681641
0.50628653 694.63922119
0.46146364 694.79162598
0.43469902 694.94396973
0.44129050 695.09637451
0.44324073 695.24877930
0.41993428 695.40118408
0.39928958 695.55358887
0.39488067 695.70599365
0.36961796 695.85839844
0.37013393 696.01080322
0.38269947 696.16320801
0.38872391 696.31561279
0.43557369 696.46801758
0.47103581 696.62042236
0.52247875 696.77282715
0.60115191 696.92517090
0.72344312 697.07757568
0.77931977 697.22998047
0.81143574 697.38238525
0.82595070 697.53479004
0.82572737 697.68719482
0.79533148 697.83959961
0.76297187 697.99200439
0.75056580 698.14440918
0.72710212 698.29681396
0.71399208 698.44921875
0.71764586 698.60162354
0.72805132 698.75402832
0.70218089 698.90637207
0.74638555 699.05877686
0.74302511 699.21118164
0.73661863 699.36358643
0.72098971 699.51599121
0.68058027 699.66839600
0.69880467 699.82080078
0.68574197 699.97320557
0.68556300 700.12561035
0.71764660 700.27801514
0.72063320 700.43041992
0.72247813 700.58282471
0.70271488 700.73522949
0.70443874 700.88757324
0.68639635 701.03997803
0.70984339 701.19238281
0.73935929 701.34478760
0.72786254 701.49719238
0.73385610 701.64959717
0.72472474 701.80200195
0.70505019 701.95440674
0.71169889 702.10681152
0.68816227 702.25921631
0.70408900 702.41162109
0.72202086 702.56402588
0.70726139 702.71636963
0.71389126 702.86877441
0.68007709 703.02117920
0.66590802 703.17358398
0.68694309 703.32598877
0.71586106 703.47839355
0.73472704 703.63079834
0.76968598 703.78320312
0.77805474 703.93560791
0.79317066 704.08801270
0.81047150 704.24041748
0.80334522 704.39282227
0.82672013 704.54522705
0.81784073 704.69757080
0.80857246 704.84997559
0.76871652 705.00238037
0.74659011 705.15478516
0.73819501 705.30718994
0.72554375 705.45959473
0.72556710 705.61199951
0.78391145 705.76440430
0.81387331 705.91680908
0.84488663 706.06921387
0.80854009 706.22161865
0.78909496 706.37402344
0.78392195 706.52642822
0.77219952 706.67877197
0.81054369 706.83117676
0.81839728 706.98358154
0.81166136 707.13598633
0.83167130 707.28839111
0.79079403 707.44079590
0.76075465 707.59320068
0.76215510 707.74560547
0.72576863 707.89801025
0.74632765 708.05041504
0.76493415 708.20281982
0.73064761 708.35522461
0.67873981 708.50762939
0.60827372 708.65997314
0.54862216 708.81237793
0.46701800 708.96478271
0.42704477 709.11718750
0.41160614 709.26959229
0.40622857 709.42199707
0.42286751 709.57440186
0.47493999 709.72680664
0.49940469 709.87921143
0.55755274 710.03161621
0.61780067 710.18402100
0.63984209 710.33642578
0.64800628 710.48876953
0.63163807 710.64117432
0.63834690 710.79357910
0.64573489 710.94598389
0.66039658 711.09838867
0.66509803 711.25079346
0.66071097 711.40319824
0.66195719 711.55560303
0.66999950 711.70800781
0.65072663 711.86041260
0.69562096 712.01281738
0.76003715 712.16522217
0.78271258 712.31762695
0.79261262 712.46997070
0.81179449 712.62237549
0.79514120 712.77478027
0.72993912 712.92718506
0.70400929 713.07958984
0.66214746 713.23199463
0.63562276 713.38439941
0.66007840 713.53680420
0.64656446 713.68920898
0.66356370 713.84161377
0.66772891 713.99401855
0.66491900 714.14642334
0.66677822 714.29882812
0.69560897 714.45117188
0.72562500 714.60357666
0.76029284 714.75598145
0.77199570 714.90838623
0.76369540 715.06079102
0.73255417 715.21319580
0.70348959 715.36560059
0.67636915 715.51800537
0.66452266 715.67041016
0.69860911 715.82281494
0.72956907 715.97521973
0.75416913 716.12762451
0.76112768 716.28002930
0.76343896 716.43237305
0.76885113 716.58477783
0.76589684 716.73718262
0.77019363 716.88958740
0.78877385 717.04199219
0.79325564 717.19439697
0.79032694 717.34680176
0.77648208 717.49920654
0.78695520 717.65161133
0.78959211 717.80401611
0.73061599 717.95642090
0.73702477 718.10882568
0.70943880 718.26123047
0.72605593 718.41357422
0.74608848 718.56597900
0.72683891 718.71838379
0.68564649 718.87078857
0.63474953 719.02319336
0.56301386 719.17559814
0.53553921 719.32800293
0.48690159 719.48040771
0.49295684 719.63281250
0.47596666 719.78521729
0.45828825 719.93762207
0.44286695 720.09002686
0.42053374 720.24237061
0.39150296 720.39477539
0.37992117 720.54718018
0.39119384 720.69958496
0.39348325 720.85198975
0.40740185 721.00439453
0.46672846 721.15679932
0.54006386 721.30920410
0.59235072 721.46160889
0.62868974 721.61401367
0.64479848 721.76641846
0.67491005 721.91882324
0.69978618 722.07122803
0.71358215 722.22357178
0.72851611 722.37597656
0.72587771 722.52838135
0.69664913 722.68078613
0.68891064 722.83319092
0.65114259 722.98559570
0.64788819 723.13800049
0.63890723 723.29040527
0.62650035 723.44281006
0.65431424 723.59521484
0.68550660 723.74761963
0.71925237 723.90002441
0.73157042 724.05242920
0.76559450 724.20477295
0.77842852 724.35717773
0.78583982 724.50958252
0.80849872 724.66198730
0.84687146 724.81439209
0.84163826 724.96679688
0.84687226 725.11920166
0.79617539 725.27160645
0.76607656 725.42401123
0.72680505 725.57641602
0.69047578 725.72882080
0.67856836 725.88122559
0.65580944 726.03363037
0.63581000 726.18597412
0.63848530 726.33837891
0.64124553 726.49078369
0.67919559 726.64318848
0.71443283 726.79559326
0.77992974 726.94799805
0.78874074 727.10040283
0.79786235 727.25280762
0.80751795 727.40521240
0.77652718 727.55761719
0.80409359 727.71002197
0.81793323 727.86242676
0.82613800 728.01477051
0.85588106 728.16717529
0.82460218 728.31958008
0.80449446 728.47198486
0.75912180 728.62438965
0.71921025 728.77679443
0.70160477 728.92919922
0.67544255 729.08160400
0.68338864 729.23400879
0.70003137 729.38641357
0.72234954 729.53881836
0.71459379 729.69122314
0.70905222 729.84362793
0.69277047 729.99597168
0.72383194 730.14837646
0.73037006 730.30078125
0.74616440 730.45318604
0.79772923 730.60559082
0.79514648 730.75799561
0.81809642 730.91040039
0.82320476 731.06280518
0.78609252 731.21520996
0.77645947 731.36761475
0.75400141 731.52001953
0.73980606 731.67242432
0.74109967 731.82482910
0.73378317 731.97717285
0.74644723 732.12957764
0.73778364 732.28198242
0.71473891 732.43438721
0.71453813 732.58679199
0.71894922 732.73919678
0.70291273 732.89160156
0.71448769 733.04400635
0.71811289 733.19641113
0.66848325 733.34881592
0.62826707 733.50122070
0.62356413 733.65362549
0.60600605 733.80603027
0.63939159 733.95837402
0.72600182 734.11077881
0.79061425 734.26318359
0.87960112 734.41558838
0.87975835 734.56799316
0.81640791 734.72039795
0.72131088 734.87280273
0.65151414 735.02520752
0.58798771 735.17761230
0.55667957 735.33001709
0.50971542 735.48242188
0.51093834 735.63482666
0.52816321 735.78717041
0.53418311 735.93957520
0.55649451 736.09197998
0.55657949 736.24438477
0.56177964 736.39678955
0.57647966 736.54919434
0.57599381 736.70159912
0.57497093 736.85400391
0.54154855 737.00640869
0.48255212 737.15881348
0.43804288 737.31121826
0.41372863 737.46362305
0.38762580 737.61602783
0.38099518 737.76837158
0.38299051 737.92077637
0.39538235 738.07318115
0.44031800 738.22558594
0.49231078 738.37799072
0.56604786 738.53039551
0.63582807 738.68280029
0.68294411 738.83520508
0.71532558 738.98760986
0.71706068 739.14001465
0.72261579 739.29241943
0.70151227 739.44482422
0.64731885 739.59722900
0.64800399 739.74957275
0.66523867 739.90197754
0.68116614 740.05438232
0.72024438 740.20678711
0.70211926 740.35919189
0.70367384 740.51159668
0.66943321 740.66400146
0.63764971 740.81640625
0.64150047 740.96881104
0.67418050 741.12121582
0.71237880 741.27362061
0.72150414 741.42602539
0.72863042 741.57843018
0.72517599 741.73077393
0.71524662 741.88317871
0.71071514 742.03558350
0.71085199 742.18798828
0.71765337 742.34039307
0.70221549 742.49279785
0.74233314 742.64520264
0.72212920 742.79760742
0.75324781 742.95001221
0.75188649 743.10241699
0.77154141 743.25482178
0.79043448 743.40722656
0.77317501 743.55957031
0.78966958 743.71197510
0.75533645 743.86437988
0.70440190 744.01678467
0.69107674 744.16918945
0.67896245 744.32159424
0.65561463 744.47399902
0.65820116 744.62640381
0.67354873 744.77880859
0.69233122 744.93121338
0.73680965 745.08361816
0.78403103 745.23602295
0.78258318 745.38842773
0.76255672 745.54077148
0.75627584 745.69317627
0.73007672 745.84558105
0.71012772 745.99798584
0.74774234 746.15039062
0.72022183 746.30279541
0.80985855 746.45520020
0.87388959 746.60760498
0.86740260 746.76000977
0.85228438 746.91241455
0.84426611 747.06481934
0.83598238 747.21722412
0.83134343 747.36962891
0.80704260 747.52197266
0.80704260 747.67437744
0.82965262 747.82678223
0.20737535 747.97918701
0.20737535 748.13159180
0.20737535 748.28399658
0.20737535 748.43640137
0.43278184 748.58880615
0.54786782 748.74121094
0.63325812 748.89361572
0.72041435 749.04602051
0.78377678 749.19842529
0.81875826 749.35083008
0.88740204 749.50317383
0.88398898 749.65557861
0.84285968 749.80798340
0.82109358 749.96038818
0.74172019 750.11279297
0.64384107 750.26519775
0.57167820 750.41760254
0.46502789 750.57000732
0.46124782 750.72241211
0.45195545 750.87481689
0.46238874 751.02722168
0.45997751 751.17962646
0.45740825 751.33197021
0.43165596 751.48437500
0.40040646 751.63677979
0.39622322 751.78918457
0.38081994 751.94158936
0.37713156 752.09399414
0.40554263 752.24639893
0.40357507 752.39880371
0.46119968 752.55120850
0.48744763 752.70361328
0.60452819 752.85601807
0.63355220 753.00842285
0.62819942 753.16082764
0.65811090 753.31317139
0.66395481 753.46557617
0.67907073 753.61798096
0.69231618 753.77038574
0.69315103 753.92279053
0.70898525 754.07519531
0.68887828 754.22760010
0.64222853 754.38000488
0.59674380 754.53240967
0.65819290 754.68481445
0.69183636 754.83721924
0.76873379 754.98962402
0.85644512 755.14202881
0.86181145 755.29437256
0.88564134 755.44677734
0.85447085 755.59918213
0.81722698 755.75158691
0.76800877 755.90399170
0.74246329 756.05639648
0.71354680 756.20880127
0.70402507 756.36120605
0.73719697 756.51361084
0.76194371 756.66601562
0.79733134 756.81842041
0.79456658 756.97082520
0.78719064 757.12322998
0.77903774 757.27557373
0.72743229 757.42797852
0.72508194 757.58038330
0.69914310 757.73278809
0.65365688 757.88519287
0.64913142 758.03759766
0.60694246 758.19000244
0.61164012 758.34240723
0.68141661 758.49481201
0.73538968 758.64721680
0.77046442 758.79962158
0.83184655 758.95202637
0.78756442 759.10437012
0.80054666 759.25677490
0.82445626 759.40917969
0.88089783 759.56158447
0.88611221 759.71398926
0.87202365 759.86639404
0.84637362 760.01879883
0.73522947 760.17120361
0.69731022 760.32360840
0.70272618 760.47601318
0.67852549 760.62841797
0.71998863 760.78082275
0.72201185 760.93322754
0.72455024 761.08557129
0.74748515 761.23797607
0.71047970 761.39038086
0.70844300 761.54278564
0.70980128 761.69519043
0.71297821 761.84759521
0.76080204 762.00000000
0.79209969 762.15240479
0.84186537 762.30480957
0.88802784 762.45721436
0.90170417 762.60961914
0.79441693 762.76202393
0.74234743 762.91442871
0.56273929 763.06677246
0.52285707 763.21917725
0.49576750 763.37158203
0.47357867 763.52398682
0.46135461 763.67639160
0.44939376 763.82879639
0.44268792 763.98120117
0.44146351 764.13360596
0.45351760 764.28601074
0.46855531 764.43841553
0.50197315 764.59082031
0.55740309 764.74322510
0.60499298 764.89562988
0.63275271 765.04797363
0.65259262 765.20037842
0.65252193 765.35278320
0.61376037 765.50518799
0.57679629 765.65759277
0.55666975 765.80999756
0.52809630 765.96240234
0.51530060 766.11480713
0.51887915 766.26721191
0.51920106 766.41961670
0.52267282 766.57202148
0.54144550 766.72442627
0.53061661 766.87677002
0.55408775 767.02917480
0.54663583 767.18157959
0.53863787 767.33398438
0.57340728 767.48638916
0.57840280 767.63879395
0.57970169 767.79119873
0.59399712 767.94360352
0.58705658 768.09600830
0.58113899 768.24841309
0.55696010 768.40081787
0.50297199 768.55322266
0.49461075 768.70562744
0.48619534 768.85797119
0.49152632 769.01037598
0.51578949 769.16278076
0.53182151 769.31518555
0.57418795 769.46759033
0.59333901 769.61999512
0.59403694 769.77239990
0.57567563 769.92480469
0.57547256 770.07720947
0.52964113 770.22961426
0.54144251 770.38201904
0.56291454 770.53442383
0.62865744 770.68682861
0.65483843 770.83917236
0.68701080 770.99157715
0.72631168 771.14398193
0.70808195 771.29638672
0.71329260 771.44879150
0.66101928 771.60119629
0.69262759 771.75360107
0.72485333 771.90600586
0.74407732 772.05841064
0.79451092 772.21081543
0.81401097 772.36322021
0.82207285 772.51562500
0.81254659 772.66802979
0.80810158 772.82037354
0.80286241 772.97277832
0.79698011 773.12518311
0.70240129 773.27758789
0.65894500 773.42999268
0.59630684 773.58239746
0.59784036 773.73480225
0.59389406 773.88720703
0.61322862 774.03961182
0.68875571 774.19201660
0.71703061 774.34442139
0.83135318 774.49682617
0.87064730 774.64916992
0.88558040 774.80157471
0.83155998 774.95397949
0.80136119 775.10638428
0.74443383 775.25878906
0.70436953 775.41119385
0.72557611 775.56359863
0.73563109 775.71600342
0.84584330 775.86840820
0.83906986 776.02081299
0.82578676 776.17321777
0.81060612 776.32562256
0.74637878 776.47802734
0.69221766 776.63037109
0.67160906 776.78277588
0.66786807 776.93518066
0.69665211 777.08758545
0.73835149 777.23999023
0.77117968 777.39239502
0.84161795 777.54479980
0.84132771 777.69720459
0.81571675 777.84960938
0.83436985 778.00201416
0.83207366 778.15441895
0.80519320 778.30682373
0.80023755 778.45922852
0.77949576 778.61157227
0.76317190 778.76397705
0.76550200 778.91638184
0.83913975 779.06878662
0.89286086 779.22119141
0.90227282 779.37359619
0.89695768 779.52600098
0.88082335 779.67840576
0.90769251 779.83081055
0.81376951 779.98321533
0.82278209 780.13562012
0.82513847 780.28802490
0.79371894 780.44042969
0.81510529 780.59277344
0.82838908 780.74517822
0.84009492 780.89758301
0.89728028 781.04998779
0.88044647 781.20239258
0.81943215 781.35479736
0.77775991 781.50720215
0.74077701 781.65960693
0.66124422 781.81201172
0.64174796 781.96441650
0.60241924 782.11682129
0.58673697 782.26922607
0.54083180 782.42156982
0.52987955 782.57397461
0.53650488 782.72637939
0.52973816 782.87878418
0.55539571 783.03118896
0.58208292 783.18359375
0.57339901 783.33599854
0.57593213 783.48840332
0.55749031 783.64080811
0.54455701 783.79321289
0.55389673 783.94561768
0.57638642 784.09802246
0.63769860 784.25042725
0.66530483 784.40277100
0.74418559 784.55517578
0.71041279 784.70758057
0.68622937 784.85998535
0.61380547 785.01239014
0.58288540 785.16479492
0.59792689 785.31719971
0.60635803 785.46960449
0.63459087 785.62200928
0.62691252 785.77441406
0.63894935 785.92681885
0.63618458 786.07922363
0.64463603 786.23162842
0.65874342 786.38397217
0.65333801 786.53637695
0.69506218 786.68878174
0.72210286 786.84118652
0.78575788 786.99359131
0.77224393 787.14599609
0.78932064 787.29840088
0.77910167 787.45080566
0.76377814 787.60321045
0.70734414 787.75561523
0.69610383 787.90802002
0.68496583 788.06042480
0.65180070 788.21282959
0.68766965 788.36517334
0.69416863 788.51757812
0.70184847 788.66998291
0.74795746 788.82238770
0.69836466 788.97479248
0.69143320 789.12719727
0.66793348 789.27960205
0.61474940 789.43200684
0.54055499 789.58441162
0.59592927 789.73681641
0.56700906 789.88922119
0.59815550 790.04162598
0.65091771 790.19396973
0.67174591 790.34637451
0.68508691 790.49877930
0.70486818 790.65118408
0.66834714 790.80358887
0.66079217 790.95599365
0.64016853 791.10839844
0.63440507 791.26080322
0.65835684 791.41320801
0.67050796 791.56561279
0.72766847 791.71801758
0.73161856 791.87042236
0.73346126 792.02282715
0.74071011 792.17517090
0.72838672 792.32757568
0.66713020 792.47998047
0.51239216 792.63238525
0.48744011 792.78479004
0.47455869 792.93719482
0.47435034 793.08959961
0.48566886 793.24200439
0.49357208 793.39440918
0.50513884 793.54681396
0.53591598 793.69921875
0.57139915 793.85162354
0.61021488 794.00402832
0.65689475 794.15637207
0.66095462 794.30877686
0.64818153 794.46118164
0.62584907 794.61358643
0.61148519 794.76599121
0.55243161 794.91839600
0.53422150 795.07080078
0.52545038 795.22320557
0.50835783 795.37561035
0.50651290 795.52801514
0.50488607 795.68041992
0.50312767 795.83282471
0.49840516 795.98522949
0.49413615 796.13757324
0.50589392 796.28997803
0.51591659 796.44238281
0.52208242 796.59478760
0.54767829 796.74719238
0.52421013 796.89959717
0.51816613 797.05200195
0.53965926 797.20440674
0.55054082 797.35681152
0.56062966 797.50921631
0.56630206 797.66162109
0.58047262 797.81402588
0.57787857 797.96636963
0.61938314 798.11877441
0.67739880 798.27117920
0.69279004 798.42358398
0.69073228 798.57598877
0.72086410 798.72839355
0.67833522 798.88079834
0.66040938 799.03320312
0.68778998 799.18560791
0.66928803 799.33801270
0.68986880 799.49041748
0.66616527 799.64282227
0.58994322 799.79522705
0.59211907 799.94757080
0.61130995 800.09997559
0.63663509 800.25238037
0.68945893 800.40478516
0.72997670 800.55718994
0.72721946 800.70959473
0.72512182 800.86199951
0.67613905 801.01440430
0.59174374 801.16680908
0.58820433 801.31921387
0.56248962 801.47161865
0.58419106 801.62402344
0.58652333 801.77642822
0.59479736 801.92877197
0.61055033 802.08117676
0.60052318 802.23358154
0.62868825 802.38598633
0.63948185 802.53839111
0.63447501 802.69079590
0.66926020 802.84320068
0.67770494 802.99560547
0.66893301 803.14801025
0.68942960 803.30041504
0.68749590 803.45281982
0.67961379 803.60522461
0.68570135 803.75762939
0.69850381 803.90997314
0.69058183 804.06237793
0.71851605 804.21478271
0.71340392 804.36718750
0.70812034 804.51959229
0.67555691 804.67199707
0.66393748 804.82440186
0.63062494 804.97680664
0.58992142 805.12921143
0.58487551 805.28161621
0.58718070 805.43402100
0.58227469 805.58642578
0.58020860 805.73876953
0.59988837 805.89117432
0.63473599 806.04357910
0.66102009 806.19598389
0.71891841 806.34838867
0.70215380 806.50079346
0.68803368 806.65319824
0.70009753 806.80560303
0.73465784 806.95800781
0.75142095 807.11041260
0.75676697 807.26281738
0.75085385 807.41522217
0.69140915 807.56762695
0.64645090 807.71997070
0.60176113 807.87237549
0.59579614 808.02478027
0.61954409 808.17718506
0.69352860 808.32958984
0.75664584 808.48199463
0.77428965 808.63439941
0.78414907 808.78680420
0.79410707 808.93920898
0.78899041 809.09161377
0.76492887 809.24401855
0.75034390 809.39642334
0.75646985 809.54882812
0.80537068 809.70117188
0.81143947 809.85357666
0.84518754 810.00598145
0.83955565 810.15838623
0.76736042 810.31079102
0.77047647 810.46319580
0.73352742 810.61560059
0.69003653 810.76800537
0.73879448 810.92041016
0.74770171 811.07281494
0.76212802 811.22521973
0.80766990 811.37762451
0.75845846 811.53002930
0.77369626 811.68237305
0.74360122 811.83477783
0.75464976 811.98718262
0.80808580 812.13958740
0.82302275 812.29199219
0.80342349 812.44439697
0.76767406 812.59680176
0.68514859 812.74920654
0.64184344 812.90161133
0.59705670 813.05401611
0.65933008 813.20642090
0.67640828 813.35882568
0.75323880 813.51123047
0.77953639 813.66357422
0.80367545 813.81597900
0.83031675 813.96838379
0.80666584 814.12078857
0.76865104 814.27319336
0.75995291 814.42559814
0.71642139 814.57800293
0.70736669 814.73040771
0.70774575 814.88281250
0.63633125 815.03521729
0.61969076 815.18762207
0.64887194 815.34002686
0.63016990 815.49237061
0.65296268 815.64477539
0.65869378 815.79718018
0.66761909 815.94958496
0.68977407 816.10198975
0.69452061 816.25439453
0.70216734 816.40679932
0.75564327 816.55920410
0.77116688 816.71160889
0.80232165 816.86401367
0.80935084 817.01641846
0.73828378 817.16882324
0.68816302 817.32122803
0.66015363 817.47357178
0.56393369 817.62597656
0.54553250 817.77838135
0.52075943 817.93078613
0.46037384 818.08319092
0.45368608 818.23559570
0.37551529 818.38800049
0.35407558 818.54040527
0.36202614 818.69281006
0.35512101 818.84521484
0.33872649 818.99761963
0.33699061 819.15002441
0.33714628 819.30242920
0.36002702 819.45477295
0.37285434 819.60717773
0.38211355 819.75958252
0.40249056 819.91198730
0.41132635 820.06439209
0.41653172 820.21679688
0.40910465 820.36920166
0.41379479 820.52160645
0.45237290 820.67401123
0.46174572 820.82641602
0.51015841 820.97882080
0.57180530 821.13122559
0.59815854 821.28363037
0.61370919 821.43597412
0.62554667 821.58837891
0.57282135 821.74078369
0.55349133 821.89318848
0.52639729 822.04559326
0.47172697 822.19799805
0.46298591 822.35040283
0.45827322 822.50280762
0.46277986 822.65521240
0.49137517 822.80761719
0.50367595 822.96002197
0.54097698 823.11242676
0.57504013 823.26477051
0.55983240 823.41717529
0.54588752 823.56958008
0.51606326 823.72198486
0.51206124 823.87438965
0.52435680 824.02679443
0.55286484 824.17919922
0.58107128 824.33160400
0.60408744 824.48400879
0.58398649 824.63641357
0.54541292 824.78881836
0.50481239 824.94122314
0.44774060 825.09362793
0.37992496 825.24597168
0.36074831 825.39837646
0.32242219 825.55078125
0.29861408 825.70318604
0.30697834 825.85559082
0.31614508 826.00799561
0.37127112 826.16040039
0.40415198 826.31280518
0.42093909 826.46520996
0.44829794 826.61761475
0.44760300 826.77001953
0.46278961 826.92242432
0.46108985 827.07482910
0.42420175 827.22717285
0.45154104 827.37957764
0.46842896 827.53198242
0.49629622 827.68438721
0.52904091 827.83679199
0.57650370 827.98919678
0.62034962 828.14160156
0.65303412 828.29400635
0.67765375 828.44641113
0.69850009 828.59881592
0.69910626 828.75122070
0.67313432 828.90362549
0.65559810 829.05603027
0.63817240 829.20837402
0.62705093 829.36077881
0.62833553 829.51318359
0.61819253 829.66558838
0.63174859 829.81799316
0.62946222 829.97039795
0.61896724 830.12280273
0.63552424 830.27520752
0.60963727 830.42761230
0.63652830 830.58001709
0.62649059 830.73242188
0.63296703 830.88482666
0.63430201 831.03717041
0.62837162 831.18957520
0.60239067 831.34197998
0.61028787 831.49438477
0.67078471 831.64678955
0.68252373 831.79919434
0.72709460 831.95159912
0.75799287 832.10400391
0.76675802 832.25640869
0.79490129 832.40881348
0.79718772 832.56121826
0.81449079 832.71362305
0.82224207 832.86602783
0.80636194 833.01837158
0.79293603 833.17077637
0.77981544 833.32318115
0.78568942 833.47558594
0.76358482 833.62799072
0.78088945 833.78039551
0.74668715 833.93280029
0.70107003 834.08520508
0.69515916 834.23760986
0.64441643 834.39001465
0.66352158 834.54241943
0.68536067 834.69482422
0.67699191 834.84722900
0.65776265 834.99957275
0.66661726 835.15197754
0.63675014 835.30438232
0.68192650 835.45678711
0.68494626 835.60919189
0.73445781 835.76159668
0.75930530 835.91400146
0.74534614 836.06640625
0.75305449 836.21881104
0.76473481 836.37121582
0.73367110 836.52362061
0.69540590 836.67602539
0.68370981 836.82843018
0.66110955 836.98077393
0.62391915 837.13317871
0.59395270 837.28558350
0.58902110 837.43798828
0.58812463 837.59039307
0.62419590 837.74279785
0.64825521 837.89520264
0.67103369 838.04760742
0.71763381 838.20001221
0.70556238 838.35241699
0.70265922 838.50482178
0.68554194 838.65722656
0.68121049 838.80957031
0.64698713 838.96197510
0.59824881 839.11437988
0.55119061 839.26678467
0.52663192 839.41918945
0.51887617 839.57159424
0.49361346 839.72399902
0.47095082 839.87640381
0.44081366 840.02880859
0.41140835 840.18121338
0.39349978 840.33361816
0.37449017 840.48602295
0.36740831 840.63842773
0.37217218 840.79077148
0.37996254 840.94317627
0.38723922 841.09558105
0.41164975 841.24798584
0.43631150 841.40039062
0.46059649 841.55279541
0.51139263 841.70520020
0.52402209 841.85760498
0.56314395 842.01000977
0.57162403 842.16241455
0.57546579 842.31481934
0.56319812 842.46722412
0.53769171 842.61962891
0.53750522 842.77197266
0.59732817 842.92437744
0.64553784 843.07678223
0.66372764 843.22918701
0.69454167 843.38159180
0.72495111 843.53399658
0.72470741 843.68640137
0.70395891 843.83880615
0.70731935 843.99121094
0.71310158 844.14361572
0.72070470 844.29602051
0.74259790 844.44842529
0.73701123 844.60083008
0.73388996 844.75317383
0.68843380 844.90557861
0.64877267 845.05798340
0.64904793 845.21038818
0.66616228 845.36279297
0.75480693 845.51519775
0.75947004 845.66760254
0.75438649 845.82000732
0.74238278 845.97241211
0.67949719 846.12481689
0.64236091 846.27722168
0.67339609 846.42962646
0.65994757 846.58197021
0.70867315 846.73437500
0.69857830 846.88677979
0.65925784 847.03918457
0.63303623 847.19158936
0.64052728 847.34399414
0.64543857 847.49639893
0.67695284 847.64880371
0.71498938 847.80120850
0.71073769 847.95361328
0.68210628 848.10601807
0.62834982 848.25842285
0.60970573 848.41082764
0.56845008 848.56317139
0.59795771 848.71557617
0.61682220 848.86798096
0.66359457 849.02038574
0.70338504 849.17279053
0.74049274 849.32519531
0.73501584 849.47760010
0.74756411 849.63000488
0.73755498 849.78240967
0.72239992 849.93481445
0.69392947 850.08721924
0.66389313 850.23962402
0.63709012 850.39202881
0.61603171 850.54437256
0.61489681 850.69677734
0.63161626 850.84918213
0.65868701 851.00158691
0.67336976 851.15399170
0.69492601 851.30639648
0.70901010 851.45880127
0.71026762 851.61120605
0.71019692 851.76361084
0.70888449 851.91601562
0.69829776 852.06842041
0.67067339 852.22082520
0.66152476 852.37322998
0.64117483 852.52557373
0.65760169 852.67797852
0.64277607 852.83038330
0.63495260 852.98278809
0.62122509 853.13519287
0.57221896 853.28759766
0.55240079 853.44000244
0.51396562 853.59240723
0.45445625 853.74481201
0.42634753 853.89721680
0.38196315 854.04962158
0.36148314 854.20202637
0.38321992 854.35437012
0.40005144 854.50677490
0.41296218 854.65917969
0.40710249 854.81158447
0.39854574 854.96398926
0.38446017 855.11639404
0.40750938 855.26879883
0.42224704 855.42120361
0.45795883 855.57360840
0.50996664 855.72601318
0.52823769 855.87841797
0.57693619 856.03082275
0.58420913 856.18322754
0.57818544 856.33557129
0.55512120 856.48797607
0.54077086 856.64038086
0.53449377 856.79278564
0.52837007 856.94519043
0.50360302 857.09759521
0.49660086 857.25000000
0.51666944 857.40240479
0.55454204 857.55480957
0.59943035 857.70721436
0.64586274 857.85961914
0.72873043 858.01202393
0.70019910 858.16442871
0.66793646 858.31677246
0.63790919 858.46917725
0.60246888 858.62158203
0.60144978 858.77398682
0.61182742 858.92639160
0.63184717 859.07879639
0.60780439 859.23120117
0.60419199 859.38360596
0.62985402 859.53601074
0.63046100 859.68841553
0.66896612 859.84082031
0.65624416 859.99322510
0.64706540 860.14562988
0.63846195 860.29797363
0.60076688 860.45037842
0.57578919 860.60278320
0.55991365 860.75518799
0.58710472 860.90759277
0.62996608 861.05999756
0.65032278 861.21240234
0.68106910 861.36480713
0.68846238 861.51721191
0.68907309 861.66961670
0.66960690 861.82202148
0.68107215 861.97442627
0.65179393 862.12677002
0.63265940 862.27917480
0.65380504 862.43157959
0.65064544 862.58398438
0.64050697 862.73638916
0.66128932 862.88879395
0.64261213 863.04119873
0.66432412 863.19360352
0.65680673 863.34600830
0.63321750 863.49841309
0.64316339 863.65081787
0.64302654 863.80322266
0.62199297 863.95562744
0.61350089 864.10797119
0.60025544 864.26037598
0.59288099 864.41278076
0.60526675 864.56518555
0.64993241 864.71759033
0.67257324 864.86999512
0.71659813 865.02239990
0.72734582 865.17480469
0.76146991 865.32720947
0.74444433 865.47961426
0.74016555 865.63201904
0.74792888 865.78442383
0.74234669 865.93682861
0.79396339 866.08917236
0.76711149 866.24157715
0.77284334 866.39398193
0.78259299 866.54638672
0.72407943 866.69879150
0.70280290 866.85119629
0.65681648 867.00360107
0.67623907 867.15600586
0.68613837 867.30841064
0.69646860 867.46081543
0.74135163 867.61322021
0.74913223 867.76562500
0.78316756 867.91802979
0.80121900 868.07037354
0.78445669 868.22277832
0.80398979 868.37518311
0.81575508 868.52758789
0.78313072 868.67999268
0.74261896 868.83239746
0.69928753 868.98480225
0.67227015 869.13720703
0.62243595 869.28961182
0.56208876 869.44201660
0.61707267 869.59442139
0.64690743 869.74682617
0.73499329 869.89916992
0.79014642 870.05157471
0.77811642 870.20397949
0.76435804 870.35638428
0.71025861 870.50878906
0.68866017 870.66119385
0.66159465 870.81359863
0.66466858 870.96600342
0.68394668 871.11840820
0.67183394 871.27081299
0.67227692 871.42321777
0.66521761 871.57562256
0.66105165 871.72802734
0.67876391 871.88037109
0.69710565 872.03277588
0.72944874 872.18518066
0.75090125 872.33758545
0.72475630 872.48999023
0.71785719 872.64239502
0.70331285 872.79479980
0.66860588 872.94720459
0.65897208 873.09960938
0.65964218 873.25201416
0.67301703 873.40441895
0.70334217 873.55682373
0.72400793 873.70922852
0.76357581 873.86157227
0.76561854 874.01397705
0.76329304 874.16638184
0.75596518 874.31878662
0.73766257 874.47119141
0.75469716 874.62359619
0.75013033 874.77600098
0.74335827 874.92840576
0.74394643 875.08081055
0.70976444 875.23321533
0.70123397 875.38562012
0.70018102 875.53802490
0.69369105 875.69042969
0.78796908 875.84277344
0.85935425 875.99517822
0.91829652 876.14758301
0.92093045 876.29998779
0.90691855 876.45239258
0.86748236 876.60479736
0.82458640 876.75720215
0.78749826 876.90960693
0.78735911 877.06201172
0.79828353 877.21441650
0.80822794 877.36682129
0.86137822 877.51922607
0.91770687 877.67156982
0.93470387 877.82397461
0.94355854 877.97637939
0.93352456 878.12878418
0.89155451 878.28118896
0.85800498 878.43359375
0.79127535 878.58599854
0.79829707 878.73840332
0.82345673 878.89080811
0.84796653 879.04321289
0.84952869 879.19561768
0.87229966 879.34802246
0.88079099 879.50042725
0.88098126 879.65277100
0.90540460 879.80517578
0.88536614 879.95758057
0.86952136 880.10998535
0.81956006 880.26239014
0.80283906 880.41479492
0.76659856 880.56719971
0.76148643 880.71960449
0.75436170 880.87200928
0.77529973 881.02441406
0.81630113 881.17681885
0.83676381 881.32922363
0.86256728 881.48162842
0.89422746 881.63397217
0.87550144 881.78637695
0.83483613 881.93878174
0.72984811 882.09118652
0.63325583 882.24359131
0.51931686 882.39599609
0.45364396 882.54840088
0.43377392 882.70080566
0.43693352 882.85321045
0.42401973 883.00561523
0.44203887 883.15802002
0.45630342 883.31042480
0.46421112 883.46282959
0.46900432 883.61517334
0.51890623 883.76757812
0.56620881 883.91998291
0.60299840 884.07238770
0.64753094 884.22479248
0.67422939 884.37719727
0.69448377 884.52960205
0.73947365 884.68200684
0.74911794 884.83441162
0.76480102 884.98681641
0.79952602 885.13922119
0.80041727 885.29162598
0.80607693 885.44396973
0.80913348 885.59637451
0.81241800 885.74877930
0.75631492 885.90118408
0.73309270 886.05358887
0.67139468 886.20599365
0.67264468 886.35839844
0.69657769 886.51080322
0.71728935 886.66320801
0.75568538 886.81561279
0.81778731 886.96801758
0.84029874 887.12042236
0.84874199 887.27282715
0.87167087 887.42517090
0.87472518 887.57757568
0.88254790 887.72998047
0.92772282 887.88238525
0.92110191 888.03479004
0.92844101 888.18719482
0.94138871 888.33959961
0.89357159 888.49200439
0.87830981 888.64440918
0.85191817 888.79681396
0.84452937 888.94921875
0.85255293 889.10162354
0.86617371 889.25402832
0.87776755 889.40637207
0.88199439 889.55877686
0.87065326 889.71118164
0.84890369 889.86358643
0.85014990 890.01599121
0.83443836 890.16839600
0.89457267 890.32080078
0.88614297 890.47320557
0.90016692 890.62561035
0.91898774 890.77801514
0.84092604 890.93041992
0.80262020 891.08282471
0.78452968 891.23522949
0.75871565 891.38757324
0.78024413 891.53997803
0.79301648 891.69238281
0.81034291 891.84478760
0.82221952 891.99719238
0.83130498 892.14959717
0.87714852 892.30200195
0.90390785 892.45440674
0.91219318 892.60681152
0.95658428 892.75921631
0.97999907 892.91162109
0.97621820 893.06402588
0.96337665 893.21636963
0.97066767 893.36877441
0.94624056 893.52117920
0.92242042 893.67358398
0.92455410 893.82598877
0.91027526 893.97839355
0.91599655 894.13079834
0.92624031 894.28320312
0.90406439 894.43560791
0.82460596 894.58801270
0.83945259 894.74041748
0.82438711 894.89282227
0.85698061 895.04522705
0.89103395 895.19757080
0.92809661 895.34997559
1.00000000 895.50238037
0.98240508 895.65478516
0.97372198 895.80718994
0.96458832 895.95959473
0.92933685 896.11199951
0.92534229 896.26440430
0.87406185 896.41680908
0.84777855 896.56921387
0.83569731 896.72161865
0.81974804 896.87402344
0.84041982 897.02642822
0.84421274 897.17877197
0.82749559 897.33117676
0.84187823 897.48358154
0.81170119 897.63598633
0.80356034 897.78839111
0.77843828 897.94079590
0.76237619 898.09320068
0.73654564 898.24560547
0.60336994 898.39801025
0.60336994 898.55041504
