0.00009636 343.96679688
0.00381044 344.11920166
0.00834627 344.27160645
0.01272317 344.42401123
0.01842179 344.57638550
0.02267436 344.72879028
0.02291044 344.88119507
0.02441257 345.03359985
0.02260155 345.18600464
0.01775953 345.33840942
0.01667014 345.49081421
0.02508891 345.64318848
0.03525282 345.79559326
0.04787801 345.94799805
0.05916790 346.10040283
0.06254192 346.25280762
0.05968242 346.40521240
0.05233440 346.55758667
0.04105367 346.70999146
0.03259226 346.86239624
0.02474884 347.01480103
0.01842802 347.16720581
0.01295423 347.31961060
0.01177367 347.47198486
0.01089442 347.62438965
0.01097408 347.77679443
0.01159488 347.92919922
0.01106224 348.08160400
0.01741678 348.23400879
0.01985341 348.38641357
0.02759378 348.53878784
0.02549204 348.69119263
0.01882744 348.84359741
0.01629471 348.99600220
0.01080979 349.14840698
0.00558425 349.30081177
0.00000000 349.45318604
0.00109137 349.60559082
0.00000000 349.75799561
0.01219515 349.91040039
0.02738939 350.06280518
0.03383623 350.21520996
0.05231811 350.36761475
0.04821712 350.51998901
0.04521723 350.67239380
0.03564704 350.82479858
0.03072808 350.97720337
0.01945312 351.12960815
0.01783881 351.28201294
0.01514820 351.43438721
0.01514946 351.58679199
0.02181314 351.73919678
0.02624653 351.89160156
0.03161145 352.04400635
0.03016422 352.19641113
0.02677006 352.34878540
0.01962703 352.50119019
0.01693530 352.65359497
0.01651450 352.80599976
0.01247556 352.95840454
0.01148056 353.11080933
0.01019676 353.26321411
0.00828496 353.41558838
0.00767543 353.56799316
0.00672357 353.72039795
0.00521961 353.87280273
0.00462672 354.02520752
0.00343892 354.17761230
0.00000000 354.32998657
0.00000000 354.48239136
0.00587933 354.63479614
0.00409069 354.78720093
0.00362182 354.93960571
0.01201704 355.09201050
0.00797142 355.24438477
0.00785193 355.39678955
0.00875345 355.54919434
0.00536936 355.70159912
0.00215829 355.85400391
0.00000000 356.00640869
0.00000000 356.15881348
0.00000000 356.31118774
0.00000000 356.46359253
0.00000000 356.61599731
0.00000000 356.76840210
0.00000000 356.92080688
0.00000000 357.07321167
0.00000000 357.22558594
0.00000000 357.37799072
0.00000000 357.53039551
0.00667071 357.68280029
0.00748513 357.83520508
0.01401021 357.98760986
0.01217735 358.14001465
0.00997925 358.29238892
0.00469432 358.44479370
0.00109784 358.59719849
0.00000000 358.74960327
0.00000000 358.90200806
0.00000000 359.05441284
0.00000000 359.20678711
0.00000000 359.35919189
0.00000000 359.51159668
0.00000000 359.66400146
0.00000000 359.81640625
0.00000000 359.96881104
0.00045158 360.12118530
0.00221569 360.27359009
0.00159031 360.42599487
0.00169765 360.57839966
0.00115194 360.73080444
0.00164125 360.88320923
0.00134577 361.03561401
0.00158554 361.18798828
0.00294340 361.34039307
0.00410943 361.49279785
0.00161675 361.64520264
0.00375775 361.79760742
0.00537366 361.95001221
0.00578375 362.10238647
0.00742743 362.25479126
0.00630754 362.40719604
0.00419540 362.55960083
0.00441460 362.71200562
0.00242554 362.86441040
0.00064916 363.01681519
0.00000000 363.16918945
0.00000000 363.32159424
0.00000000 363.47399902
0.00000000 363.62640381
0.00000000 363.77880859
0.00000000 363.93121338
0.00000000 364.08358765
0.00000000 364.23599243
0.00000000 364.38839722
0.00000000 364.54080200
0.00000000 364.69320679
0.00000000 364.84561157
0.00000000 364.99798584
0.00000000 365.15039062
0.00033044 365.30279541
0.00142014 365.45520020
0.00350915 365.60760498
0.00515318 365.76000977
0.01054194 365.91241455
0.01574471 366.06478882
0.01207524 366.21719360
0.01374613 366.36959839
0.00621996 366.52200317
0.00308620 366.67440796
0.00227291 366.82681274
0.00121297 366.97918701
0.00243385 367.13159180
0.00550258 367.28399658
0.00505409 367.43640137
0.00393107 367.58880615
0.00363469 367.74121094
0.00725800 367.89358521
0.00679256 368.04598999
0.01014305 368.19839478
0.01270871 368.35079956
0.01779284 368.50320435
0.02422917 368.65560913
0.02601531 368.80801392
0.01989953 368.96038818
0.01888589 369.11279297
0.01839399 369.26519775
0.01667423 369.41760254
0.01734708 369.57000732
0.01416593 369.72241211
0.01252718 369.87478638
0.01054890 370.02719116
0.00569917 370.17959595
0.00402087 370.33200073
0.00000000 370.48440552
0.00000000 370.63681030
0.00000000 370.78921509
0.00000000 370.94158936
0.00000000 371.09399414
0.00000000 371.24639893
0.00000000 371.39880371
0.00000000 371.55120850
0.00000000 371.70361328
0.00000000 371.85598755
0.00000000 372.00839233
0.00340770 372.16079712
0.01309988 372.31320190
0.02166448 372.46560669
0.03109757 372.61801147
0.02973017 372.77038574
0.02806968 372.92279053
0.02512907 373.07519531
0.02070623 373.22760010
0.01801594 373.38000488
0.01542721 373.53240967
0.01241784 373.68481445
0.01254480 373.83718872
0.01456705 373.98959351
0.00857309 374.14199829
0.00974585 374.29440308
0.00677783 374.44680786
0.00664269 374.59921265
0.01330988 374.75158691
0.01445812 374.90399170
0.01451607 375.05639648
0.01661806 375.20880127
0.01450782 375.36120605
0.01289033 375.51361084
0.01299013 375.66598511
0.00552299 375.81838989
0.00676679 375.97079468
0.00636522 376.12319946
0.00845141 376.27560425
0.01092763 376.42800903
0.01396027 376.58041382
0.01395903 376.73278809
0.02232811 376.88519287
0.02246366 377.03759766
0.02373144 377.19000244
0.02635715 377.34240723
0.02383512 377.49481201
0.02021479 377.64718628
0.01817757 377.79959106
0.01562562 377.95199585
0.01344321 378.10440063
0.01128059 378.25680542
0.00785845 378.40921021
0.00838372 378.56161499
0.00767287 378.71398926
0.01137025 378.86639404
0.01481885 379.01879883
0.01379249 379.17120361
0.01237605 379.32360840
0.01032315 379.47601318
0.00868271 379.62838745
0.00659240 379.78079224
0.00788871 379.93319702
0.01045643 380.08560181
0.01135067 380.23800659
0.01279457 380.39041138
0.01365966 380.54278564
0.01433460 380.69519043
0.01212494 380.84759521
0.00729292 381.00000000
0.00000000 381.15240479
0.00000000 381.30480957
0.00000000 381.45721436
0.00000000 381.60958862
0.00000000 381.76199341
0.00000000 381.91439819
0.00000000 382.06680298
0.00000000 382.21920776
0.00000000 382.37161255
0.00000000 382.52398682
0.00000000 382.67639160
0.00000000 382.82879639
0.00000000 382.98120117
0.01862467 383.13360596
0.03241973 383.28601074
0.03594499 383.43838501
0.04588515 383.59078979
0.03931786 383.74319458
0.03012451 383.89559937
0.02207906 384.04800415
0.01655070 384.20040894
0.01442343 384.35281372
0.02212672 384.50518799
0.02441780 384.65759277
0.02738430 384.80999756
0.03482792 384.96240234
0.03985838 385.11480713
0.03985838 385.26721191
0.03985838 385.41958618
0.02361337 385.57199097
0.01765606 385.72439575
0.00640644 385.87680054
0.00640644 386.02920532
0.00867309 386.18161011
0.01134970 386.33401489
0.03084470 386.48638916
0.05468883 386.63879395
0.06670197 386.79119873
0.12215225 386.94360352
0.13397815 387.09600830
0.15479210 387.24841309
0.18256261 387.40078735
0.18256261 387.55319214
0.18256261 387.70559692
0.18256261 387.85800171
0.20871565 388.01040649
0.21381581 388.16281128
0.23821947 388.31518555
0.25554649 388.46759033
0.25048718 388.61999512
0.22343598 388.77239990
0.19600827 388.92480469
0.16854784 389.07720947
0.15606511 389.22961426
0.14668810 389.38198853
0.12305404 389.53439331
0.11722903 389.68679810
0.06918699 389.83920288
0.04275576 389.99160767
0.04254073 390.14401245
0.02830013 390.29638672
0.02969868 390.44879150
0.03788385 390.60119629
0.06086253 390.75360107
0.09627358 390.90600586
0.08419904 391.05841064
0.06625428 391.21078491
0.05211234 391.36318970
0.04059905 391.51559448
0.03204184 391.66799927
0.02196228 391.82040405
0.01425309 391.97280884
0.01264326 392.12521362
0.00957635 392.27758789
0.00971307 392.42999268
0.01093388 392.58239746
0.01137290 392.73480225
0.01154206 392.88720703
0.01143434 393.03961182
0.00968837 393.19198608
0.00880870 393.34439087
0.00678197 393.49679565
0.00209199 393.64920044
0.00050805 393.80160522
0.00000000 393.95401001
0.00000000 394.10641479
0.00000000 394.25878906
0.00000000 394.41119385
0.00000000 394.56359863
0.00062516 394.71600342
0.00171133 394.86840820
0.00483058 395.02081299
0.00368754 395.17318726
0.00000000 395.32559204
0.00428122 395.47799683
0.01068632 395.63040161
0.01396896 395.78280640
0.01421249 395.93521118
0.01344964 396.08758545
0.01126344 396.23999023
0.01045666 396.39239502
0.01013637 396.54479980
0.01108924 396.69720459
0.01094664 396.84960938
0.01032602 397.00201416
0.01262610 397.15438843
0.00666520 397.30679321
0.00885599 397.45919800
0.00384381 397.61160278
0.00032553 397.76400757
0.00000677 397.91641235
0.00000000 398.06878662
0.00000000 398.22119141
0.00280193 398.37359619
0.00212775 398.52600098
0.00430873 398.67840576
0.00596271 398.83081055
0.00671506 398.98318481
0.00666359 399.13558960
0.00747726 399.28799438
0.00229825 399.44039917
0.00134663 399.59280396
0.00000000 399.74520874
0.00000000 399.89761353
0.00005847 400.04998779
0.00013681 400.20239258
0.00041054 400.35479736
0.00134317 400.50720215
0.00173282 400.65960693
0.00387474 400.81201172
0.00358787 400.96438599
0.00247326 401.11679077
0.00397652 401.26919556
0.00191689 401.42160034
0.00000000 401.57400513
0.00000000 401.72640991
0.00000000 401.87881470
0.00000000 402.03118896
0.00071820 402.18359375
0.00155997 402.33599854
0.00334972 402.48840332
0.00503063 402.64080811
0.00538385 402.79321289
0.00651692 402.94558716
0.00859491 403.09799194
0.01246161 403.25039673
0.01387436 403.40280151
0.01220150 403.55520630
0.00987949 403.70761108
0.00800755 403.85998535
0.00944576 404.01239014
0.00578966 404.16479492
0.00712375 404.31719971
0.01111214 404.46960449
0.01308855 404.62200928
0.01142878 404.77441406
0.00824288 404.92678833
0.00214324 405.07919312
0.00000000 405.23159790
0.00000000 405.38400269
0.00000000 405.53640747
0.00000000 405.68881226
0.00601264 405.84118652
0.01198271 405.99359131
0.01326844 406.14599609
0.01581000 406.29840088
0.01483939 406.45080566
0.01247115 406.60321045
0.01070745 406.75561523
0.01622681 406.90798950
0.01030546 407.06039429
0.01332665 407.21279907
0.01095892 407.36520386
0.00936597 407.51760864
0.01334492 407.67001343
0.01111745 407.82238770
0.01290753 407.97479248
0.01614905 408.12719727
0.01688232 408.27960205
0.02118745 408.43200684
0.02125341 408.58441162
0.02051431 408.73678589
0.02147988 408.88919067
0.01947229 409.04159546
0.02295549 409.19400024
0.03495025 409.34640503
0.04626413 409.49880981
0.07330774 409.65121460
0.11114490 409.80358887
0.12586894 409.95599365
0.15725508 410.10839844
0.16820261 410.26080322
0.17957768 410.41320801
0.22292846 410.56561279
0.22706957 410.71798706
0.24742798 410.87039185
0.27576157 411.02279663
0.27388404 411.17520142
0.24679028 411.32760620
0.25090436 411.48001099
0.24157068 411.63238525
0.24270103 411.78479004
0.25263607 411.93719482
0.26639481 412.08959961
0.28512564 412.24200439
0.27311132 412.39440918
0.29296631 412.54681396
0.25507321 412.69918823
0.24928634 412.85159302
0.25724122 413.00399780
0.25670812 413.15640259
0.25287345 413.30880737
0.24711152 413.46121216
0.24249833 413.61358643
0.23314924 413.76599121
0.22199482 413.91839600
0.24357593 414.07080078
0.23828283 414.22320557
0.23817088 414.37561035
0.24986575 414.52801514
0.28318507 414.68038940
0.29376856 414.83279419
0.33548057 414.98519897
0.34681728 415.13760376
0.35454696 415.29000854
0.38413612 415.44241333
0.37620360 415.59478760
0.41022795 415.74719238
0.49147141 415.89959717
0.51944200 416.05200195
0.60291955 416.20440674
0.54153072 416.35681152
0.48828796 416.50918579
0.43722774 416.66159058
0.37306375 416.81399536
0.33374513 416.96640015
0.28743408 417.11880493
0.28968546 417.27120972
0.29487346 417.42361450
0.35621257 417.57598877
0.43108134 417.72839355
0.49086244 417.88079834
0.55531159 418.03320312
0.59105940 418.18560791
0.57450084 418.33801270
0.59266558 418.49038696
0.51949594 418.64279175
0.50396568 418.79519653
0.48486159 418.94760132
0.45118525 419.10000610
0.43513942 419.25241089
0.40553072 419.40478516
0.39086359 419.55718994
0.42520153 419.70959473
0.45790041 419.86199951
0.39756346 420.01440430
0.25604383 420.16680908
0.19245553 420.31921387
0.18600226 420.47158813
0.17996347 420.62399292
0.18199306 420.77639771
0.18221588 420.92880249
0.18552163 421.08120728
0.19659286 421.23361206
0.21145039 421.38598633
0.26708562 421.53839111
0.25966443 421.69079590
0.27096463 421.84320068
0.24760584 421.99560547
0.23117343 422.14801025
0.21618105 422.30041504
0.20739730 422.45278931
0.18344861 422.60519409
0.17833742 422.75759888
0.17670681 422.91000366
0.17445569 423.06240845
0.18232663 423.21481323
0.18873002 423.36718750
0.18082589 423.51959229
0.17180985 423.67199707
0.16060210 423.82440186
0.13128332 423.97680664
0.11879202 424.12921143
0.13247078 424.28158569
0.21515567 424.43399048
0.15757722 424.58639526
0.12905235 424.73880005
0.12052464 424.89120483
0.13336032 425.04360962
0.15316132 425.19601440
0.18351481 425.34838867
0.22717450 425.50079346
0.22414972 425.65319824
0.23175104 425.80560303
0.22196119 425.95800781
0.18405616 426.11041260
0.17457775 426.26278687
0.16930170 426.41519165
0.16522135 426.56759644
0.16302877 426.72000122
0.16878189 426.87240601
0.17629792 427.02481079
0.17822966 427.17718506
0.17845933 427.32958984
0.17743578 427.48199463
0.17162255 427.63439941
0.17380286 427.78680420
0.16369910 427.93920898
0.14848104 428.09161377
0.16768958 428.24398804
0.16175881 428.39639282
0.16787012 428.54879761
0.18739314 428.70120239
0.20542126 428.85360718
0.17895144 429.00601196
0.17759660 429.15838623
0.17569477 429.31079102
0.17385416 429.46319580
0.17593214 429.61560059
0.17523058 429.76800537
0.17671813 429.92041016
0.19606761 430.07281494
0.18237150 430.22518921
0.17862282 430.37759399
0.17889645 430.52999878
0.16746550 430.68240356
0.17714100 430.83480835
0.17009675 430.98721313
0.17593345 431.13958740
0.18817432 431.29199219
0.18880593 431.44439697
0.21101013 431.59680176
0.18789380 431.74920654
0.18302229 431.90161133
0.15821846 432.05398560
0.12669630 432.20639038
0.13176370 432.35879517
0.14116455 432.51119995
0.13962154 432.66360474
0.15152908 432.81600952
0.15259988 432.96841431
0.14007660 433.12078857
0.11844592 433.27319336
0.11318143 433.42559814
0.08144234 433.57800293
0.07149661 433.73040771
0.07728362 433.88281250
0.08381053 434.03518677
0.11300057 434.18759155
0.17841109 434.33999634
0.21357253 434.49240112
0.26321365 434.64480591
0.29110607 434.79721069
0.29443321 434.94958496
0.29318213 435.10198975
0.28421946 435.25439453
0.26324735 435.40679932
0.26259506 435.55920410
0.25480918 435.71160889
0.23140854 435.86401367
0.20740695 436.01638794
0.18676767 436.16879272
0.17096583 436.32119751
0.16459189 436.47360229
0.16886188 436.62600708
0.17844191 436.77841187
0.18582864 436.93078613
0.20890257 437.08319092
0.25915122 437.23559570
0.28377656 437.38800049
0.32227018 437.54040527
0.31150819 437.69281006
0.29069131 437.84521484
0.24167379 437.99758911
0.18485309 438.14999390
0.13017777 438.30239868
0.09945785 438.45480347
0.08816227 438.60720825
0.06898710 438.75961304
0.06738430 438.91198730
0.07132253 439.06439209
0.06136208 439.21679688
0.04516960 439.36920166
0.05476893 439.52160645
0.06070007 439.67401123
0.08374388 439.82638550
0.13339467 439.97879028
0.13995376 440.13119507
0.17618436 440.28359985
0.19095993 440.43600464
0.18569505 440.58840942
0.20581837 440.74081421
0.22349960 440.89318848
0.23710542 441.04559326
0.28746066 441.19799805
0.38190938 441.35040283
0.40030086 441.50280762
0.42961885 441.65521240
0.43396723 441.80758667
0.37812883 441.95999146
0.37195853 442.11239624
0.32442098 442.26480103
0.25225276 442.41720581
0.29241283 442.56961060
0.29800861 442.72198486
0.30349760 442.87438965
0.36392807 443.02679443
0.34780281 443.17919922
0.33781901 443.33160400
0.32877814 443.48400879
0.28693900 443.63641357
0.27848150 443.78878784
0.27712629 443.94119263
0.26407688 444.09359741
0.25977946 444.24600220
0.25173350 444.39840698
0.27896060 444.55081177
0.29022726 444.70318604
0.31518105 444.85559082
0.40800265 445.00799561
0.42972527 445.16040039
0.41125511 445.31280518
0.40416091 445.46520996
0.41220706 445.61761475
0.40839409 445.76998901
0.41035562 445.92239380
0.40526418 446.07479858
0.39804634 446.22720337
0.38793821 446.37960815
0.33984433 446.53201294
0.36230274 446.68438721
0.40133461 446.83679199
0.43337693 446.98919678
0.43704789 447.14160156
0.40903152 447.29400635
0.43162164 447.44641113
0.34389254 447.59878540
0.25672904 447.75119019
0.17799820 447.90359497
0.16217932 448.05599976
0.15445540 448.20840454
0.15465260 448.36080933
0.16358031 448.51321411
0.17915152 448.66558838
0.21660908 448.81799316
0.24227496 448.97039795
0.24334174 449.12280273
0.22909959 449.27520752
0.22374941 449.42761230
0.22841982 449.57998657
0.21852341 449.73239136
0.21860298 449.88479614
0.22005922 450.03720093
0.19767880 450.18960571
0.19506844 450.34201050
0.21647781 450.49438477
0.22822923 450.64678955
0.23001803 450.79919434
0.25746708 450.95159912
0.26195458 451.10400391
0.25474342 451.25640869
0.25629323 451.40881348
0.24776763 451.56118774
0.23377598 451.71359253
0.21476103 451.86599731
0.18548651 452.01840210
0.16686946 452.17080688
0.15062415 452.32321167
0.11893422 452.47558594
0.11270352 452.62799072
0.09756379 452.78039551
0.10384883 452.93280029
0.11144955 453.08520508
0.11865504 453.23760986
0.12296327 453.39001465
0.12870927 453.54238892
0.13623566 453.69479370
0.13726315 453.84719849
0.13839411 453.99960327
0.13565286 454.15200806
0.12631463 454.30441284
0.12349744 454.45678711
0.11474018 454.60919189
0.11101015 454.76159668
0.11716799 454.91400146
0.10829893 455.06640625
0.11725315 455.21881104
0.11902013 455.37118530
0.12995121 455.52359009
0.14033506 455.67599487
0.16106059 455.82839966
0.16284167 455.98080444
0.16850978 456.13320923
0.16936636 456.28561401
0.16665314 456.43798828
0.14764990 456.59039307
0.13004506 456.74279785
0.11681136 456.89520264
0.10536191 457.04760742
0.10988708 457.20001221
0.11738655 457.35238647
0.12555558 457.50479126
0.14045126 457.65719604
0.14514447 457.80960083
0.16461473 457.96200562
0.18273755 458.11441040
0.17233131 458.26681519
0.16523149 458.41918945
0.16255774 458.57159424
0.16252189 458.72399902
0.15492186 458.87640381
0.15806093 459.02880859
0.16050850 459.18121338
0.15642309 459.33358765
0.15249909 459.48599243
0.15568382 459.63839722
0.15102970 459.79080200
0.16023040 459.94320679
0.16808229 460.09561157
0.17023036 460.24798584
0.17983212 460.40039062
0.17844456 460.55279541
0.19208314 460.70520020
0.20014023 460.85760498
0.21032848 461.01000977
0.23586699 461.16241455
0.27356051 461.31478882
0.30664039 461.46719360
0.32095676 461.61959839
0.32496000 461.77200317
0.30990642 461.92440796
0.31158501 462.07681274
0.32746777 462.22918701
0.32421023 462.38159180
0.34198937 462.53399658
0.33251268 462.68640137
0.33334389 462.83880615
0.31648382 462.99121094
0.29088566 463.14358521
0.29984233 463.29598999
0.31163861 463.44839478
0.37001841 463.60079956
0.40018071 463.75320435
0.40849227 463.90560913
0.36454106 464.05801392
0.30953511 464.21038818
0.24195422 464.36279297
0.17115717 464.51519775
0.15425414 464.66760254
0.13730152 464.82000732
0.13152723 464.97241211
0.11788622 465.12478638
0.10940141 465.27719116
0.10843179 465.42959595
0.10342088 465.58200073
0.10568022 465.73440552
0.10573968 465.88681030
0.10182345 466.03921509
0.11190792 466.19158936
0.12060546 466.34399414
0.12099864 466.49639893
0.12349376 466.64880371
0.12431325 466.80120850
0.11851768 466.95361328
0.12071035 467.10598755
0.11944187 467.25839233
0.13115381 467.41079712
0.16239925 467.56320190
0.21023383 467.71560669
0.26211375 467.86801147
0.28056844 468.02038574
0.30519957 468.17279053
0.30530802 468.32519531
0.30500074 468.47760010
0.27504896 468.63000488
0.24707346 468.78240967
0.22790484 468.93481445
0.22410091 469.08718872
0.26196787 469.23959351
0.27661462 469.39199829
0.29611371 469.54440308
0.32087812 469.69680786
0.35472078 469.84921265
0.35822015 470.00158691
0.37054338 470.15399170
0.36679291 470.30639648
0.34501173 470.45880127
0.30893617 470.61120605
0.26258175 470.76361084
0.27143564 470.91598511
0.25794451 471.06838989
0.25429803 471.22079468
0.24779647 471.37319946
0.24006077 471.52560425
0.24176366 471.67800903
0.25373940 471.83041382
0.26106582 471.98278809
0.30029871 472.13519287
0.31899511 472.28759766
0.34613503 472.44000244
0.34735388 472.59240723
0.34196104 472.74481201
0.30953312 472.89718628
0.31175789 473.04959106
0.31872953 473.20199585
0.31799121 473.35440063
0.36065955 473.50680542
0.38274872 473.65921021
0.34570535 473.81161499
0.36574666 473.96398926
0.31957338 474.11639404
0.31637334 474.26879883
0.34674125 474.42120361
0.36956252 474.57360840
0.44331418 474.72601318
0.46601912 474.87838745
0.48803777 475.03079224
0.47314443 475.18319702
0.38629656 475.33560181
0.44149425 475.48800659
0.42878026 475.64041138
0.43928711 475.79278564
0.48410264 475.94519043
0.47101837 476.09759521
0.49293776 476.25000000
0.50636008 476.40240479
0.49117571 476.55480957
0.47464968 476.70721436
0.44012134 476.85958862
0.42229465 477.01199341
0.39064745 477.16439819
0.37628008 477.31680298
0.39505588 477.46920776
0.39487220 477.62161255
0.38636509 477.77398682
0.34640781 477.92639160
0.28620520 478.07879639
0.28416110 478.23120117
0.27380452 478.38360596
0.30122391 478.53601074
0.34387177 478.68838501
0.35671586 478.84078979
0.39749940 478.99319458
0.41314426 479.14559937
0.39466777 479.29800415
0.39293679 479.45040894
0.39295391 479.60281372
0.39613366 479.75518799
0.38550246 479.90759277
0.36003023 480.05999756
0.34554172 480.21240234
0.30506240 480.36480713
0.29289114 480.51721191
0.26590548 480.66958618
0.24874366 480.82199097
0.23451616 480.97439575
0.21874751 481.12680054
0.20526463 481.27920532
0.17462659 481.43161011
0.16043174 481.58401489
0.12946455 481.73638916
0.12609435 481.88879395
0.13542159 482.04119873
0.14533916 482.19360352
0.18066979 482.34600830
0.18058332 482.49841309
0.18036933 482.65078735
0.17153188 482.80319214
0.16779363 482.95559692
0.15893086 483.10800171
0.17379036 483.26040649
0.17345834 483.41281128
0.18596435 483.56518555
0.21152430 483.71759033
0.20884426 483.86999512
0.21768794 484.02239990
0.22737640 484.17480469
0.25611163 484.32720947
0.32158442 484.47961426
0.34940066 484.63198853
0.38215608 484.78439331
0.40344250 484.93679810
0.37229436 485.08920288
0.35011248 485.24160767
0.32043966 485.39401245
0.28123508 485.54638672
0.32790126 485.69879150
0.34823349 485.85119629
0.46086583 486.00360107
0.50657151 486.15600586
0.54605932 486.30841064
0.60926998 486.46078491
0.60088063 486.61318970
0.62523646 486.76559448
0.62550688 486.91799927
0.64872358 487.07040405
0.60660412 487.22280884
0.58336169 487.37521362
0.51578734 487.52758789
0.46814721 487.67999268
0.46871374 487.83239746
0.33978152 487.98480225
0.41616093 488.13720703
0.40924084 488.28961182
0.42318870 488.44198608
0.45601624 488.59439087
0.42057063 488.74679565
0.43553254 488.89920044
0.44817874 489.05160522
0.42905703 489.20401001
0.47535449 489.35641479
0.53472781 489.50878906
0.58138428 489.66119385
0.66416301 489.81359863
0.66042617 489.96600342
0.63084908 490.11840820
0.60709536 490.27081299
0.57589367 490.42318726
0.54620923 490.57559204
0.55359994 490.72799683
0.56282084 490.88040161
0.55800415 491.03280640
0.60557829 491.18521118
0.54094223 491.33758545
0.53680618 491.48999023
0.55399801 491.64239502
0.52763747 491.79479980
0.54578211 491.94720459
0.55634101 492.09960938
0.62327407 492.25201416
0.65230745 492.40438843
0.67435639 492.55679321
0.70851750 492.70919800
0.75255416 492.86160278
0.63905471 493.01400757
0.58252054 493.16641235
0.51561403 493.31878662
0.42529263 493.47119141
0.47466679 493.62359619
0.47633521 493.77600098
0.51346154 493.92840576
0.58514474 494.08081055
0.58386556 494.23318481
0.57398222 494.38558960
0.61747684 494.53799438
0.72222159 494.69039917
0.73209740 494.84280396
0.71114382 494.99520874
0.65289539 495.14761353
0.58762971 495.29998779
0.51100938 495.45239258
0.43939544 495.60479736
0.46786062 495.75720215
0.52029765 495.90960693
0.63440598 496.06201172
0.68606294 496.21438599
0.77318653 496.36679077
0.83138843 496.51919556
0.78755072 496.67160034
0.75318384 496.82400513
0.63866809 496.97640991
0.58063058 497.12881470
0.59672329 497.28118896
0.54307994 497.43359375
0.56209652 497.58599854
0.51345851 497.73840332
0.47976206 497.89080811
0.46851448 498.04321289
0.48347392 498.19558716
0.57413197 498.34799194
0.57640543 498.50039673
0.64940256 498.65280151
0.58712823 498.80520630
0.52705575 498.95761108
0.52015698 499.10998535
0.42353898 499.26239014
0.38418881 499.41479492
0.49998950 499.56719971
0.58441417 499.71960449
0.71685713 499.87200928
0.76937814 500.02441406
0.73422396 500.17678833
0.68562561 500.32919312
0.61438614 500.48159790
0.50525738 500.63400269
0.53661879 500.78640747
0.55867947 500.93881226
0.57570463 501.09118652
0.61591906 501.24359131
0.66901794 501.39599609
0.64004137 501.54840088
0.63713694 501.70080566
0.53335561 501.85321045
0.49269735 502.00561523
0.39283558 502.15798950
0.34076508 502.31039429
0.32363683 502.46279907
0.29472636 502.61520386
0.28892520 502.76760864
0.26557671 502.92001343
0.21730762 503.07238770
0.23945959 503.22479248
0.23305446 503.37719727
0.25123302 503.52960205
0.27262085 503.68200684
0.29598850 503.83441162
0.24123821 503.98678589
0.19639384 504.13919067
0.16802056 504.29159546
0.13215248 504.44400024
0.14734515 504.59640503
0.15151950 504.74880981
0.15404146 504.90121460
0.16453861 505.05358887
0.19372877 505.20599365
0.20847735 505.35839844
0.23427141 505.51080322
0.28005372 505.66320801
0.30116383 505.81561279
0.33307412 505.96798706
0.36350458 506.12039185
0.44141900 506.27279663
0.41978035 506.42520142
0.41109187 506.57760620
0.34410805 506.73001099
0.28423539 506.88238525
0.24953078 507.03479004
0.22850920 507.18719482
0.21001754 507.33959961
0.21166095 507.49200439
0.22149826 507.64440918
0.25601692 507.79681396
0.40369929 507.94918823
0.53566707 508.10159302
0.62053614 508.25399780
0.74859481 508.40640259
0.71316280 508.55880737
0.75495305 508.71121216
0.63597559 508.86358643
0.59877260 509.01599121
0.63349128 509.16839600
0.65963622 509.32080078
0.65228288 509.47320557
0.72911251 509.62561035
0.64344667 509.77801514
0.59483461 509.93038940
0.56629661 510.08279419
0.51194758 510.23519897
0.52311115 510.38760376
0.51808367 510.54000854
0.47000720 510.69241333
0.45082545 510.84478760
0.42435976 510.99719238
0.42845264 511.14959717
0.44789578 511.30200195
0.47181804 511.45440674
0.51568915 511.60681152
0.57988461 511.75918579
0.62587730 511.91159058
0.70681993 512.06402588
0.74638821 512.21636963
0.84425029 512.36877441
0.84032467 512.52117920
0.75545769 512.67358398
0.71194178 512.82598877
0.67866064 512.97839355
0.70135721 513.13079834
0.72790872 513.28320312
0.74720244 513.43560791
0.76284530 513.58801270
0.69899541 513.74041748
0.63968573 513.89282227
0.53221659 514.04522705
0.52557747 514.19757080
0.51056519 514.34997559
0.49674843 514.50238037
0.58745618 514.65478516
0.59634195 514.80718994
0.64998073 514.95959473
0.67929513 515.11199951
0.71549761 515.26440430
0.60164501 515.41680908
0.54937356 515.56921387
0.51141741 515.72161865
0.50180718 515.87402344
0.57638520 516.02642822
0.62619523 516.17877197
0.68077498 516.33117676
0.74118167 516.48358154
0.75182246 516.63598633
0.73021810 516.78839111
0.72347275 516.94079590
0.71598473 517.09320068
0.72554362 517.24560547
0.72036711 517.39801025
0.64880053 517.55041504
0.59983194 517.70281982
0.54402222 517.85522461
0.55617882 518.00762939
0.58445175 518.15997314
0.57993553 518.31237793
0.57941948 518.46478271
0.58167538 518.61718750
0.53359890 518.76959229
0.48913168 518.92199707
0.44381203 519.07440186
0.45704046 519.22680664
0.45933386 519.37921143
0.49324034 519.53161621
0.55548330 519.68402100
0.68492881 519.83642578
0.73535955 519.98876953
0.81170454 520.14117432
0.88823452 520.29357910
0.92594722 520.44598389
0.97551109 520.59838867
0.91089998 520.75079346
0.90354278 520.90319824
0.84631699 521.05560303
0.70267453 521.20800781
0.62586635 521.36041260
0.58970854 521.51281738
0.54897345 521.66522217
0.52450566 521.81762695
0.54031116 521.96997070
0.55590052 522.12237549
0.59594701 522.27478027
0.70372998 522.42718506
0.70573397 522.57958984
0.73078069 522.73199463
0.79367903 522.88439941
0.85857574 523.03680420
0.86840863 523.18920898
0.92616181 523.34161377
0.92611270 523.49401855
0.90920793 523.64642334
0.86664561 523.79882812
0.75499384 523.95117188
0.73278693 524.10357666
0.69874905 524.25598145
0.66529514 524.40838623
0.67135673 524.56079102
0.60505451 524.71319580
0.59218105 524.86560059
0.55250487 525.01800537
0.52349015 525.17041016
0.59796257 525.32281494
0.61591196 525.47521973
0.65789923 525.62762451
0.78430716 525.78002930
0.80980399 525.93237305
0.77919367 526.08477783
0.79358239 526.23718262
0.76699676 526.38958740
0.78346314 526.54199219
0.75944773 526.69439697
0.65559827 526.84680176
0.56838761 526.99920654
0.41027732 527.15161133
0.35103447 527.30401611
0.25482648 527.45642090
0.23887193 527.60882568
0.22841745 527.76123047
0.23297916 527.91357422
0.21449034 528.06597900
0.21503727 528.21838379
0.20184135 528.37078857
0.16356643 528.52319336
0.16578224 528.67559814
0.15586001 528.82800293
0.15184657 528.98040771
0.15542591 529.13281250
0.15369556 529.28521729
0.15350885 529.43762207
0.18870702 529.59002686
0.20659340 529.74237061
0.22338028 529.89477539
0.26409378 530.04718018
0.28236507 530.19958496
0.32956906 530.35198975
0.43075216 530.50439453
0.48147033 530.65679932
0.50321569 530.80920410
0.53147615 530.96160889
0.50827632 531.11401367
0.44417514 531.26641846
0.39635595 531.41882324
0.37871517 531.57122803
0.41352825 531.72357178
0.46882688 531.87597656
0.53004683 532.02838135
0.64505656 532.18078613
0.63526118 532.33319092
0.61463987 532.48559570
0.65239211 532.63800049
0.57472155 532.79040527
0.56145728 532.94281006
0.58923639 533.09521484
0.59602704 533.24761963
0.60106980 533.40002441
0.70038717 533.55242920
0.69929201 533.70477295
0.64941387 533.85717773
0.61018220 534.00958252
0.55444217 534.16198730
0.48309093 534.31439209
0.49172906 534.46679688
0.45220584 534.61920166
0.52672291 534.77160645
0.50578355 534.92401123
0.57059432 535.07641602
0.55170105 535.22882080
0.52050948 535.38122559
0.48622506 535.53363037
0.48822945 535.68597412
0.53962158 535.83837891
0.62086076 535.99078369
0.70911385 536.14318848
0.79502096 536.29559326
0.89623505 536.44799805
0.71007036 536.60040283
0.53396541 536.75280762
0.47249365 536.90521240
0.45494148 537.05761719
0.43254932 537.21002197
0.40905546 537.36242676
0.34491528 537.51477051
0.28789089 537.66717529
0.24864084 537.81958008
0.22085452 537.97198486
0.21254401 538.12438965
0.22239516 538.27679443
0.25079486 538.42919922
0.28635093 538.58160400
0.32830256 538.73400879
0.35056988 538.88641357
0.40233708 539.03881836
0.46030449 539.19122314
0.48382958 539.34362793
0.48094989 539.49597168
0.50141169 539.64837646
0.45153714 539.80078125
0.46172622 539.95318604
0.48176102 540.10559082
0.45994693 540.25799561
0.53835316 540.41040039
0.53762292 540.56280518
0.50354166 540.71520996
0.53825928 540.86761475
0.48878577 541.02001953
0.49513460 541.17242432
0.57959430 541.32482910
0.63965055 541.47717285
0.53247351 541.62957764
0.45950891 541.78198242
0.39486977 541.93438721
0.34639237 542.08679199
0.37273430 542.23919678
0.38220491 542.39160156
0.45166316 542.54400635
0.52186856 542.69641113
0.53431487 542.84881592
0.52895925 543.00122070
0.53551484 543.15362549
0.54386316 543.30603027
0.54567740 543.45837402
0.54613667 543.61077881
0.57000843 543.76318359
0.48260671 543.91558838
0.55173356 544.06799316
0.56430506 544.22039795
0.61752532 544.37280273
0.56522949 544.52520752
0.55675880 544.67761230
0.53169659 544.83001709
0.45138242 544.98242188
0.43275283 545.13482666
0.48332003 545.28717041
0.47916682 545.43957520
0.50884916 545.59197998
0.47179104 545.74438477
0.44989216 545.89678955
0.45855208 546.04919434
0.43359257 546.20159912
0.46538097 546.35400391
0.50152547 546.50640869
0.52023433 546.65881348
0.57478223 546.81121826
0.54470048 546.96362305
0.54445612 547.11602783
0.52522510 547.26837158
0.46336575 547.42077637
0.54955505 547.57318115
0.61650839 547.72558594
0.67189999 547.87799072
0.78370299 548.03039551
0.82092304 548.18280029
0.80322926 548.33520508
0.80933293 548.48760986
0.66804752 548.64001465
0.64670553 548.79241943
0.58403634 548.94482422
0.53781850 549.09722900
0.57956542 549.24957275
0.65784029 549.40197754
0.69831261 549.55438232
0.78762440 549.70678711
0.85492325 549.85919189
0.71588229 550.01159668
0.68090219 550.16400146
0.53101978 550.31640625
0.44333712 550.46881104
0.36674104 550.62121582
0.30249186 550.77362061
0.25633495 550.92602539
0.22901640 551.07843018
0.22389952 551.23077393
0.21772492 551.38317871
0.18655488 551.53558350
0.16164033 551.68798828
0.15092359 551.84039307
0.13997032 551.99279785
0.13250170 552.14520264
0.13532875 552.29760742
0.13746693 552.45001221
0.14242876 552.60241699
0.14953551 552.75482178
0.15461061 552.90722656
0.15762223 553.05957031
0.17838830 553.21197510
0.18722697 553.36437988
0.21755009 553.51678467
0.26155275 553.66918945
0.32196816 553.82159424
0.33962123 553.97399902
0.35196845 554.12640381
0.40827068 554.27880859
0.43909848 554.43121338
0.49382679 554.58361816
0.53236320 554.73602295
0.56821244 554.88842773
0.70255567 555.04077148
0.73079532 555.19317627
0.80410605 555.34558105
0.77367803 555.49798584
0.83456824 555.65039062
0.82531534 555.80279541
0.79712897 555.95520020
0.82454529 556.10760498
0.80935351 556.26000977
0.86997001 556.41241455
0.77675848 556.56481934
0.74389745 556.71722412
0.64582359 556.86962891
0.61323114 557.02197266
0.51107324 557.17437744
0.45825661 557.32678223
0.47265589 557.47918701
0.47322988 557.63159180
0.56535406 557.78399658
0.61117215 557.93640137
0.61592985 558.08880615
0.65332345 558.24121094
0.68100985 558.39361572
0.58214729 558.54602051
0.61241467 558.69842529
0.62944953 558.85083008
0.70210099 559.00317383
0.73629106 559.15557861
0.81414454 559.30798340
0.94250115 559.46038818
0.88338457 559.61279297
0.94572486 559.76519775
0.85974884 559.91760254
0.75160432 560.07000732
0.68825903 560.22241211
0.55524123 560.37481689
0.55759369 560.52722168
0.55966985 560.67962646
0.63199864 560.83197021
0.70147573 560.98437500
0.70549967 561.13677979
0.71133104 561.28918457
0.65580085 561.44158936
0.67062837 561.59399414
0.63731784 561.74639893
0.67401494 561.89880371
0.67294513 562.05120850
0.66914128 562.20361328
0.70144552 562.35601807
0.58276098 562.50842285
0.51581040 562.66082764
0.52978302 562.81317139
0.46350150 562.96557617
0.47750442 563.11798096
0.46615843 563.27038574
0.44446973 563.42279053
0.45885470 563.57519531
0.43526026 563.72760010
0.39399031 563.88000488
0.42310045 564.03240967
0.45259546 564.18481445
0.48353781 564.33721924
0.53799983 564.48962402
0.55936203 564.64202881
0.56087959 564.79437256
0.59666749 564.94677734
0.62384792 565.09918213
0.63558880 565.25158691
0.68454914 565.40399170
0.69480350 565.55639648
0.72686436 565.70880127
0.79458463 565.86120605
0.84031979 566.01361084
0.65918157 566.16601562
0.57090241 566.31842041
0.50768430 566.47082520
0.40127507 566.62322998
0.31148390 566.77557373
0.27048072 566.92797852
0.20477467 567.08038330
0.18510987 567.23278809
0.18179832 567.38519287
0.18748740 567.53759766
0.22625878 567.69000244
0.25875699 567.84240723
0.31093042 567.99481201
0.40474413 568.14721680
0.45535930 568.29962158
0.46006103 568.45202637
0.51301856 568.60437012
0.54980622 568.75677490
0.55156286 568.90917969
0.59762936 569.06158447
0.58623261 569.21398926
0.59742889 569.36639404
0.63567912 569.51879883
0.62221807 569.67120361
0.66916627 569.82360840
0.75084118 569.97601318
0.67667094 570.12841797
0.69351714 570.28082275
0.65476615 570.43322754
0.60470035 570.58557129
0.57719653 570.73797607
0.55345648 570.89038086
0.60164501 571.04278564
0.71452645 571.19519043
0.74634785 571.34759521
0.77299125 571.50000000
0.72683729 571.65240479
0.63052181 571.80480957
0.51435318 571.95721436
0.44602878 572.10961914
0.44124303 572.26202393
0.54137558 572.41442871
0.67496981 572.56677246
0.81567430 572.71917725
0.99567118 572.87158203
0.99567118 573.02398682
0.98341355 573.17639160
0.99567118 573.32879639
0.99567118 573.48120117
0.88883195 573.63360596
0.82227429 573.78601074
0.75514209 573.93841553
0.74239678 574.09082031
0.72022297 574.24322510
0.78868901 574.39562988
0.85740887 574.54797363
0.87965071 574.70037842
0.77996724 574.85278320
0.69411418 575.00518799
0.68324064 575.15759277
0.65504221 575.30999756
0.61374684 575.46240234
0.54716263 575.61480713
0.64510694 575.76721191
0.62387514 575.91961670
0.61222045 576.07202148
0.68229689 576.22442627
0.68697370 576.37677002
0.68865637 576.52917480
0.81915772 576.68157959
0.74821128 576.83398438
0.80147584 576.98638916
0.87407817 577.13879395
0.78907758 577.29119873
0.76386884 577.44360352
0.69742824 577.59600830
0.60147133 577.74841309
0.58273547 577.90081787
0.50867334 578.05322266
0.58495984 578.20562744
0.66662501 578.35797119
0.75581226 578.51037598
0.99567118 578.66278076
0.99567118 578.81518555
0.99567118 578.96759033
0.95511048 579.11999512
0.90460742 579.27239990
0.86729533 579.42480469
0.78486288 579.57720947
0.75922331 579.72961426
0.68865034 579.88201904
0.55353312 580.03442383
0.50708537 580.18682861
0.39444757 580.33917236
0.33616948 580.49157715
0.32897015 580.64398193
0.25344965 580.79638672
0.21232751 580.94879150
0.18030257 581.10119629
0.15735973 581.25360107
0.15772704 581.40600586
0.18522183 581.55841064
0.22125962 581.71081543
0.21224884 581.86322021
0.20018739 582.01562500
0.20345430 582.16802979
0.19783993 582.32037354
0.20558316 582.47277832
0.27718909 582.62518311
0.30578284 582.77758789
0.38098719 582.92999268
0.40098729 583.08239746
0.39648490 583.23480225
0.45072560 583.38720703
0.45212226 583.53961182
0.49141695 583.69201660
0.51359913 583.84442139
0.60371265 583.99682617
0.59513000 584.14916992
0.61367003 584.30157471
0.60877003 584.45397949
0.47348359 584.60638428
0.47782903 584.75878906
0.41072742 584.91119385
0.39714507 585.06359863
0.39591034 585.21600342
0.37842186 585.36840820
0.39310874 585.52081299
0.45293854 585.67321777
0.48863055 585.82562256
0.49734140 585.97802734
0.62757922 586.13037109
0.66390456 586.28277588
0.70408683 586.43518066
0.72732721 586.58758545
0.69332425 586.73999023
0.86847447 586.89239502
0.79611265 587.04479980
0.86101770 587.19720459
0.87906644 587.34960938
0.84158636 587.50201416
0.82622109 587.65441895
0.72864864 587.80682373
0.64968221 587.95922852
0.62704426 588.11157227
0.55470014 588.26397705
0.67680326 588.41638184
0.84238262 588.56878662
0.99567118 588.72119141
0.99567118 588.87359619
0.99567118 589.02600098
0.99567118 589.17840576
0.84869147 589.33081055
0.59086245 589.48321533
0.58835173 589.63562012
0.51938796 589.78802490
0.46986410 589.94042969
0.45124550 590.09277344
0.50362433 590.24517822
0.65992355 590.39758301
0.82952080 590.54998779
0.99567118 590.70239258
0.96528554 590.85479736
0.92931081 591.00720215
0.80784583 591.15960693
0.82657981 591.31201172
0.84054470 591.46441650
0.89344162 591.61682129
0.94225423 591.76922607
0.99567118 591.92156982
0.99567118 592.07397461
0.99567118 592.22637939
0.93638206 592.37878418
0.88065246 592.53118896
0.83821457 592.68359375
0.76697715 592.83599854
0.71610546 592.98840332
0.70090720 593.14080811
0.67100307 593.29321289
0.64454570 593.44561768
0.60991939 593.59802246
0.58410988 593.75042725
0.52610932 593.90277100
0.47839969 594.05517578
0.47598142 594.20758057
0.41005107 594.35998535
0.42688260 594.51239014
0.38061767 594.66479492
0.35920581 594.81719971
0.33736857 594.96960449
0.30651863 595.12200928
0.28618254 595.27441406
0.25886469 595.42681885
0.25763283 595.57922363
0.28406330 595.73162842
0.32466323 595.88397217
0.43087197 596.03637695
0.48810352 596.18878174
0.52969355 596.34118652
0.55709828 596.49359131
0.53326719 596.64599609
0.45698652 596.79840088
0.48008511 596.95080566
0.50467136 597.10321045
0.58823823 597.25561523
0.61637755 597.40802002
0.68446858 597.56042480
0.69439707 597.71282959
0.64791606 597.86517334
0.63993015 598.01757812
0.60603714 598.16998291
0.60461755 598.32238770
0.66619493 598.47479248
0.70036910 598.62719727
0.75790815 598.77960205
0.74778133 598.93200684
0.62208630 599.08441162
0.63423506 599.23681641
0.59414903 599.38922119
0.56617517 599.54162598
0.63259049 599.69396973
0.63603813 599.84637451
0.62252898 599.99877930
0.57758572 600.15118408
0.57530484 600.30358887
0.60654050 600.45599365
0.60942791 600.60839844
0.61602645 600.76080322
0.67185543 600.91320801
0.65936598 601.06561279
0.68804966 601.21801758
0.71714408 601.37042236
0.71939818 601.52282715
0.70899618 601.67517090
0.69679268 601.82757568
0.73050555 601.97998047
0.74313297 602.13238525
0.79229415 602.28479004
0.77907453 602.43719482
0.75901624 602.58959961
0.71077368 602.74200439
0.63847035 602.89440918
0.62292309 603.04681396
0.61221868 603.19921875
0.62775216 603.35162354
0.63572871 603.50402832
0.62648598 603.65637207
0.61090368 603.80877686
0.65464516 603.96118164
0.66274786 604.11358643
0.70461333 604.26599121
0.69134573 604.41839600
0.59800796 604.57080078
0.55652937 604.72320557
0.46761517 604.87561035
0.38766802 605.02801514
0.34183588 605.18041992
0.28288214 605.33282471
0.26268539 605.48522949
0.22617797 605.63757324
0.21992721 605.78997803
0.21831413 605.94238281
0.21012191 606.09478760
0.21406150 606.24719238
0.22055266 606.39959717
0.18147016 606.55200195
0.18444230 606.70440674
0.22083819 606.85681152
0.22637844 607.00921631
0.28406796 607.16162109
0.37774267 607.31402588
0.39940518 607.46636963
0.51588859 607.61877441
0.60237676 607.77117920
0.67614161 607.92358398
0.83888268 608.07598877
0.90317626 608.22839355
0.81436061 608.38079834
0.81880651 608.53320312
0.75718014 608.68560791
0.73063277 608.83801270
0.74963301 608.99041748
0.74421948 609.14282227
0.84200809 609.29522705
0.73685384 609.44757080
0.67009574 609.59997559
0.69067943 609.75238037
0.66144014 609.90478516
0.68700140 610.05718994
0.90263821 610.20959473
0.99567118 610.36199951
0.99567118 610.51440430
0.99567118 610.66680908
0.84585535 610.81921387
0.84973995 610.97161865
0.78408934 611.12402344
0.78604879 611.27642822
0.74663061 611.42877197
0.68201856 611.58117676
0.66296946 611.73358154
0.59246143 611.88598633
0.60818181 612.03839111
0.56767702 612.19079590
0.57554950 612.34320068
0.65261639 612.49560547
0.58805942 612.64801025
0.61063707 612.80041504
0.60150116 612.95281982
0.57870539 613.10522461
0.64825317 613.25762939
0.65544323 613.40997314
0.64863176 613.56237793
0.71762391 613.71478271
0.74343144 613.86718750
0.64109802 614.01959229
0.68942374 614.17199707
0.66666340 614.32440186
0.73204100 614.47680664
0.84057069 614.62921143
0.87831735 614.78161621
0.99567118 614.93402100
0.99567118 615.08642578
0.99567118 615.23876953
0.94272989 615.39117432
0.85092834 615.54357910
0.89279386 615.69598389
0.92082928 615.84838867
0.96768650 616.00079346
0.90160090 616.15319824
0.74240307 616.30560303
0.62274773 616.45800781
0.52056976 616.61041260
0.51218545 616.76281738
0.55727860 616.91522217
0.56624166 617.06762695
0.59037922 617.21997070
0.69403656 617.37237549
0.70611194 617.52478027
0.80492245 617.67718506
0.84676723 617.82958984
0.83449059 617.98199463
0.90169174 618.13439941
0.74404568 618.28680420
0.61177704 618.43920898
0.58880081 618.59161377
0.53875445 618.74401855
0.62087149 618.89642334
0.62376281 619.04882812
0.64839183 619.20117188
0.64983618 619.35357666
0.54796070 619.50598145
0.53777555 619.65838623
0.50972938 619.81079102
0.53788853 619.96319580
0.61653533 620.11560059
0.64973291 620.26800537
0.76027907 620.42041016
0.80941072 620.57281494
0.81201414 620.72521973
0.84371124 620.87762451
0.71149393 621.03002930
0.69876907 621.18237305
0.61446834 621.33477783
0.51907471 621.48718262
0.48789000 621.63958740
0.39098615 621.79199219
0.38396860 621.94439697
0.41760813 622.09680176
0.41237077 622.24920654
0.43485673 622.40161133
0.44968325 622.55401611
0.44986071 622.70642090
0.47551473 622.85882568
0.47106797 623.01123047
0.47005260 623.16357422
0.46171365 623.31597900
0.46345108 623.46838379
0.46187552 623.62078857
0.44119333 623.77319336
0.43446019 623.92559814
0.46175273 624.07800293
0.48077652 624.23040771
0.55065792 624.38281250
0.61728669 624.53521729
0.58702699 624.68762207
0.57108176 624.84002686
0.63799540 624.99237061
0.61575432 625.14477539
0.59884070 625.29718018
0.74943676 625.44958496
0.65377826 625.60198975
0.66635222 625.75439453
0.62403267 625.90679932
0.51878939 626.05920410
0.51794047 626.21160889
0.46105806 626.36401367
0.48847235 626.51641846
0.56130374 626.66882324
0.61155109 626.82122803
0.64115549 626.97357178
0.69919384 627.12597656
0.72460381 627.27838135
0.74554304 627.43078613
0.70863107 627.58319092
0.65465281 627.73559570
0.68220086 627.88800049
0.71114599 628.04040527
0.71230034 628.19281006
0.72570105 628.34521484
0.75129213 628.49761963
0.74509940 628.65002441
0.77549296 628.80242920
0.74363888 628.95477295
0.74439963 629.10717773
0.73648838 629.25958252
0.75979970 629.41198730
0.79709508 629.56439209
0.96579301 629.71679688
0.99567118 629.86920166
0.99567118 630.02160645
0.99567118 630.17401123
0.96265132 630.32641602
0.90010376 630.47882080
0.81076520 630.63122559
0.75425788 630.78363037
0.69232049 630.93597412
0.67601920 631.08837891
0.67466881 631.24078369
0.68577331 631.39318848
0.70501694 631.54559326
0.67921900 631.69799805
0.66197248 631.85040283
0.67301679 632.00280762
0.72923110 632.15521240
0.81549022 632.30761719
0.86304669 632.46002197
0.84709587 632.61242676
0.83373642 632.76477051
0.78598866 632.91717529
0.56178262 633.06958008
0.51103376 633.22198486
0.45521999 633.37438965
0.37842547 633.52679443
0.36689087 633.67919922
0.34395596 633.83160400
0.27726661 633.98400879
0.22835281 634.13641357
0.17318318 634.28881836
0.13633733 634.44122314
0.13547923 634.59362793
0.16043050 634.74597168
0.20172240 634.89837646
0.26342574 635.05078125
0.33812314 635.20318604
0.38960141 635.35559082
0.44691593 635.50799561
0.46498622 635.66040039
0.55230143 635.81280518
0.62342968 635.96520996
0.65229610 636.11761475
0.72830349 636.27001953
0.69894941 636.42242432
0.69849681 636.57482910
0.60847059 636.72717285
0.54837301 636.87957764
0.54168919 637.03198242
0.38349274 637.18438721
0.38352137 637.33679199
0.38910643 637.48919678
0.42024817 637.64160156
0.51853972 637.79400635
0.59156382 637.94641113
0.68734268 638.09881592
0.72094567 638.25122070
0.74151957 638.40362549
0.66194190 638.55603027
0.51919971 638.70837402
0.52413065 638.86077881
0.56587247 639.01318359
0.60274567 639.16558838
0.83444127 639.31799316
0.91450700 639.47039795
0.99567118 639.62280273
0.99567118 639.77520752
0.99567118 639.92761230
0.99567118 640.08001709
0.99567118 640.23242188
0.81451007 640.38482666
0.73341624 640.53717041
0.72715490 640.68957520
0.57470137 640.84197998
0.64166779 640.99438477
0.68030739 641.14678955
0.70755483 641.29919434
0.92760302 641.45159912
0.99567118 641.60400391
0.99567118 641.75640869
0.99567118 641.90881348
0.99567118 642.06121826
0.99567118 642.21362305
0.91306928 642.36602783
0.79357108 642.51837158
0.82445234 642.67077637
0.83915211 642.82318115
0.82688744 642.97558594
0.78792107 643.12799072
0.75529447 643.28039551
0.66490807 643.43280029
0.68901031 643.58520508
0.66400223 643.73760986
0.75611318 643.89001465
0.75972409 644.04241943
0.77790471 644.19482422
0.99567118 644.34722900
0.99567118 644.49957275
0.99567118 644.65197754
0.99567118 644.80438232
0.99567118 644.95678711
0.99567118 645.10919189
0.99567118 645.26159668
0.99567118 645.41400146
0.99567118 645.56640625
0.99567118 645.71881104
0.99567118 645.87121582
0.91692495 646.02362061
0.94749993 646.17602539
0.91050529 646.32843018
0.87993921 646.48077393
0.88904359 646.63317871
0.87401681 646.78558350
0.79892117 646.93798828
0.78169576 647.09039307
0.71109709 647.24279785
0.53422945 647.39520264
0.49593060 647.54760742
0.48780074 647.70001221
0.47302334 647.85241699
0.49749752 648.00482178
0.53744644 648.15722656
0.61155639 648.30957031
0.73141482 648.46197510
0.88316415 648.61437988
0.95653186 648.76678467
0.99567118 648.91918945
0.99567118 649.07159424
0.99376921 649.22399902
0.96156698 649.37640381
0.86831844 649.52880859
0.80252571 649.68121338
0.80114275 649.83361816
0.61301710 649.98602295
0.83805180 650.13842773
0.99567118 650.29077148
0.90002555 650.44317627
0.86872316 650.59558105
0.84063695 650.74798584
0.91254121 650.90039062
0.83399252 651.05279541
0.74410921 651.20520020
0.63583929 651.35760498
0.51878175 651.51000977
0.46555239 651.66241455
0.40849851 651.81481934
0.36718494 651.96722412
0.39150016 652.11962891
0.42319384 652.27197266
0.52621708 652.42437744
0.74486829 652.57678223
0.71044637 652.72918701
0.70333902 652.88159180
0.71215173 653.03399658
0.69951850 653.18640137
0.71719538 653.33880615
0.79277419 653.49121094
0.69495890 653.64361572
0.66814750 653.79602051
0.61966797 653.94842529
0.54860111 654.10083008
0.58394925 654.25317383
0.69583833 654.40557861
0.87362705 654.55798340
0.86366490 654.71038818
0.93059008 654.86279297
0.79916065 655.01519775
0.76103352 655.16760254
0.71041380 655.32000732
0.67727643 655.47241211
0.72595401 655.62481689
0.72769682 655.77722168
0.71971695 655.92962646
0.81538204 656.08197021
0.83975940 656.23437500
0.84303004 656.38677979
0.99567118 656.53918457
0.99567118 656.69158936
0.99567118 656.84399414
0.95249696 656.99639893
0.97562779 657.14880371
0.93800509 657.30120850
0.91827350 657.45361328
0.97062499 657.60601807
0.99567118 657.75842285
0.99567118 657.91082764
0.99567118 658.06317139
0.99567118 658.21557617
0.99567118 658.36798096
0.99567118 658.52038574
0.99567118 658.67279053
0.99567118 658.82519531
0.99567118 658.97760010
0.93195706 659.13000488
0.80712487 659.28240967
0.74782176 659.43481445
0.64638026 659.58721924
0.63856456 659.73962402
0.72646190 659.89202881
0.88293397 660.04437256
0.99567118 660.19677734
0.99567118 660.34918213
0.99567118 660.50158691
0.99567118 660.65399170
0.99567118 660.80639648
0.96845118 660.95880127
0.81629389 661.11120605
0.80721622 661.26361084
0.71012524 661.41601562
0.65026432 661.56842041
0.61980657 661.72082520
0.57375675 661.87322998
0.62424456 662.02557373
0.69032866 662.17797852
0.66414388 662.33038330
0.74529674 662.48278809
0.74638189 662.63519287
0.71106652 662.78759766
0.66709184 662.94000244
0.54311041 663.09240723
0.34221156 663.24481201
0.26181322 663.39721680
0.18171484 663.54962158
0.17485572 663.70202637
0.17641158 663.85437012
0.17785111 664.00677490
0.17584059 664.15917969
0.19179858 664.31158447
0.18135501 664.46398926
0.17248183 664.61639404
0.19193521 664.76879883
0.20273453 664.92120361
0.24802111 665.07360840
0.30351943 665.22601318
0.39905680 665.37841797
0.47123132 665.53082275
0.57833583 665.68322754
0.56106601 665.83557129
0.53688869 665.98797607
0.54970566 666.14038086
0.55051351 666.29278564
0.60743145 666.44519043
0.63197293 666.59759521
0.64957896 666.75000000
0.69198882 666.90240479
0.78071701 667.05480957
0.80968288 667.20721436
0.84016622 667.35961914
0.87975421 667.51202393
0.80066952 667.66442871
0.78075027 667.81677246
0.71336265 667.96917725
0.68025070 668.12158203
0.68331718 668.27398682
0.61744453 668.42639160
0.56607696 668.57879639
0.48700143 668.73120117
0.48550652 668.88360596
0.46034634 669.03601074
0.48257332 669.18841553
0.48693125 669.34082031
0.54430344 669.49322510
0.61175748 669.64562988
0.63775163 669.79797363
0.65080186 669.95037842
0.68479103 670.10278320
0.72039585 670.25518799
0.72266730 670.40759277
0.77064349 670.55999756
0.72970356 670.71240234
0.75455170 670.86480713
0.72221750 671.01721191
0.63238896 671.16961670
0.68150522 671.32202148
0.71426086 671.47442627
0.71533609 671.62677002
0.85064616 671.77917480
0.83220167 671.93157959
0.90284033 672.08398438
0.93321106 672.23638916
0.99567118 672.38879395
0.99567118 672.54119873
0.99567118 672.69360352
0.94063224 672.84600830
0.85429390 672.99841309
0.75536542 673.15081787
0.71579844 673.30322266
0.70029285 673.45562744
0.64900855 673.60797119
0.60396948 673.76037598
0.58797180 673.91278076
0.52592992 674.06518555
0.50384832 674.21759033
0.57430372 674.36999512
0.57368936 674.52239990
0.77196554 674.67480469
0.79016188 674.82720947
0.79804726 674.97961426
0.87623104 675.13201904
0.87707684 675.28442383
0.79073707 675.43682861
0.68598011 675.58917236
0.59966045 675.74157715
0.52101222 675.89398193
0.51264307 676.04638672
0.49047592 676.19879150
0.46147925 676.35119629
0.49563249 676.50360107
0.51674388 676.65600586
0.53064231 676.80841064
0.65703602 676.96081543
0.71584965 677.11322021
0.85844783 677.26562500
0.89600424 677.41802979
0.91466553 677.57037354
0.83643668 677.72277832
0.75538476 677.87518311
0.78329227 678.02758789
0.74512061 678.17999268
0.84415297 678.33239746
0.88008246 678.48480225
0.88162076 678.63720703
0.82139332 678.78961182
0.74168655 678.94201660
0.76247916 679.09442139
0.63539555 679.24682617
0.57485977 679.39916992
0.45428175 679.55157471
0.37613655 679.70397949
0.31617487 679.85638428
0.28015515 680.00878906
0.25593529 680.16119385
0.25177636 680.31359863
0.26702376 680.46600342
0.28254573 680.61840820
0.36852597 680.77081299
0.50668480 680.92321777
0.60411385 681.07562256
0.67868402 681.22802734
0.67168724 681.38037109
0.67618642 681.53277588
0.69014835 681.68518066
0.78754408 681.83758545
0.91643839 681.98999023
0.99567118 682.14239502
0.98892453 682.29479980
0.93024223 682.44720459
0.77019543 682.59960938
0.74548150 682.75201416
0.73510173 682.90441895
0.73325523 683.05682373
0.76889360 683.20922852
0.77865707 683.36157227
0.78100475 683.51397705
0.72653026 683.66638184
0.68751451 683.81878662
0.71433847 683.97119141
0.74195693 684.12359619
0.72828890 684.27600098
0.81948365 684.42840576
0.90225951 684.58081055
0.89823156 684.73321533
0.93150979 684.88562012
0.90349225 685.03802490
0.83667466 685.19042969
0.82190560 685.34277344
0.75518502 685.49517822
0.72172863 685.64758301
0.83839861 685.79998779
0.82989723 685.95239258
0.86354852 686.10479736
0.98587232 686.25720215
0.82415245 686.40960693
0.81811596 686.56201172
0.87798481 686.71441650
0.91708894 686.86682129
0.95306993 687.01922607
0.99567118 687.17156982
0.99567118 687.32397461
0.87493930 687.47637939
0.85572861 687.62878418
0.70701016 687.78118896
0.70550167 687.93359375
0.78029893 688.08599854
0.78395173 688.23840332
0.86336426 688.39080811
0.98754130 688.54321289
0.99567118 688.69561768
0.99567118 688.84802246
0.99567118 689.00042725
0.99567118 689.15277100
0.99567118 689.30517578
0.99567118 689.45758057
0.99567118 689.60998535
0.99567118 689.76239014
0.96460097 689.91479492
0.94236205 690.06719971
0.74180053 690.21960449
0.71242269 690.37200928
0.70146162 690.52441406
0.63110894 690.67681885
0.60712719 690.82922363
0.69328646 690.98162842
0.77914514 691.13397217
0.82967742 691.28637695
0.94700655 691.43878174
0.99567118 691.59118652
0.97369025 691.74359131
0.94069787 691.89599609
0.75861507 692.04840088
0.71728563 692.20080566
0.65737921 692.35321045
0.65077174 692.50561523
0.78182422 692.65802002
0.86691072 692.81042480
0.99567118 692.96282959
0.99565501 693.11517334
0.99567118 693.26757812
0.99567118 693.41998291
0.99567118 693.57238770
0.99567118 693.72479248
0.99567118 693.87719727
0.85579834 694.02960205
0.62453286 694.18200684
0.44289091 694.33441162
0.32021742 694.48681641
0.25710524 694.63922119
0.20894594 694.79162598
0.18350596 694.94396973
0.18955763 695.09637451
0.19137435 695.24877930
0.17043348 695.40118408
0.15322305 695.55358887
0.14970179 695.70599365
0.13051389 695.85839844
0.13088950 696.01080322
0.14024354 696.16320801
0.14487225 696.31561279
0.18430120 696.46801758
0.21862232 696.62042236
0.27639172 696.77282715
0.38684755 696.92517090
0.62964675 697.07757568
0.77906122 697.22998047
0.87872387 697.38238525
0.92747088 697.53479004
0.92670245 697.68719482
0.82738646 697.83959961
0.73236686 697.99200439
0.69862697 698.14440918
0.63858487 698.29681396
0.60706892 698.44921875
0.61571143 698.60162354
0.64092183 698.75402832
0.57985571 698.90637207
0.68757566 699.05877686
0.67880507 699.21118164
0.66236007 699.36358643
0.62371571 699.51599121
0.53283320 699.66839600
0.57227596 699.82080078
0.54375718 699.97320557
0.54337518 700.12561035
0.61571321 700.27801514
0.62285797 700.43041992
0.62730801 700.58282471
0.58106256 700.73522949
0.58497355 700.88757324
0.54515584 701.03997803
0.59738527 701.19238281
0.66935125 701.34478760
0.64045643 701.49719238
0.65537885 701.64959717
0.63276479 701.80200195
0.58636632 701.95440674
0.60169935 702.10681152
0.54894590 702.25921631
0.58417822 702.41162109
0.62620244 702.56402588
0.59142723 702.71636963
0.60683196 702.86877441
0.53177854 703.02117920
0.50281031 703.17358398
0.54632682 703.32598877
0.61147629 703.47839355
0.65757273 703.63079834
0.75123017 703.78320312
0.77535436 703.93560791
0.82070998 704.08801270
0.87557015 704.24041748
0.85258080 704.39282227
0.93012281 704.54522705
0.89993755 704.69757080
0.86938920 704.84997559
0.74847974 705.00238037
0.68811281 705.15478516
0.66637332 705.30718994
0.63476449 705.45959473
0.63482160 705.61199951
0.79265095 705.76440430
0.88674273 705.91680908
0.99479849 706.06921387
0.86928421 706.22161865
0.80824990 706.37402344
0.79268227 706.52642822
0.75840371 706.67877197
0.87580589 706.83117676
0.90180281 706.98358154
0.87946331 707.13598633
0.94735491 707.28839111
0.81342321 707.44079590
0.72623172 707.59320068
0.73010144 707.74560547
0.63531454 707.89801025
0.68742369 708.05041504
0.73783534 708.20281982
0.64735266 708.35522461
0.52898437 708.50762939
0.39838543 708.65997314
0.30986610 708.81237793
0.21452232 708.96478271
0.17664696 709.11718750
0.16334478 709.26959229
0.15887322 709.42199707
0.17297845 709.57440186
0.22266050 709.72680664
0.24922503 709.87921143
0.32200133 710.03161621
0.41426409 710.18402100
0.45303744 710.33642578
0.46815432 710.48876953
0.43826446 710.64117432
0.45031419 710.79357910
0.46390630 710.94598389
0.49191467 711.09838867
0.50119617 711.25079346
0.49253072 711.40319824
0.49497912 711.55560303
0.51103214 711.70800781
0.47328544 711.86041260
0.56520783 712.01281738
0.72425628 712.16522217
0.78908218 712.31762695
0.81899373 712.46997070
0.87989987 712.62237549
0.82679656 712.77478027
0.64559213 712.92718506
0.58399710 713.07958984
0.49535387 713.23199463
0.44538814 713.38439941
0.49129188 713.53680420
0.46545397 713.68920898
0.49815078 713.84161377
0.50645524 713.99401855
0.50084000 714.14642334
0.50454938 714.29882812
0.56518135 714.45117188
0.63496318 714.60357666
0.72495970 714.75598145
0.75781972 714.90838623
0.73437893 715.06079102
0.65211143 715.21319580
0.58281733 715.36560059
0.52406218 715.51800537
0.50005229 715.67041016
0.57183959 715.82281494
0.64467427 715.97521973
0.70828021 716.12762451
0.72726069 716.28002930
0.73366522 716.43237305
0.74886111 716.58477783
0.74053156 716.73718262
0.75267404 716.88958740
0.80727556 717.04199219
0.82097163 717.19439697
0.81199805 717.34680176
0.77076831 717.49920654
0.80177723 717.65161133
0.80976054 717.80401611
0.64727400 717.95642090
0.66339200 718.10882568
0.59644818 718.26123047
0.63601790 718.41357422
0.68679628 718.56597900
0.63793818 718.71838379
0.54355335 718.87078857
0.44381872 719.02319336
0.32960607 719.17559814
0.29274194 719.32800293
0.23537231 719.48040771
0.24200752 719.63281250
0.22373136 719.78521729
0.20580505 719.93762207
0.19102522 720.09002686
0.17095153 720.24237061
0.14703968 720.39477539
0.13814070 720.54718018
0.14679758 720.69958496
0.14859672 720.85198975
0.15984186 721.00439453
0.21422901 721.15679932
0.29857809 721.30920410
0.37297024 721.46160889
0.43305545 721.61401367
0.46216454 721.76641846
0.52105237 721.91882324
0.57447051 722.07122803
0.60610597 722.22357178
0.64206891 722.37597656
0.63558150 722.52838135
0.56748207 722.68078613
0.55055896 722.83319092
0.47407422 722.98559570
0.46793266 723.13800049
0.45133312 723.29040527
0.42922101 723.44281006
0.48012551 723.59521484
0.54325484 723.74761963
0.61954561 723.90002441
0.64965213 724.05242920
0.73968383 724.20477295
0.77644798 724.35717773
0.79842191 724.50958252
0.86915001 724.66198730
0.99567118 724.81439209
0.98293798 724.96679688
0.99567118 725.11920166
0.83000734 725.27160645
0.74103589 725.42401123
0.63785504 725.57641602
0.55394584 725.72882080
0.52862705 725.88122559
0.48300098 726.03363037
0.44572526 726.18597412
0.45056569 726.33837891
0.45560623 726.49078369
0.52993527 726.64318848
0.60810575 726.79559326
0.78085428 726.94799805
0.80717515 727.10040283
0.83526907 727.25280762
0.86597426 727.40521240
0.77089949 727.55761719
0.85496890 727.71002197
0.90024732 727.86242676
0.92811577 728.01477051
0.99567118 728.16717529
0.92283975 728.31958008
0.85625060 728.47198486
0.72174310 728.62438965
0.61944482 728.77679443
0.57855614 728.92919922
0.52214907 729.08160400
0.53875287 729.23400879
0.57501988 729.38641357
0.62699693 729.53881836
0.60848478 729.69122314
0.59555404 729.84362793
0.55894418 729.99597168
0.63059126 730.14837646
0.64666246 730.30078125
0.68699538 730.45318604
0.83485274 730.60559082
0.82681292 730.75799561
0.90079406 730.91040039
0.91806313 731.06280518
0.79918100 731.21520996
0.77070256 731.36761475
0.70782824 731.52001953
0.67049713 731.67242432
0.67382482 731.82482910
0.65519544 731.97717285
0.68773759 732.12957764
0.66532395 732.28198242
0.60882669 732.43438721
0.60835368 732.58679199
0.61882050 732.73919678
0.58151026 732.89160156
0.60823491 733.04400635
0.61682390 733.19641113
0.50797186 733.34881592
0.43231297 733.50122070
0.42412329 733.65362549
0.39468122 733.80603027
0.45221546 733.95837402
0.63588538 734.11077881
0.81287441 734.26318359
0.99567118 734.41558838
0.99567118 734.56799316
0.89515171 734.72039795
0.62448930 734.87280273
0.47477973 735.02520752
0.36624358 735.17761230
0.32079847 735.33001709
0.26110107 735.48242188
0.26253751 735.63482666
0.28341870 735.78717041
0.29101021 735.93957520
0.32054400 736.09197998
0.32066084 736.24438477
0.32787500 736.39678955
0.34897328 736.54919434
0.34825895 736.70159912
0.34675889 736.85400391
0.30051282 737.00640869
0.23069001 737.15881348
0.18655899 737.31121826
0.16513234 737.46362305
0.14402145 737.61602783
0.13895124 737.76837158
0.14046497 737.92077637
0.15009981 738.07318115
0.18865620 738.22558594
0.24129304 738.37799072
0.33389252 738.53039551
0.44575781 738.68280029
0.53781207 738.83520508
0.61021066 738.98760986
0.61432003 739.14001465
0.62764117 739.29241943
0.57834772 739.44482422
0.46686520 739.59722900
0.46815001 739.74957275
0.50147612 739.90197754
0.53406346 740.05438232
0.62192369 740.20678711
0.57971657 740.35919189
0.58323536 740.51159668
0.50988732 740.66400146
0.44904911 740.81640625
0.45607419 740.96881104
0.51955306 741.12121582
0.60328701 741.27362061
0.62495521 741.42602539
0.64235128 741.57843018
0.63386588 741.73077393
0.61002423 741.88317871
0.59940870 742.03558350
0.59972691 742.18798828
0.61572933 742.34039307
0.57993385 742.49279785
0.67701151 742.64520264
0.62646421 742.79760742
0.70580073 742.95001221
0.70215133 743.10241699
0.75651955 743.25482178
0.81232595 743.40722656
0.76120429 743.55957031
0.80999615 743.71197510
0.71143290 743.86437988
0.58488973 744.01678467
0.55525108 744.16918945
0.52944869 744.32159424
0.48262550 744.47399902
0.48763117 744.62640381
0.51825770 744.77880859
0.55798435 744.93121338
0.66284524 745.08361816
0.79300772 745.23602295
0.78869787 745.38842773
0.73121458 745.54077148
0.71397915 745.69317627
0.64593372 745.84558105
0.59804457 745.99798584
0.69114536 746.15039062
0.62186954 746.30279541
0.87357077 746.45520020
0.99567118 746.60760498
0.99567118 746.76000977
0.99567118 746.91241455
0.99252267 747.06481934
0.96259777 747.21722412
0.94620475 747.36962891
0.86443888 747.52197266
0.86443888 747.67437744
0.94029395 747.82678223
0.03985838 747.97918701
0.03985838 748.13159180
0.03985838 748.28399658
0.03985838 748.43640137
0.18177114 748.58880615
0.30885788 748.74121094
0.44114907 748.89361572
0.62233194 749.04602051
0.79224933 749.19842529
0.90301455 749.35083008
0.99567118 749.50317383
0.99567118 749.65557861
0.98738228 749.80798340
0.91088969 749.96038818
0.67542627 750.11279297
0.46038946 750.26519775
0.34196544 750.41760254
0.21251218 750.57000732
0.20873139 750.72241211
0.19964157 750.87481689
0.20986740 751.02722168
0.20747172 751.17962646
0.20494060 751.33197021
0.18075762 751.48437500
0.15412349 751.63677979
0.15076846 751.78918457
0.13881878 751.94158936
0.13604924 752.09399414
0.15830872 752.24639893
0.15669679 752.39880371
0.20868355 752.55120850
0.23596505 752.70361328
0.39228249 752.85601807
0.44167441 753.00842285
0.43219422 753.16082764
0.48745575 753.31317139
0.49892556 753.46557617
0.52967463 753.61798096
0.55795153 753.77038574
0.55977689 753.92279053
0.59539927 754.07519531
0.55048912 754.22760010
0.45741280 754.38000488
0.37984504 754.53240967
0.48761511 754.68481445
0.55690475 754.83721924
0.74852866 754.98962402
0.99567118 755.14202881
0.99567118 755.29437256
0.99567118 755.44677734
0.99567118 755.59918213
0.89788466 755.75158691
0.74647754 755.90399170
0.67734851 756.05639648
0.60602300 756.20880127
0.58403295 756.36120605
0.66382996 756.51361084
0.72951613 756.66601562
0.83360956 756.81842041
0.82501746 756.97082520
0.80248711 757.12322998
0.77823342 757.27557373
0.63939691 757.42797852
0.63363625 757.58038330
0.57303184 757.73278809
0.47886593 757.88519287
0.47027080 758.03759766
0.39620737 758.19000244
0.40393747 758.34240723
0.53459017 758.49481201
0.65924628 758.64721680
0.75344523 758.79962158
0.94797017 758.95202637
0.80361529 759.10437012
0.84370418 759.25677490
0.92233990 759.40917969
0.99567118 759.56158447
0.99567118 759.71398926
0.99567118 759.86639404
0.99567118 760.01879883
0.65884131 760.17120361
0.56894859 760.32360840
0.58108813 760.47601318
0.52853775 760.62841797
0.62130983 760.78082275
0.62618067 760.93322754
0.63233946 761.08557129
0.69046744 761.23797607
0.59886163 761.39038086
0.59414731 761.54278564
0.59728766 761.69519043
0.60468973 761.84759521
0.72636239 762.00000000
0.81741907 762.15240479
0.98376297 762.30480957
0.99567118 762.45721436
0.99567118 762.60961914
0.82455470 762.76202393
0.67704850 762.91442871
0.32922034 763.06677246
0.27685517 763.21917725
0.24513420 763.37158203
0.22124636 763.52398682
0.20883753 763.67639160
0.19718591 763.82879639
0.19085815 763.98120117
0.18971830 764.13360596
0.20114963 764.28601074
0.21608446 764.43841553
0.25214452 764.59082031
0.32179492 764.74322510
0.39303560 764.89562988
0.44024743 765.04797363
0.47683267 765.20037842
0.47669787 765.35278320
0.40746711 765.50518799
0.34943946 765.65759277
0.32078497 765.80999756
0.28333520 765.96240234
0.26771046 766.11480713
0.27201182 766.26721191
0.27240133 766.41961670
0.27662938 766.57202148
0.30037821 766.72442627
0.28649383 766.87677002
0.31724909 767.02917480
0.30721683 767.18157959
0.29672906 767.33398438
0.34447588 767.48638916
0.35181246 767.63879395
0.35374059 767.79119873
0.37553466 767.94360352
0.36482090 768.09600830
0.35588414 768.24841309
0.32118454 768.40081787
0.25328679 768.55322266
0.24384376 768.70562744
0.23460728 768.85797119
0.24042761 769.01037598
0.26829502 769.16278076
0.28801351 769.31518555
0.34561419 769.46759033
0.37450787 769.61999512
0.37559687 769.77239990
0.34779178 769.92480469
0.34749388 770.07720947
0.28526807 770.22961426
0.30037431 770.38201904
0.32946649 770.53442383
0.43299867 770.68682861
0.48113192 770.83917236
0.54647199 770.99157715
0.63664457 771.14398193
0.59331501 771.29638672
0.60542662 771.44879150
0.49313548 771.60119629
0.55863181 771.75360107
0.63307840 771.90600586
0.68154049 772.05841064
0.82484532 772.21081543
0.88719757 772.36322021
0.91421068 772.51562500
0.88236997 772.66802979
0.86786279 772.82037354
0.85104335 772.97277832
0.83251353 773.12518311
0.58035356 773.27758789
0.48907889 773.42999268
0.37915661 773.58239746
0.38157717 773.73480225
0.37537372 773.88720703
0.40657949 774.03961182
0.55022468 774.19201660
0.61424861 774.34442139
0.94623895 774.49682617
0.99567118 774.64916992
0.99567118 774.80157471
0.94696427 774.95397949
0.84627903 775.10638428
0.68246954 775.25878906
0.58481610 775.41119385
0.63484363 775.56359863
0.65985690 775.71600342
0.99567118 775.86840820
0.97365266 776.02081299
0.92690674 776.17321777
0.87600982 776.32562256
0.68755788 776.47802734
0.55773645 776.63037109
0.51429807 776.78277588
0.50673471 776.93518066
0.56748869 777.08758545
0.66677287 777.23999023
0.75548571 777.39239502
0.98286422 777.54479980
0.98181095 777.69720459
0.89285146 777.84960938
0.95687003 778.00201416
0.94876810 778.15441895
0.85848887 778.30682373
0.84272889 778.45922852
0.77957818 778.61157227
0.73292264 778.76397705
0.73942465 778.91638184
0.97390426 779.06878662
0.99567118 779.22119141
0.99567118 779.37359619
0.99567118 779.52600098
0.99567118 779.67840576
0.99567118 779.83081055
0.88639989 779.98321533
0.91662282 780.13562012
0.92467893 780.28802490
0.82239940 780.44042969
0.89082098 780.59277344
0.93589898 780.74517822
0.97734875 780.89758301
0.99567118 781.04998779
0.99567118 781.20239258
0.90528060 781.35479736
0.77449274 781.50720215
0.67299344 781.65960693
0.49357710 781.81201172
0.45652884 781.96441650
0.38888030 782.11682129
0.36433360 782.26922607
0.29957758 782.42156982
0.28556728 782.57397461
0.29397998 782.72637939
0.28538981 782.87878418
0.31903636 783.03118896
0.35729761 783.18359375
0.34446384 783.33599854
0.34816834 783.48840332
0.32191520 783.64080811
0.30446332 783.79321289
0.31698873 783.94561768
0.34883610 784.09802246
0.44913773 784.25042725
0.50160786 784.40277100
0.68182254 784.55517578
0.59870624 784.70758057
0.54479864 784.85998535
0.40754247 785.01239014
0.35850286 785.16479492
0.38171413 785.31719971
0.39525430 785.46960449
0.44353407 785.62200928
0.42994069 785.77441406
0.45140979 785.92681885
0.44640035 786.07922363
0.46186295 786.23162842
0.48868620 786.38397217
0.47825596 786.53637695
0.56397516 786.68878174
0.62640056 786.84118652
0.79817592 786.99359131
0.75853101 787.14599609
0.80893533 787.29840088
0.77842097 787.45080566
0.73460935 787.60321045
0.59161736 787.75561523
0.56627491 787.90802002
0.54210229 788.06042480
0.47532448 788.21282959
0.54788633 788.36517334
0.56200889 788.51757812
0.57910556 788.66998291
0.69171286 788.82238770
0.57129454 788.97479248
0.55602654 789.12719727
0.50686614 789.27960205
0.40912231 789.43200684
0.29921701 789.58441162
0.37856258 789.73681641
0.33525977 789.88922119
0.38207616 790.04162598
0.47364765 790.19396973
0.51457659 790.34637451
0.54236016 790.49877930
0.58595142 790.65118408
0.50769792 790.80358887
0.49268992 790.95599365
0.45363385 791.10839844
0.44320092 791.26080322
0.48793386 791.41320801
0.51206191 791.56561279
0.63997834 791.71801758
0.64977230 791.87042236
0.65438640 792.02282715
0.67282116 792.17517090
0.64174939 792.32757568
0.50525427 792.47998047
0.26425298 792.63238525
0.23595688 792.78479004
0.22226375 792.93719482
0.22204716 793.08959961
0.23403820 793.24200439
0.24268938 793.39440918
0.25577818 793.54681396
0.29322449 793.69921875
0.34156168 793.85162354
0.40157912 794.00402832
0.48509740 794.15637207
0.49300858 794.30877686
0.46848344 794.46118164
0.42808588 794.61358643
0.40368055 794.76599121
0.31499741 794.91839600
0.29105912 795.07080078
0.28004819 795.22320557
0.25951343 795.37561035
0.25736760 795.52801514
0.25548661 795.68041992
0.25346517 795.83282471
0.24809578 795.98522949
0.24331578 796.13757324
0.25665069 796.28997803
0.26844715 796.44238281
0.27590683 796.59478760
0.30860497 796.74719238
0.27851761 796.89959717
0.27115059 797.05200195
0.29805255 797.20440674
0.31244222 797.35681152
0.32626860 797.50921631
0.33425367 797.66162109
0.35488902 797.81402588
0.35103667 797.96636963
0.41695187 798.11877441
0.52619517 798.27117920
0.55898697 798.42358398
0.55450260 798.57598877
0.62341338 798.72839355
0.52814149 798.88079834
0.49193973 799.03320312
0.54814498 799.18560791
0.50959419 799.33801270
0.55263022 799.49041748
0.50332387 799.64282227
0.36924612 799.79522705
0.37261058 799.94757080
0.40339011 800.09997559
0.44721339 800.25238037
0.55174336 800.40478516
0.64568542 800.55718994
0.63887337 800.70959473
0.63373361 800.86199951
0.52358654 801.01440430
0.37202843 801.16680908
0.36657519 801.31921387
0.32886990 801.47161865
0.36047089 801.62402344
0.36400819 801.77642822
0.37678633 801.92877197
0.40213316 802.08117676
0.38584234 802.23358154
0.43305283 802.38598633
0.45238005 802.53839111
0.44332632 802.69079590
0.50953801 802.84320068
0.52683078 802.99560547
0.50887796 803.14801025
0.55167996 803.30041504
0.54751304 803.45281982
0.53080906 803.60522461
0.54367045 803.75762939
0.57160475 803.90997314
0.55417596 804.06237793
0.61778567 804.21478271
0.60568772 804.36718750
0.59340346 804.51959229
0.52238486 804.67199707
0.49889121 804.82440186
0.43646859 804.97680664
0.36921253 805.12921143
0.36150606 805.28161621
0.36501028 805.43402100
0.35758533 805.58642578
0.35449539 805.73876953
0.38482958 805.89117432
0.44379442 806.04357910
0.49313706 806.19598389
0.61874683 806.34838867
0.57979456 806.50079346
0.54866914 806.65319824
0.57516820 806.80560303
0.65739817 806.95800781
0.70090720 807.11041260
0.71531362 807.26281738
0.69939431 807.41522217
0.55597421 807.56762695
0.46524185 807.71997070
0.38782362 807.87237549
0.37835332 808.02478027
0.41722606 808.17718506
0.56060415 808.32958984
0.71498428 808.48199463
0.76441578 808.63439941
0.79336001 808.78680420
0.82359726 808.93920898
0.80793255 809.09161377
0.73782058 809.24401855
0.69803638 809.39642334
0.71450603 809.54882812
0.85905825 809.70117188
0.87873609 809.85357666
0.99567118 810.00598145
0.97540268 810.15838623
0.74464760 810.31079102
0.75347957 810.46319580
0.65455260 810.61560059
0.55299349 810.76800537
0.66790513 810.92041016
0.69103823 811.07281494
0.73002642 811.22521973
0.86646557 811.37762451
0.71992676 811.53002930
0.76270461 811.68237305
0.68030157 811.83477783
0.70957678 811.98718262
0.86781168 812.13958740
0.91744264 812.29199219
0.85283028 812.44439697
0.74553235 812.59680176
0.54249158 812.74920654
0.45670436 812.90161133
0.38033864 813.05401611
0.48982983 813.20642090
0.52414311 813.35882568
0.70577653 813.51123047
0.77969756 813.66357422
0.85363384 813.81597900
0.94261161 813.96838379
0.86322368 814.12078857
0.74829431 814.27319336
0.72402467 814.42559814
0.61280313 814.57800293
0.59166918 814.73040771
0.59254091 814.88281250
0.44666491 815.03521729
0.41747604 815.18762207
0.46978197 815.34002686
0.43566401 815.49237061
0.47753882 815.64477539
0.48858954 815.79718018
0.50623475 815.94958496
0.55242512 816.10198975
0.56278271 816.25439453
0.57982514 816.40679932
0.71226365 816.55920410
0.75544916 816.71160889
0.84932435 816.86401367
0.87191781 817.01641846
0.66659995 817.16882324
0.54894751 817.32122803
0.49143907 817.47357178
0.33090093 817.62597656
0.30575298 817.77838135
0.27429299 817.93078613
0.20786415 818.08319092
0.20131274 818.23559570
0.13484653 818.38800049
0.11950361 818.54040527
0.12506298 818.69281006
0.12022606 818.84521484
0.10918760 818.99761963
0.10805452 819.15002441
0.10815586 819.30242920
0.12365091 819.45477295
0.13288081 819.60717773
0.13979841 819.75958252
0.15581290 819.91198730
0.16311010 820.06439209
0.16751299 820.21679688
0.16125455 820.36920166
0.16518827 820.52160645
0.20004378 820.67401123
0.20922661 820.82641602
0.26162071 820.97882080
0.34214947 821.13122559
0.38208098 821.28363037
0.40738160 821.43597412
0.42755967 821.58837891
0.34362352 821.74078369
0.31643673 821.89318848
0.28122113 822.04559326
0.21933330 822.19799805
0.21046377 822.35040283
0.20579026 822.50280762
0.21025785 822.65521240
0.24026114 822.80761719
0.25409417 822.96002197
0.29976683 823.11242676
0.34686021 823.26477051
0.32515861 823.41717529
0.30622340 823.56958008
0.26862278 823.72198486
0.26386175 823.87438965
0.27869827 824.02679443
0.31558520 824.17919922
0.35578292 824.33160400
0.39156945 824.48400879
0.36016197 824.63641357
0.30559465 824.78881836
0.25540166 824.94122314
0.19561250 825.09362793
0.13814356 825.24597168
0.12415928 825.39837646
0.09880458 825.55078125
0.08464212 825.70318604
0.08948734 825.85559082
0.09495839 826.00799561
0.13171967 826.16040039
0.15716831 826.31280518
0.17130243 826.46520996
0.19614197 826.61761475
0.19548194 826.77001953
0.21026759 826.92242432
0.20857445 827.07482910
0.17414452 827.22717285
0.19924286 827.37957764
0.21595575 827.53198242
0.24572572 827.68438721
0.28451588 827.83679199
0.34900866 827.98919678
0.41860055 828.14160156
0.47767525 828.29400635
0.52672446 828.44641113
0.57159644 828.59881592
0.57294952 828.75122070
0.51740953 828.90362549
0.48259366 829.05603027
0.44999728 829.20837402
0.43018258 829.36077881
0.43243315 829.51318359
0.41492830 829.66558838
0.43846074 829.81799316
0.43441518 829.97039795
0.41624407 830.12280273
0.44521083 830.27520752
0.40062661 830.42761230
0.44702056 830.58001709
0.42920399 830.73242188
0.44062958 830.88482666
0.44301623 831.03717041
0.43249652 831.18957520
0.38883437 831.34197998
0.40169961 831.49438477
0.51262316 831.64678955
0.53692371 831.79919434
0.63856639 831.95159912
0.71865431 832.10400391
0.74295100 832.25640869
0.82605334 832.40881348
0.83316121 832.56121826
0.88878465 832.71362305
0.91478567 832.86602783
0.86224466 833.01837158
0.81998796 833.17077637
0.78051799 833.32318115
0.79797046 833.47558594
0.73407111 833.62799072
0.78368300 833.78039551
0.68836773 833.93280029
0.57735218 834.08520508
0.56418892 834.23760986
0.46145552 834.39001465
0.49806740 834.54241943
0.54294362 834.69482422
0.52535137 834.84722900
0.48677942 834.99957275
0.50422733 835.15197754
0.44742123 835.30438232
0.53566381 835.45678711
0.54206063 835.60919189
0.65689384 835.76159668
0.72224630 835.91400146
0.68485211 836.06640625
0.70528146 836.21881104
0.73727814 836.37121582
0.65491369 836.52362061
0.56473312 836.67602539
0.53943346 836.82843018
0.49331265 836.98077393
0.42473695 837.13317871
0.37546530 837.28558350
0.36782777 837.43798828
0.36645314 837.59039307
0.42521584 837.74279785
0.46862187 837.89520264
0.51312854 838.04760742
0.61568275 838.20001221
0.58753520 838.35241699
0.58093666 838.50482178
0.54333025 838.65722656
0.53415670 838.80957031
0.46624421 838.96197510
0.38222400 839.11437988
0.31331848 839.26678467
0.28151235 839.41918945
0.27200822 839.57159424
0.24273529 839.72399902
0.21853502 839.87640381
0.18911527 840.02880859
0.16317885 840.18121338
0.14860976 840.33361816
0.13408713 840.48602295
0.12891280 840.63842773
0.13237974 840.79077148
0.13817187 840.94317627
0.14372269 841.09558105
0.16338138 841.24798584
0.18497385 841.40039062
0.20808483 841.55279541
0.26307265 841.70520020
0.27828612 841.85760498
0.32978895 842.01000977
0.34188703 842.16241455
0.34748395 842.31481934
0.32986512 842.46722412
0.29550714 842.61962891
0.29526676 842.77197266
0.38076731 842.92437744
0.46353932 843.07678223
0.49847541 843.22918701
0.56282904 843.38159180
0.63331694 843.53399658
0.63272254 843.68640137
0.58388264 843.83880615
0.59156039 843.99121094
0.60497880 844.14361572
0.62302990 844.29602051
0.67769726 844.44842529
0.66335757 844.60083008
0.65546401 844.75317383
0.54953069 844.90557861
0.46959508 845.05798340
0.47011346 845.21038818
0.50331791 845.36279297
0.71000122 845.51519775
0.72269832 845.66760254
0.70886631 845.82000732
0.67714002 845.97241211
0.53056531 846.12481689
0.45765655 846.27722168
0.51794517 846.42962646
0.49103600 846.58197021
0.59467841 846.73437500
0.57177086 846.88677979
0.48968888 847.03918457
0.44075303 847.19158936
0.45429005 847.34399414
0.46335453 847.49639893
0.52527040 847.64880371
0.60941722 847.80120850
0.59946112 847.95361328
0.53604279 848.10601807
0.43245823 848.25842285
0.40073940 848.41082764
0.33731796 848.56317139
0.38176291 848.71557617
0.41260941 848.86798096
0.49821190 849.02038574
0.58258025 849.17279053
0.67226174 849.32519531
0.65830165 849.47760010
0.69067550 849.63000488
0.66474128 849.78240967
0.62711879 849.93481445
0.56148361 850.08721924
0.49880330 850.23962402
0.44803589 850.39202881
0.41127666 850.54437256
0.40936950 850.69677734
0.43822574 850.84918213
0.48857636 851.00158691
0.51789125 851.15399170
0.56367514 851.30639648
0.59545669 851.45880127
0.59836920 851.61120605
0.59820513 851.76361084
0.59516645 851.91601562
0.57114543 852.06842041
0.51239734 852.22082520
0.49412836 852.37322998
0.45547654 852.52557373
0.48646711 852.67797852
0.45842168 852.83038330
0.44418328 852.98278809
0.42009867 853.13519287
0.34274898 853.28759766
0.31495564 853.44000244
0.26611922 853.59240723
0.20205964 853.74481201
0.17603100 853.89721680
0.13968429 854.04962158
0.12467848 854.20202637
0.14063968 854.35437012
0.15383690 854.50677490
0.16448535 854.65917969
0.15959434 854.81158447
0.15262526 854.96398926
0.14158651 855.11639404
0.15993083 855.26879883
0.17243799 855.42120361
0.20548114 855.57360840
0.26139566 855.72601318
0.28351168 855.87841797
0.34964558 856.03082275
0.36049819 856.18322754
0.35149063 856.33557129
0.31866059 856.48797607
0.29949818 856.64038086
0.29140622 856.79278564
0.28367699 856.94519043
0.25401043 857.09759521
0.24606702 857.25000000
0.26934960 857.40240479
0.31786896 857.55480957
0.38410024 857.70721436
0.46414453 857.85961914
0.64259845 858.01202393
0.57539595 858.16442871
0.50687214 858.31677246
0.44951960 858.46917725
0.38896009 858.62158203
0.38732453 858.77398682
0.40424824 858.92639160
0.43863588 859.07879639
0.39761644 859.23120117
0.39173849 859.38360596
0.43510621 859.53601074
0.43617858 859.68841553
0.50894472 859.84082031
0.48383977 859.99322510
0.46639066 860.14562988
0.45052324 860.29797363
0.38623171 860.45037842
0.34795845 860.60278320
0.32527160 860.75518799
0.36489435 860.90759277
0.43530403 861.05999756
0.47252069 861.21240234
0.53385953 861.36480713
0.54959226 861.51721191
0.55090965 861.66961670
0.51023822 861.82202148
0.53386592 861.97442627
0.47531160 862.12677002
0.44008116 862.27917480
0.47914957 862.43157959
0.47313160 862.58398438
0.45425287 862.73638916
0.49366569 862.88879395
0.45811941 863.04119873
0.49965810 863.19360352
0.48492708 863.34600830
0.44107654 863.49841309
0.45913651 863.65081787
0.45888383 863.80322266
0.42141637 863.95562744
0.40703378 864.10797119
0.38541492 864.26037598
0.37379461 864.41278076
0.39347974 864.56518555
0.47178247 864.71759033
0.51626308 864.86999512
0.61322216 865.02239990
0.63918414 865.17480469
0.72820581 865.32720947
0.68249692 865.47961426
0.67142043 865.63201904
0.69163745 865.78442383
0.67704657 865.93682861
0.82315363 866.08917236
0.74394610 866.24157715
0.76025105 866.39398193
0.78872701 866.54638672
0.63119311 866.69879150
0.58126170 866.85119629
0.48494595 867.00360107
0.52379324 867.15600586
0.54460405 867.30841064
0.56708219 867.46081543
0.67447468 867.61322021
0.69481932 867.76562500
0.79043483 867.91802979
0.84582903 868.07037354
0.79427883 868.22277832
0.85463729 868.37518311
0.89297889 868.52758789
0.79032523 868.67999268
0.67775183 868.83239746
0.57335468 868.98480225
0.51564468 869.13720703
0.42217811 869.28961182
0.32830787 869.44201660
0.41303245 869.59442139
0.46609510 869.74682617
0.65824471 869.89916992
0.81144785 870.05157471
0.77553474 870.20397949
0.73622604 870.35638428
0.59834829 870.50878906
0.55001863 870.66119385
0.49426578 870.81359863
0.50034219 870.96600342
0.53993589 871.11840820
0.51475580 871.27081299
0.51565849 871.42321777
0.50143419 871.57562256
0.49319900 871.72802734
0.52903462 871.88037109
0.56849445 872.03277588
0.64437606 872.18518066
0.69952065 872.33758545
0.63284175 872.48999023
0.61621462 872.64239502
0.58241660 872.79479980
0.50821877 872.94720459
0.48913168 873.09960938
0.49043915 873.25201416
0.51716969 873.40441895
0.58248307 873.55682373
0.63101919 873.70922852
0.73404603 873.86157227
0.73975121 874.01397705
0.73325938 874.16638184
0.71313619 874.31878662
0.66501538 874.47119141
0.70970475 874.62359619
0.69746837 874.77600098
0.67967012 874.92840576
0.68119969 875.08081055
0.59720230 875.23321533
0.57772105 875.38562012
0.57535541 875.53802490
0.56096039 875.69042969
0.80483828 875.84277344
0.99567118 875.99517822
0.99567118 876.14758301
0.99567118 876.29998779
0.99567118 876.45239258
0.99567118 876.60479736
0.92278569 876.75720215
0.80341550 876.90960693
0.80299543 877.06201172
0.83658748 877.21441650
0.86827214 877.36682129
0.99567118 877.51922607
0.99567118 877.67156982
0.99567118 877.82397461
0.99567118 877.97637939
0.99567118 878.12878418
0.99567118 878.28118896
0.99567118 878.43359375
0.81489417 878.58599854
0.83662990 878.73840332
0.91892270 878.89080811
0.99567118 879.04321289
0.99567118 879.19561768
0.99567118 879.34802246
0.99567118 879.50042725
0.99567118 879.65277100
0.99567118 879.80517578
0.99567118 879.95758057
0.99567118 880.10998535
0.90571129 880.26239014
0.85096905 880.41479492
0.74250246 880.56719971
0.72825148 880.71960449
0.70879945 880.87200928
0.76733659 881.02441406
0.89479596 881.17681885
0.96538472 881.32922363
0.99567118 881.48162842
0.99567118 881.63397217
0.99567118 881.78637695
0.95852304 881.93878174
0.64536629 882.09118652
0.44114497 882.24359131
0.27254155 882.39599609
0.20127196 882.54840088
0.18266743 882.70080566
0.18554225 882.85321045
0.17398513 883.00561523
0.19025334 883.15802002
0.20385896 883.31042480
0.21169113 883.46282959
0.21654227 883.61517334
0.27204458 883.76757812
0.33412116 883.91998291
0.38981217 884.07238770
0.46726259 884.22479248
0.51965342 884.37719727
0.56270168 884.52960205
0.66964440 884.68200684
0.69478146 884.83441162
0.73746319 884.98681641
0.84048783 885.13922119
0.84329580 885.29162598
0.86132739 885.44396973
0.87121103 885.59637451
0.88194719 885.74877930
0.71408525 885.90118408
0.65346120 886.05358887
0.51386204 886.20599365
0.51640893 886.35839844
0.56732379 886.51080322
0.61486341 886.66320801
0.71237776 886.81561279
0.89975869 886.96801758
0.97808521 887.12042236
0.99567118 887.27282715
0.99567118 887.42517090
0.99567118 887.57757568
0.99567118 887.72998047
0.99567118 887.88238525
0.99567118 888.03479004
0.99567118 888.18719482
0.99567118 888.33959961
0.99567118 888.49200439
0.99567118 888.64440918
0.99567118 888.79681396
0.99348763 888.94921875
0.99567118 889.10162354
0.99567118 889.25402832
0.99567118 889.40637207
0.99567118 889.55877686
0.99567118 889.71118164
0.99567118 889.86358643
0.99567118 890.01599121
0.95711275 890.16839600
0.99567118 890.32080078
0.99567118 890.47320557
0.99567118 890.62561035
0.99567118 890.77801514
0.98035500 890.93041992
0.85027302 891.08282471
0.79449698 891.23522949
0.72063050 891.38757324
0.78177993 891.53997803
0.82023546 891.69238281
0.87515035 891.84478760
0.91470902 891.99719238
0.94606997 892.14959717
0.99567118 892.30200195
0.99567118 892.45440674
0.99567118 892.60681152
0.99567118 892.75921631
0.99567118 892.91162109
0.99567118 893.06402588
0.99567118 893.21636963
0.99567118 893.36877441
0.99567118 893.52117920
0.99567118 893.67358398
0.99567118 893.82598877
0.99567118 893.97839355
0.99567118 894.13079834
0.99567118 894.28320312
0.99567118 894.43560791
0.92285273 894.58801270
0.97503118 894.74041748
0.92210313 894.89282227
0.99567118 895.04522705
0.99567118 895.19757080
0.99567118 895.34997559
0.99567118 895.50238037
0.99567118 895.65478516
0.99567118 895.80718994
0.99567118 895.95959473
0.99567118 896.11199951
0.99567118 896.26440430
0.99567118 896.41680908
0.99567118 896.56921387
0.96158290 896.72161865
0.90634461 896.87402344
0.97852292 897.02642822
0.99232717 897.17877197
0.93280255 897.33117676
0.98380968 897.48358154
0.87959389 897.63598633
0.85326665 897.78839111
0.77647653 897.94079590
0.73071404 898.09320068
0.66217477 898.24560547
0.39041096 898.39801025
0.39041096 898.55041504
0.00000000 898.70281982
0.00000000 898.85522461
0.00000000 899.00762939
0.00000000 899.15997314
0.00000000 899.31237793
0.00000000 899.46478271
0.00000000 899.61718750
0.00000000 899.76959229
0.00000000 899.92199707
0.00000000 900.07440186
0.00000000 900.22680664
0.00000000 900.37921143
0.00000000 900.53161621
0.00000000 900.68402100
0.00000000 900.83642578
0.00000000 900.98876953
0.00000000 901.14117432
0.00000000 901.29357910
0.00000000 901.44598389
0.00000000 901.59838867
0.00000000 901.75079346
0.00000000 901.90319824
0.00000000 902.05560303
0.00000000 902.20800781
0.00000000 902.36041260
0.00000000 902.51281738
0.00000000 902.66522217
0.00000000 902.81762695
0.00000000 902.96997070
0.00000000 903.12237549
0.00000000 903.27478027
0.00000000 903.42718506
0.00000000 903.57958984
0.00000000 903.73199463
0.00000000 903.88439941
0.00000000 904.03680420
0.00000000 904.18920898
0.00000000 904.34161377
0.00000000 904.49401855
0.00000000 904.64642334
0.00000000 904.79882812
0.00000000 904.95117188
0.00000000 905.10357666
0.00000000 905.25598145
0.00000000 905.40838623
0.00000000 905.56079102
0.00000000 905.71319580
0.00000000 905.86560059
0.00000000 906.01800537
0.00000000 906.17041016
0.00000000 906.32281494
0.00000000 906.47521973
0.00000000 906.62762451
0.00000000 906.78002930
0.00000000 906.93237305
0.00000000 907.08477783
0.00000000 907.23718262
0.00000000 907.38958740
0.00000000 907.54199219
0.00000000 907.69439697
0.00000000 907.84680176
0.00000000 907.99920654
0.00000000 908.15161133
0.00000000 908.30401611
0.00000000 908.45642090
0.00000000 908.60882568
0.00000000 908.76123047
0.00000000 908.91357422
0.00000000 909.06597900
0.00000000 909.21838379
0.00000000 909.37078857
0.00000000 909.52319336
0.00000000 909.67559814
0.00000000 909.82800293
0.00000000 909.98040771
0.00000000 910.13281250
0.00000000 910.28521729
0.00000000 910.43762207
0.00000000 910.59002686
0.00000000 910.74237061
0.00000000 910.89477539
0.00000000 911.04718018
0.00000000 911.19958496
0.00000000 911.35198975
0.00000000 911.50439453
0.00000000 911.65679932
0.00000000 911.80920410
0.00000000 911.96160889
0.00000000 912.11401367
0.00000000 912.26641846
0.00000000 912.41882324
0.00000000 912.57122803
0.00000000 912.72357178
0.00000000 912.87597656
0.00000000 913.02838135
0.00000000 913.18078613
0.00000000 913.33319092
0.00000000 913.48559570
0.00000000 913.63800049
0.00000000 913.79040527
0.00000000 913.94281006
0.00000000 914.09521484
0.00000000 914.24761963
0.00000000 914.40002441
0.00000000 914.55242920
0.00000000 914.70477295
0.00000000 914.85717773
0.00000000 915.00958252
