1.01660001 343.96679688
0.92500001 344.11920166
0.82990003 344.27160645
0.75050002 344.42401123
0.69910002 344.57638550
0.65660000 344.72879028
0.62779999 344.88119507
0.60920000 345.03359985
0.59539998 345.18600464
0.58920002 345.33840942
0.59079999 345.49081421
0.59729999 345.64318848
0.59619999 345.79559326
0.60259998 345.94799805
0.59920001 346.10040283
0.60030001 346.25280762
0.59840000 346.40521240
0.59420002 346.55758667
0.59380001 346.70999146
0.58569998 346.86239624
0.58780003 347.01480103
0.58950001 347.16720581
0.58840001 347.31961060
0.59689999 347.47198486
0.59909999 347.62438965
0.60409999 347.77679443
0.61580002 347.92919922
0.62919998 348.08160400
0.63959998 348.23400879
0.64490002 348.38641357
0.65340000 348.53878784
0.65050000 348.69119263
0.65359998 348.84359741
0.65289998 348.99600220
0.64889997 349.14840698
0.64459997 349.30081177
0.62790000 349.45318604
0.61510003 349.60559082
0.60200000 349.75799561
0.58999997 349.91040039
0.57720000 350.06280518
0.56660002 350.21520996
0.56129998 350.36761475
0.55750000 350.51998901
0.55400002 350.67239380
0.55140001 350.82479858
0.54850000 350.97720337
0.54579997 351.12960815
0.54299998 351.28201294
0.53939998 351.43438721
0.54320002 351.58679199
0.54610002 351.73919678
0.55260003 351.89160156
0.55800003 352.04400635
0.55849999 352.19641113
0.56629997 352.34878540
0.57059997 352.50119019
0.57150000 352.65359497
0.60439998 352.80599976
0.65679997 352.95840454
0.64279997 353.11080933
0.64039999 353.26321411
0.64219999 353.41558838
0.62879997 353.56799316
0.62129998 353.72039795
0.59789997 353.87280273
0.54070002 354.02520752
0.50580001 354.17761230
0.50720000 354.32998657
0.51499999 354.48239136
0.52090001 354.63479614
0.52609998 354.78720093
0.53219998 354.93960571
0.53320003 355.09201050
0.52899998 355.24438477
0.52499998 355.39678955
0.52029997 355.54919434
0.51730001 355.70159912
0.51520002 355.85400391
0.51400000 356.00640869
0.51289999 356.15881348
0.51209998 356.31118774
0.51090002 356.46359253
0.50970000 356.61599731
0.50919998 356.76840210
0.50590003 356.92080688
0.50849998 357.07321167
0.51959997 357.22558594
0.52050000 357.37799072
0.51959997 357.53039551
0.51770002 357.68280029
0.51630002 357.83520508
0.51539999 357.98760986
0.51400000 358.14001465
0.51319999 358.29238892
0.51260000 358.44479370
0.51080000 358.59719849
0.50840002 358.74960327
0.50989997 358.90200806
0.51639998 359.05441284
0.52350003 359.20678711
0.52710003 359.35919189
0.52630001 359.51159668
0.52530003 359.66400146
0.52350003 359.81640625
0.52219999 359.96881104
0.52149999 360.12118530
0.52050000 360.27359009
0.52120000 360.42599487
0.52230000 360.57839966
0.52340001 360.73080444
0.52560002 360.88320923
0.52670002 361.03561401
0.52649999 361.18798828
0.52560002 361.34039307
0.52429998 361.49279785
0.52380002 361.64520264
0.52310002 361.79760742
0.52209997 361.95001221
0.52069998 362.10238647
0.51910001 362.25479126
0.51760000 362.40719604
0.51639998 362.55960083
0.51639998 362.71200562
0.51709998 362.86441040
0.51889998 363.01681519
0.51849997 363.16918945
0.51660001 363.32159424
0.51029998 363.47399902
0.50700003 363.62640381
0.50520003 363.77880859
0.50880003 363.93121338
0.51400000 364.08358765
0.51950002 364.23599243
0.52230000 364.38839722
0.52700001 364.54080200
0.52749997 364.69320679
0.52859998 364.84561157
0.52969998 364.99798584
0.53170002 365.15039062
0.53200001 365.30279541
0.53149998 365.45520020
0.53170002 365.60760498
0.53109998 365.76000977
0.53039998 365.91241455
0.52950001 366.06478882
0.53719997 366.21719360
0.59979999 366.36959839
0.64090002 366.52200317
0.64940000 366.67440796
0.66250002 366.82681274
0.65240002 366.97918701
0.62769997 367.13159180
0.61049998 367.28399658
0.52969998 367.43640137
0.51169997 367.58880615
0.50980002 367.74121094
0.50470001 367.89358521
0.50279999 368.04598999
0.50160003 368.19839478
0.49990001 368.35079956
0.50000000 368.50320435
0.49950001 368.65560913
0.49700001 368.80801392
0.50129998 368.96038818
0.51529998 369.11279297
0.52120000 369.26519775
0.53450000 369.41760254
0.54140002 369.57000732
0.54240000 369.72241211
0.53890002 369.87478638
0.53210002 370.02719116
0.52810001 370.17959595
0.52469999 370.33200073
0.52200001 370.48440552
0.51840001 370.63681030
0.51260000 370.78921509
0.50660002 370.94158936
0.50029999 371.09399414
0.49939999 371.24639893
0.49959999 371.39880371
0.50019997 371.55120850
0.50010002 371.70361328
0.49900001 371.85598755
0.49759999 372.00839233
0.49649999 372.16079712
0.49520001 372.31320190
0.49450001 372.46560669
0.49419999 372.61801147
0.49399999 372.77038574
0.49380001 372.92279053
0.49939999 373.07519531
0.50080001 373.22760010
0.49959999 373.38000488
0.50610000 373.53240967
0.50790000 373.68481445
0.51109999 373.83718872
0.51050001 373.98959351
0.50959998 374.14199829
0.52550000 374.29440308
0.54000002 374.44680786
0.53520000 374.59921265
0.53500003 374.75158691
0.52800000 374.90399170
0.51849997 375.05639648
0.51260000 375.20880127
0.49919999 375.36120605
0.48469999 375.51361084
0.47830001 375.66598511
0.47090000 375.81838989
0.47290000 375.97079468
0.47290000 376.12319946
0.47560000 376.27560425
0.47679999 376.42800903
0.47850001 376.58041382
0.48019999 376.73278809
0.48089999 376.88519287
0.48210001 377.03759766
0.48260000 377.19000244
0.48300001 377.34240723
0.48390001 377.49481201
0.48429999 377.64718628
0.48590001 377.79959106
0.48730001 377.95199585
0.48480001 378.10440063
0.48609999 378.25680542
0.47510001 378.40921021
0.46500000 378.56161499
0.46470001 378.71398926
0.46370000 378.86639404
0.46050000 379.01879883
0.46190000 379.17120361
0.46169999 379.32360840
0.46579999 379.47601318
0.46790001 379.62838745
0.47340000 379.78079224
0.47620001 379.93319702
0.49070001 380.08560181
0.50360000 380.23800659
0.51690000 380.39041138
0.53719997 380.54278564
0.54110003 380.69519043
0.54869998 380.84759521
0.55339998 381.00000000
0.55510002 381.15240479
0.56019998 381.30480957
0.56250000 381.45721436
0.56770003 381.60958862
0.55640000 381.76199341
0.55080003 381.91439819
0.54369998 382.06680298
0.54390001 382.21920776
0.54329997 382.37161255
0.54879999 382.52398682
0.56070000 382.67639160
0.55350000 382.82879639
0.55119997 382.98120117
0.54540002 383.13360596
0.55830002 383.28601074
0.56430000 383.43838501
0.57470000 383.59078979
0.58620000 383.74319458
0.58600003 383.89559937
0.59859997 384.04800415
0.60570002 384.20040894
0.62169999 384.35281372
0.66369998 384.50518799
0.67170000 384.65759277
0.68129998 384.80999756
0.71420002 384.96240234
0.74559999 385.11480713
0.75440001 385.26721191
0.75760001 385.41958618
0.76650000 385.57199097
0.77350003 385.72439575
0.78140002 385.87680054
0.78649998 386.02920532
0.78729999 386.18161011
0.78590000 386.33401489
0.78500003 386.48638916
0.78079998 386.63879395
0.71230000 386.79119873
0.64459997 386.94360352
0.62080002 387.09600830
0.60390002 387.24841309
0.60240000 387.40078735
0.60589999 387.55319214
0.61600000 387.70559692
0.69199997 387.85800171
0.82480001 388.01040649
0.80860001 388.16281128
0.79629999 388.31518555
0.76940000 388.46759033
0.74440002 388.61999512
0.72210002 388.77239990
0.67470002 388.92480469
0.62610000 389.07720947
0.56739998 389.22961426
0.53149998 389.38198853
0.52840000 389.53439331
0.52770001 389.68679810
0.52609998 389.83920288
0.52440000 389.99160767
0.52260000 390.14401245
0.52010000 390.29638672
0.51719999 390.44879150
0.51480001 390.60119629
0.51200002 390.75360107
0.50950003 390.90600586
0.50800002 391.05841064
0.50709999 391.21078491
0.50680000 391.36318970
0.50709999 391.51559448
0.50730002 391.66799927
0.50830001 391.82040405
0.51080000 391.97280884
0.50900000 392.12521362
0.50959998 392.27758789
0.50840002 392.42999268
0.50590003 392.58239746
0.50550002 392.73480225
0.50459999 392.88720703
0.51010001 393.03961182
0.51270002 393.19198608
0.51560003 393.34439087
0.51940000 393.49679565
0.51969999 393.64920044
0.51789999 393.80160522
0.51749998 393.95401001
0.51249999 394.10641479
0.51080000 394.25878906
0.50940001 394.41119385
0.51220000 394.56359863
0.51050001 394.71600342
0.51050001 394.86840820
0.50720000 395.02081299
0.50590003 395.17318726
0.50440001 395.32559204
0.50050002 395.47799683
0.49959999 395.63040161
0.49689999 395.78280640
0.49590001 395.93521118
0.49529999 396.08758545
0.49689999 396.23999023
0.49570000 396.39239502
0.50160003 396.54479980
0.50000000 396.69720459
0.50190002 396.84960938
0.50739998 397.00201416
0.50669998 397.15438843
0.50760001 397.30679321
0.50720000 397.45919800
0.49980000 397.61160278
0.49489999 397.76400757
0.47909999 397.91641235
0.48269999 398.06878662
0.48530000 398.22119141
0.48410001 398.37359619
0.48060000 398.52600098
0.47409999 398.67840576
0.47000000 398.83081055
0.47070000 398.98318481
0.47240001 399.13558960
0.47380000 399.28799438
0.47580001 399.44039917
0.47650000 399.59280396
0.47889999 399.74520874
0.48140001 399.89761353
0.48840001 400.04998779
0.50569999 400.20239258
0.53700000 400.35479736
0.54670000 400.50720215
0.54579997 400.65960693
0.54009998 400.81201172
0.53369999 400.96438599
0.53179997 401.11679077
0.53020000 401.26919556
0.53420001 401.42160034
0.53930002 401.57400513
0.54130000 401.72640991
0.54339999 401.87881470
0.54729998 402.03118896
0.54650003 402.18359375
0.55320001 402.33599854
0.55989999 402.48840332
0.56639999 402.64080811
0.58230001 402.79321289
0.59079999 402.94558716
0.60119998 403.09799194
0.59960002 403.25039673
0.59660000 403.40280151
0.59200001 403.55520630
0.58490002 403.70761108
0.58120000 403.85998535
0.57980001 404.01239014
0.57830000 404.16479492
0.57910001 404.31719971
0.57959998 404.46960449
0.58270001 404.62200928
0.58139998 404.77441406
0.57690001 404.92678833
0.57730001 405.07919312
0.57249999 405.23159790
0.56790000 405.38400269
0.57330000 405.53640747
0.58289999 405.68881226
0.58810002 405.84118652
0.60460001 405.99359131
0.60560000 406.14599609
0.61669999 406.29840088
0.62150002 406.45080566
0.62120003 406.60321045
0.62080002 406.75561523
0.62290001 406.90798950
0.62449998 407.06039429
0.62739998 407.21279907
0.64179999 407.36520386
0.65619999 407.51760864
0.67580003 407.67001343
0.69900000 407.82238770
0.70730001 407.97479248
0.71130002 408.12719727
0.72090000 408.27960205
0.74800003 408.43200684
0.75440001 408.58441162
0.75790000 408.73678589
0.75919998 408.88919067
0.75910002 409.04159546
0.75599998 409.19400024
0.75419998 409.34640503
0.74849999 409.49880981
0.75340003 409.65121460
0.75809997 409.80358887
0.76929998 409.95599365
0.78590000 410.10839844
0.80030000 410.26080322
0.79920000 410.41320801
0.80170000 410.56561279
0.77770001 410.71798706
0.75160003 410.87039185
0.70850003 411.02279663
0.60900003 411.17520142
0.59600002 411.32760620
0.54990000 411.48001099
0.53590000 411.63238525
0.52170002 411.78479004
0.49509999 411.93719482
0.48230001 412.08959961
0.47139999 412.24200439
0.44110000 412.39440918
0.41790000 412.54681396
0.37810001 412.69918823
0.34400001 412.85159302
0.32089999 413.00399780
0.29150000 413.15640259
0.28189999 413.30880737
0.26850000 413.46121216
0.26460001 413.61358643
0.26210001 413.76599121
0.25839999 413.91839600
0.25470001 414.07080078
0.25350001 414.22320557
0.25600001 414.37561035
0.26570001 414.52801514
0.27270001 414.68038940
0.28279999 414.83279419
0.29409999 414.98519897
0.29910001 415.13760376
0.30000001 415.29000854
0.30610001 415.44241333
0.30030000 415.59478760
0.30579999 415.74719238
0.30750000 415.89959717
0.30559999 416.05200195
0.32020000 416.20440674
0.32859999 416.35681152
0.33419999 416.50918579
0.34029999 416.66159058
0.32600001 416.81399536
0.31340000 416.96640015
0.29049999 417.11880493
0.27730000 417.27120972
0.25970000 417.42361450
0.24840000 417.57598877
0.24910000 417.72839355
0.24510001 417.88079834
0.24670000 418.03320312
0.25360000 418.18560791
0.28330001 418.33801270
0.42280000 418.49038696
0.57840002 418.64279175
0.67809999 418.79519653
0.66790003 418.94760132
0.65069997 419.10000610
0.60689998 419.25241089
0.52480000 419.40478516
0.48359999 419.55718994
0.43900001 419.70959473
0.39700001 419.86199951
0.37149999 420.01440430
0.35780001 420.16680908
0.34430000 420.31921387
0.33870000 420.47158813
0.33899999 420.62399292
0.32820001 420.77639771
0.32480001 420.92880249
0.31060001 421.08120728
0.30710000 421.23361206
0.30640000 421.38598633
0.30500001 421.53839111
0.30570000 421.69079590
0.30750000 421.84320068
0.30829999 421.99560547
0.31070000 422.14801025
0.30930001 422.30041504
0.30759999 422.45278931
0.30640000 422.60519409
0.30570000 422.75759888
0.30460000 422.91000366
0.30370000 423.06240845
0.30210000 423.21481323
0.29920000 423.36718750
0.29719999 423.51959229
0.29499999 423.67199707
0.29400000 423.82440186
0.29159999 423.97680664
0.28819999 424.12921143
0.28340000 424.28158569
0.27880001 424.43399048
0.27120000 424.58639526
0.26960000 424.73880005
0.26960000 424.89120483
0.26969999 425.04360962
0.27140000 425.19601440
0.27210000 425.34838867
0.27440000 425.50079346
0.27869999 425.65319824
0.28340000 425.80560303
0.29409999 425.95800781
0.29929999 426.11041260
0.30059999 426.26278687
0.30090001 426.41519165
0.30100000 426.56759644
0.30109999 426.72000122
0.30129999 426.87240601
0.30070001 427.02481079
0.30440000 427.17718506
0.30289999 427.32958984
0.30270001 427.48199463
0.29409999 427.63439941
0.29179999 427.78680420
0.29139999 427.93920898
0.29159999 428.09161377
0.29269999 428.24398804
0.29229999 428.39639282
0.29290000 428.54879761
0.28940001 428.70120239
0.27880001 428.85360718
0.26820001 429.00601196
0.26550001 429.15838623
0.25790000 429.31079102
0.25220001 429.46319580
0.25020000 429.61560059
0.24750000 429.76800537
0.24840000 429.92041016
0.24940000 430.07281494
0.25510001 430.22518921
0.25940001 430.37759399
0.26359999 430.52999878
0.26620001 430.68240356
0.27140000 430.83480835
0.27200001 430.98721313
0.27720001 431.13958740
0.28070000 431.29199219
0.28450000 431.44439697
0.28659999 431.59680176
0.28990000 431.74920654
0.29310000 431.90161133
0.29130000 432.05398560
0.29060000 432.20639038
0.28960001 432.35879517
0.28580001 432.51119995
0.28630000 432.66360474
0.28760001 432.81600952
0.28590000 432.96841431
0.29069999 433.12078857
0.29049999 433.27319336
0.29030001 433.42559814
0.29100001 433.57800293
0.29179999 433.73040771
0.29339999 433.88281250
0.29560000 434.03518677
0.29949999 434.18759155
0.34930000 434.33999634
0.36710000 434.49240112
0.46700001 434.64480591
0.53289998 434.79721069
0.59369999 434.94958496
0.62080002 435.10198975
0.62639999 435.25439453
0.59680003 435.40679932
0.57050002 435.55920410
0.50279999 435.71160889
0.43300000 435.86401367
0.39969999 436.01638794
0.36129999 436.16879272
0.33500001 436.32119751
0.32969999 436.47360229
0.31950000 436.62600708
0.30739999 436.77841187
0.30450001 436.93078613
0.29350001 437.08319092
0.28569999 437.23559570
0.27509999 437.38800049
0.26859999 437.54040527
0.26550001 437.69281006
0.26069999 437.84521484
0.25999999 437.99758911
0.25880000 438.14999390
0.25470001 438.30239868
0.25070000 438.45480347
0.24920000 438.60720825
0.24650000 438.75961304
0.24730000 438.91198730
0.24940000 439.06439209
0.25110000 439.21679688
0.25560001 439.36920166
0.26400000 439.52160645
0.28130001 439.67401123
0.31349999 439.82638550
0.33250001 439.97879028
0.34650001 440.13119507
0.34999999 440.28359985
0.35499999 440.43600464
0.35630000 440.58840942
0.35600001 440.74081421
0.35659999 440.89318848
0.35620001 441.04559326
0.35609999 441.19799805
0.35769999 441.35040283
0.35310000 441.50280762
0.34840000 441.65521240
0.34540001 441.80758667
0.33739999 441.95999146
0.34060001 442.11239624
0.34270000 442.26480103
0.34209999 442.41720581
0.34259999 442.56961060
0.34130001 442.72198486
0.33989999 442.87438965
0.33800000 443.02679443
0.33550000 443.17919922
0.33280000 443.33160400
0.33100000 443.48400879
0.32310000 443.63641357
0.31909999 443.78878784
0.31720001 443.94119263
0.31670001 444.09359741
0.31610000 444.24600220
0.31840000 444.39840698
0.31600001 444.55081177
0.30610001 444.70318604
0.28830001 444.85559082
0.27469999 445.00799561
0.27399999 445.16040039
0.27120000 445.31280518
0.27090001 445.46520996
0.27329999 445.61761475
0.27410001 445.76998901
0.28180000 445.92239380
0.27720001 446.07479858
0.27750000 446.22720337
0.27630001 446.37960815
0.27810001 446.53201294
0.28130001 446.68438721
0.28340000 446.83679199
0.29510000 446.98919678
0.29499999 447.14160156
0.29380000 447.29400635
0.29480001 447.44641113
0.29449999 447.59878540
0.29600000 447.75119019
0.29650000 447.90359497
0.29690000 448.05599976
0.29640001 448.20840454
0.29800001 448.36080933
0.32280001 448.51321411
0.33410001 448.66558838
0.34930000 448.81799316
0.36649999 448.97039795
0.36370000 449.12280273
0.35929999 449.27520752
0.32179999 449.42761230
0.30730000 449.57998657
0.30210000 449.73239136
0.30019999 449.88479614
0.29539999 450.03720093
0.28860000 450.18960571
0.28450000 450.34201050
0.28240001 450.49438477
0.28130001 450.64678955
0.28060001 450.79919434
0.27970001 450.95159912
0.27890000 451.10400391
0.27900001 451.25640869
0.27800000 451.40881348
0.27700001 451.56118774
0.27480000 451.71359253
0.27200001 451.86599731
0.27100000 452.01840210
0.27219999 452.17080688
0.27450001 452.32321167
0.27810001 452.47558594
0.28150001 452.62799072
0.28389999 452.78039551
0.28580001 452.93280029
0.28819999 453.08520508
0.28940001 453.23760986
0.28979999 453.39001465
0.29080001 453.54238892
0.29330000 453.69479370
0.29539999 453.84719849
0.29920000 453.99960327
0.30190000 454.15200806
0.30340001 454.30441284
0.29940000 454.45678711
0.29370001 454.60919189
0.28709999 454.76159668
0.27970001 454.91400146
0.27460000 455.06640625
0.27289999 455.21881104
0.27289999 455.37118530
0.27390000 455.52359009
0.27530000 455.67599487
0.27660000 455.82839966
0.27770001 455.98080444
0.27959999 456.13320923
0.28049999 456.28561401
0.28169999 456.43798828
0.28270000 456.59039307
0.28259999 456.74279785
0.28410000 456.89520264
0.28479999 457.04760742
0.28529999 457.20001221
0.28709999 457.35238647
0.28700000 457.50479126
0.28740001 457.65719604
0.28439999 457.80960083
0.28169999 457.96200562
0.28060001 458.11441040
0.28029999 458.26681519
0.28270000 458.41918945
0.28659999 458.57159424
0.29049999 458.72399902
0.29530001 458.87640381
0.29690000 459.02880859
0.29730001 459.18121338
0.29859999 459.33358765
0.29789999 459.48599243
0.29690000 459.63839722
0.29550001 459.79080200
0.29370001 459.94320679
0.29020000 460.09561157
0.28590000 460.24798584
0.28220001 460.40039062
0.28749999 460.55279541
0.31150001 460.70520020
0.37670001 460.85760498
0.43779999 461.01000977
0.50980002 461.16241455
0.53340000 461.31478882
0.49939999 461.46719360
0.45240000 461.61959839
0.39350000 461.77200317
0.32659999 461.92440796
0.27239999 462.07681274
0.25279999 462.22918701
0.24010000 462.38159180
0.23469999 462.53399658
0.22970000 462.68640137
0.22740000 462.83880615
0.22630000 462.99121094
0.23420000 463.14358521
0.24310000 463.29598999
0.24580000 463.44839478
0.24840000 463.60079956
0.25000000 463.75320435
0.25009999 463.90560913
0.25000000 464.05801392
0.24869999 464.21038818
0.24349999 464.36279297
0.24180000 464.51519775
0.24070001 464.66760254
0.24020000 464.82000732
0.23880000 464.97241211
0.23770000 465.12478638
0.23649999 465.27719116
0.23570000 465.42959595
0.23510000 465.58200073
0.23170000 465.73440552
0.22800000 465.88681030
0.22360000 466.03921509
0.21810000 466.19158936
0.21730000 466.34399414
0.21570000 466.49639893
0.21370000 466.64880371
0.21290000 466.80120850
0.21480000 466.95361328
0.21600001 467.10598755
0.22080000 467.25839233
0.22310001 467.41079712
0.22679999 467.56320190
0.22840001 467.71560669
0.22930001 467.86801147
0.22860000 468.02038574
0.22820000 468.17279053
0.22840001 468.32519531
0.23130000 468.47760010
0.23510000 468.63000488
0.24349999 468.78240967
0.24850000 468.93481445
0.25220001 469.08718872
0.25770000 469.23959351
0.26170000 469.39199829
0.27070001 469.54440308
0.27610001 469.69680786
0.28420001 469.84921265
0.28780001 470.00158691
0.28909999 470.15399170
0.29150000 470.30639648
0.29390001 470.45880127
0.29560000 470.61120605
0.29830000 470.76361084
0.30180001 470.91598511
0.30469999 471.06838989
0.30739999 471.22079468
0.30800000 471.37319946
0.30820000 471.52560425
0.30590001 471.67800903
0.30430001 471.83041382
0.30080000 471.98278809
0.30100000 472.13519287
0.30129999 472.28759766
0.30770001 472.44000244
0.31230000 472.59240723
0.31950000 472.74481201
0.32600001 472.89718628
0.33070001 473.04959106
0.33649999 473.20199585
0.33970001 473.35440063
0.34320000 473.50680542
0.34509999 473.65921021
0.34689999 473.81161499
0.34790000 473.96398926
0.34830001 474.11639404
0.34779999 474.26879883
0.34650001 474.42120361
0.34520000 474.57360840
0.34299999 474.72601318
0.34060001 474.87838745
0.33610001 475.03079224
0.32940000 475.18319702
0.32600001 475.33560181
0.32330000 475.48800659
0.32570001 475.64041138
0.32870001 475.79278564
0.33170000 475.94519043
0.33710000 476.09759521
0.33840001 476.25000000
0.33899999 476.40240479
0.33610001 476.55480957
0.33430001 476.70721436
0.33250001 476.85958862
0.33050001 477.01199341
0.32870001 477.16439819
0.32740000 477.31680298
0.32530001 477.46920776
0.36019999 477.62161255
0.40770000 477.77398682
0.42530000 477.92639160
0.44589999 478.07879639
0.45600000 478.23120117
0.44970000 478.38360596
0.45199999 478.53601074
0.36820000 478.68838501
0.32760000 478.84078979
0.31590000 478.99319458
0.30430001 479.14559937
0.26650000 479.29800415
0.26409999 479.45040894
0.26269999 479.60281372
0.26179999 479.75518799
0.26010001 479.90759277
0.26069999 480.05999756
0.26050001 480.21240234
0.26060000 480.36480713
0.25850001 480.51721191
0.25619999 480.66958618
0.25189999 480.82199097
0.24959999 480.97439575
0.24660000 481.12680054
0.24650000 481.27920532
0.24710000 481.43161011
0.24910000 481.58401489
0.25110000 481.73638916
0.25279999 481.88879395
0.25389999 482.04119873
0.25450000 482.19360352
0.25630000 482.34600830
0.25720000 482.49841309
0.25990000 482.65078735
0.26400000 482.80319214
0.26589999 482.95559692
0.27190000 483.10800171
0.27849999 483.26040649
0.28459999 483.41281128
0.30880001 483.56518555
0.31970000 483.71759033
0.32920000 483.86999512
0.33160001 484.02239990
0.33780000 484.17480469
0.33700001 484.32720947
0.32859999 484.47961426
0.33090001 484.63198853
0.33059999 484.78439331
0.32990000 484.93679810
0.32120001 485.08920288
0.31099999 485.24160767
0.31340000 485.39401245
0.32699999 485.54638672
0.33530000 485.69879150
0.34689999 485.85119629
0.35630000 486.00360107
0.36269999 486.15600586
0.36669999 486.30841064
0.35769999 486.46078491
0.35760000 486.61318970
0.35890001 486.76559448
0.36090001 486.91799927
0.38769999 487.07040405
0.39340001 487.22280884
0.40390000 487.37521362
0.40910000 487.52758789
0.39809999 487.67999268
0.39469999 487.83239746
0.37220001 487.98480225
0.37000000 488.13720703
0.37189999 488.28961182
0.37250000 488.44198608
0.37480000 488.59439087
0.38389999 488.74679565
0.38620001 488.89920044
0.38350001 489.05160522
0.37979999 489.20401001
0.37509999 489.35641479
0.37239999 489.50878906
0.36530000 489.66119385
0.36610001 489.81359863
0.36970001 489.96600342
0.36809999 490.11840820
0.37040001 490.27081299
0.37149999 490.42318726
0.37300000 490.57559204
0.37650001 490.72799683
0.37700000 490.88040161
0.37760001 491.03280640
0.37950000 491.18521118
0.37979999 491.33758545
0.37400001 491.48999023
0.35969999 491.64239502
0.35170001 491.79479980
0.34220001 491.94720459
0.34770000 492.09960938
0.35299999 492.25201416
0.35990000 492.40438843
0.37700000 492.55679321
0.37590000 492.70919800
0.37320000 492.86160278
0.37169999 493.01400757
0.36700001 493.16641235
0.36780000 493.31878662
0.36890000 493.47119141
0.36840001 493.62359619
0.37020001 493.77600098
0.37610000 493.92840576
0.37549999 494.08081055
0.37509999 494.23318481
0.37610000 494.38558960
0.36840001 494.53799438
0.36300001 494.69039917
0.35969999 494.84280396
0.35159999 494.99520874
0.35380000 495.14761353
0.35229999 495.29998779
0.35049999 495.45239258
0.34860000 495.60479736
0.35020000 495.75720215
0.35139999 495.90960693
0.35319999 496.06201172
0.35670000 496.21438599
0.35789999 496.36679077
0.35830000 496.51919556
0.35769999 496.67160034
0.35820001 496.82400513
0.35929999 496.97640991
0.36120000 497.12881470
0.36359999 497.28118896
0.36520001 497.43359375
0.36680001 497.58599854
0.36809999 497.73840332
0.36870000 497.89080811
0.37070000 498.04321289
0.37430000 498.19558716
0.38020000 498.34799194
0.42609999 498.50039673
0.45199999 498.65280151
0.51040000 498.80520630
0.54500002 498.95761108
0.55559999 499.10998535
0.59340000 499.26239014
0.57679999 499.41479492
0.59039998 499.56719971
0.58840001 499.71960449
0.58450001 499.87200928
0.59369999 500.02441406
0.57510000 500.17678833
0.56849998 500.32919312
0.53320003 500.48159790
0.46959999 500.63400269
0.45060000 500.78640747
0.40730000 500.93881226
0.38069999 501.09118652
0.35960001 501.24359131
0.33710000 501.39599609
0.32229999 501.54840088
0.31900001 501.70080566
0.31479999 501.85321045
0.31240001 502.00561523
0.30910000 502.15798950
0.30750000 502.31039429
0.30640000 502.46279907
0.30540001 502.61520386
0.30660000 502.76760864
0.30710000 502.92001343
0.31050000 503.07238770
0.34140000 503.22479248
0.37750000 503.37719727
0.38949999 503.52960205
0.38999999 503.68200684
0.36719999 503.83441162
0.33950001 503.98678589
0.32300001 504.13919067
0.30759999 504.29159546
0.29850000 504.44400024
0.29949999 504.59640503
0.30300000 504.74880981
0.31430000 504.90121460
0.34320000 505.05358887
0.35820001 505.20599365
0.36500001 505.35839844
0.37650001 505.51080322
0.38789999 505.66320801
0.39190000 505.81561279
0.39600000 505.96798706
0.39590001 506.12039185
0.39300001 506.27279663
0.39019999 506.42520142
0.38720000 506.57760620
0.38220000 506.73001099
0.38069999 506.88238525
0.37959999 507.03479004
0.37909999 507.18719482
0.37940001 507.33959961
0.37970001 507.49200439
0.37650001 507.64440918
0.37079999 507.79681396
0.36820000 507.94918823
0.36070001 508.10159302
0.35969999 508.25399780
0.36179999 508.40640259
0.36660001 508.55880737
0.37650001 508.71121216
0.38220000 508.86358643
0.39210001 509.01599121
0.39610001 509.16839600
0.40000001 509.32080078
0.40349999 509.47320557
0.40689999 509.62561035
0.40979999 509.77801514
0.40920001 509.93038940
0.40680000 510.08279419
0.40329999 510.23519897
0.40059999 510.38760376
0.39559999 510.54000854
0.39440000 510.69241333
0.39629999 510.84478760
0.40009999 510.99719238
0.40259999 511.14959717
0.40360001 511.30200195
0.40340000 511.45440674
0.40259999 511.60681152
0.40230000 511.75918579
0.40430000 511.91159058
0.40820000 512.06402588
0.41110000 512.21636963
0.41130000 512.36877441
0.40779999 512.52117920
0.40189999 512.67358398
0.39610001 512.82598877
0.39230001 512.97839355
0.39019999 513.13079834
0.39219999 513.28320312
0.39480001 513.43560791
0.39750001 513.58801270
0.40210000 513.74041748
0.40540001 513.89282227
0.40759999 514.04522705
0.41040000 514.19757080
0.41270000 514.34997559
0.41460001 514.50238037
0.41659999 514.65478516
0.41610000 514.80718994
0.41620001 514.95959473
0.41209999 515.11199951
0.40910000 515.26440430
0.40660000 515.41680908
0.40149999 515.56921387
0.40009999 515.72161865
0.39719999 515.87402344
0.39559999 516.02642822
0.39700001 516.17877197
0.39950001 516.33117676
0.40730000 516.48358154
0.41240001 516.63598633
0.41700000 516.78839111
0.41970000 516.94079590
0.41970000 517.09320068
0.41990000 517.24560547
0.42140001 517.39801025
0.42109999 517.55041504
0.42179999 517.70281982
0.42240000 517.85522461
0.42179999 518.00762939
0.42289999 518.15997314
0.42190000 518.31237793
0.41960001 518.46478271
0.41920000 518.61718750
0.41760001 518.76959229
0.41639999 518.92199707
0.41020000 519.07440186
0.40590000 519.22680664
0.40250000 519.37921143
0.40160000 519.53161621
0.40349999 519.68402100
0.40400001 519.83642578
0.40740001 519.98876953
0.40689999 520.14117432
0.40500000 520.29357910
0.40349999 520.44598389
0.40000001 520.59838867
0.39620000 520.75079346
0.39520001 520.90319824
0.39449999 521.05560303
0.39460000 521.20800781
0.39520001 521.36041260
0.39570001 521.51281738
0.39690000 521.66522217
0.39649999 521.81762695
0.39770001 521.96997070
0.39850000 522.12237549
0.39800000 522.27478027
0.39730000 522.42718506
0.39660001 522.57958984
0.39480001 522.73199463
0.39680001 522.88439941
0.39590001 523.03680420
0.39219999 523.18920898
0.41370001 523.34161377
0.43220001 523.49401855
0.45530000 523.64642334
0.50360000 523.79882812
0.54879999 523.95117188
0.57679999 524.10357666
0.60089999 524.25598145
0.59689999 524.40838623
0.57849997 524.56079102
0.56230003 524.71319580
0.51209998 524.86560059
0.49649999 525.01800537
0.45240000 525.17041016
0.42719999 525.32281494
0.37990001 525.47521973
0.36160001 525.62762451
0.32400000 525.78002930
0.32030001 525.93237305
0.31000000 526.08477783
0.30379999 526.23718262
0.30230001 526.38958740
0.30289999 526.54199219
0.30720001 526.69439697
0.31029999 526.84680176
0.31490001 526.99920654
0.31930000 527.15161133
0.32670000 527.30401611
0.32960001 527.45642090
0.33939999 527.60882568
0.34619999 527.76123047
0.34940001 527.91357422
0.35280001 528.06597900
0.35699999 528.21838379
0.36050001 528.37078857
0.36449999 528.52319336
0.37320000 528.67559814
0.37880000 528.82800293
0.38110000 528.98040771
0.38450000 529.13281250
0.38730001 529.28521729
0.38769999 529.43762207
0.38760000 529.59002686
0.38749999 529.74237061
0.38800001 529.89477539
0.38870001 530.04718018
0.38970000 530.19958496
0.39060000 530.35198975
0.39210001 530.50439453
0.39559999 530.65679932
0.39809999 530.80920410
0.40490001 530.96160889
0.41049999 531.11401367
0.41580001 531.26641846
0.42010000 531.41882324
0.42289999 531.57122803
0.42640001 531.72357178
0.42960000 531.87597656
0.42739999 532.02838135
0.42829999 532.18078613
0.42710000 532.33319092
0.42230001 532.48559570
0.41980001 532.63800049
0.41400000 532.79040527
0.41159999 532.94281006
0.40900001 533.09521484
0.40930000 533.24761963
0.41090000 533.40002441
0.41249999 533.55242920
0.41700000 533.70477295
0.42289999 533.85717773
0.42490000 534.00958252
0.42739999 534.16198730
0.41310000 534.31439209
0.38049999 534.46679688
0.35960001 534.61920166
0.33719999 534.77160645
0.32449999 534.92401123
0.32080001 535.07641602
0.31590000 535.22882080
0.31959999 535.38122559
0.32449999 535.53363037
0.32630000 535.68597412
0.32830000 535.83837891
0.32960001 535.99078369
0.33289999 536.14318848
0.33539999 536.29559326
0.33600000 536.44799805
0.34000000 536.60040283
0.34099999 536.75280762
0.34050000 536.90521240
0.34130001 537.05761719
0.34430000 537.21002197
0.34850001 537.36242676
0.35220000 537.51477051
0.35580000 537.66717529
0.35760000 537.81958008
0.35900000 537.97198486
0.36080000 538.12438965
0.36250001 538.27679443
0.36510000 538.42919922
0.36620000 538.58160400
0.36809999 538.73400879
0.37239999 538.88641357
0.37380001 539.03881836
0.37430000 539.19122314
0.37310001 539.34362793
0.37009999 539.49597168
0.36660001 539.64837646
0.36340001 539.80078125
0.36179999 539.95318604
0.36300001 540.10559082
0.36480001 540.25799561
0.36690000 540.41040039
0.36719999 540.56280518
0.36860001 540.71520996
0.37009999 540.86761475
0.37099999 541.02001953
0.37540001 541.17242432
0.37660000 541.32482910
0.37889999 541.47717285
0.38029999 541.62957764
0.38589999 541.78198242
0.38409999 541.93438721
0.38470000 542.08679199
0.38229999 542.23919678
0.37729999 542.39160156
0.37360001 542.54400635
0.37000000 542.69641113
0.36390001 542.84881592
0.36090001 543.00122070
0.36010000 543.15362549
0.36170000 543.30603027
0.36359999 543.45837402
0.36500001 543.61077881
0.36590001 543.76318359
0.36520001 543.91558838
0.36390001 544.06799316
0.36359999 544.22039795
0.36340001 544.37280273
0.36489999 544.52520752
0.36829999 544.67761230
0.36829999 544.83001709
0.36860001 544.98242188
0.37050000 545.13482666
0.37070000 545.28717041
0.37259999 545.43957520
0.37380001 545.59197998
0.37549999 545.74438477
0.37729999 545.89678955
0.36840001 546.04919434
0.36559999 546.20159912
0.36530000 546.35400391
0.36460000 546.50640869
0.36620000 546.65881348
0.36700001 546.81121826
0.36820000 546.96362305
0.38080001 547.11602783
0.36700001 547.26837158
0.34060001 547.42077637
0.32110000 547.57318115
0.28209999 547.72558594
0.24519999 547.87799072
0.21470000 548.03039551
0.19599999 548.18280029
0.17560001 548.33520508
0.17450000 548.48760986
0.17790000 548.64001465
0.19540000 548.79241943
0.20720001 548.94482422
0.22080000 549.09722900
0.24380000 549.24957275
0.25170001 549.40197754
0.25740001 549.55438232
0.26300001 549.70678711
0.27140000 549.85919189
0.27599999 550.01159668
0.27730000 550.16400146
0.27970001 550.31640625
0.28000000 550.46881104
0.28020000 550.62121582
0.28000000 550.77362061
0.28040001 550.92602539
0.28080001 551.07843018
0.28729999 551.23077393
0.29010001 551.38317871
0.29429999 551.53558350
0.30340001 551.68798828
0.31189999 551.84039307
0.31810001 551.99279785
0.32620001 552.14520264
0.32890001 552.29760742
0.33000001 552.45001221
0.33149999 552.60241699
0.33520001 552.75482178
0.33860001 552.90722656
0.34070000 553.05957031
0.34410000 553.21197510
0.34639999 553.36437988
0.34880000 553.51678467
0.35110000 553.66918945
0.35280001 553.82159424
0.35479999 553.97399902
0.35510001 554.12640381
0.35540000 554.27880859
0.35580000 554.43121338
0.35490000 554.58361816
0.35450000 554.73602295
0.35350001 554.88842773
0.35310000 555.04077148
0.35210001 555.19317627
0.35339999 555.34558105
0.35409999 555.49798584
0.35710001 555.65039062
0.36550000 555.80279541
0.37500000 555.95520020
0.38370001 556.10760498
0.38929999 556.26000977
0.39539999 556.41241455
0.39610001 556.56481934
0.39710000 556.71722412
0.39719999 556.86962891
0.39739999 557.02197266
0.39980000 557.17437744
0.40200001 557.32678223
0.40770000 557.47918701
0.40950000 557.63159180
0.41650000 557.78399658
0.42280000 557.93640137
0.42620000 558.08880615
0.43110001 558.24121094
0.43040001 558.39361572
0.42699999 558.54602051
0.42070001 558.69842529
0.41540000 558.85083008
0.41130000 559.00317383
0.41090000 559.15557861
0.41180000 559.30798340
0.41159999 559.46038818
0.41240001 559.61279297
0.41170001 559.76519775
0.41080001 559.91760254
0.41040000 560.07000732
0.41000000 560.22241211
0.41080001 560.37481689
0.41310000 560.52722168
0.41679999 560.67962646
0.41769999 560.83197021
0.41949999 560.98437500
0.42060000 561.13677979
0.42210001 561.28918457
0.42690000 561.44158936
0.42719999 561.59399414
0.42820001 561.74639893
0.42629999 561.89880371
0.42550001 562.05120850
0.42449999 562.20361328
0.42120001 562.35601807
0.42010000 562.50842285
0.41749999 562.66082764
0.41639999 562.81317139
0.41870001 562.96557617
0.42100000 563.11798096
0.36390001 563.27038574
0.33129999 563.42279053
0.30520001 563.57519531
0.28619999 563.72760010
0.27959999 563.88000488
0.27480000 564.03240967
0.29130000 564.18481445
0.30540001 564.33721924
0.31860000 564.48962402
0.32749999 564.64202881
0.33989999 564.79437256
0.34560001 564.94677734
0.35179999 565.09918213
0.35290000 565.25158691
0.35190001 565.40399170
0.35370001 565.55639648
0.35670000 565.70880127
0.35990000 565.86120605
0.36230001 566.01361084
0.36410001 566.16601562
0.36399999 566.31842041
0.36359999 566.47082520
0.36330000 566.62322998
0.36300001 566.77557373
0.36359999 566.92797852
0.36379999 567.08038330
0.36370000 567.23278809
0.36359999 567.38519287
0.36350000 567.53759766
0.36340001 567.69000244
0.36309999 567.84240723
0.36440000 567.99481201
0.36489999 568.14721680
0.36669999 568.29962158
0.36800000 568.45202637
0.36930001 568.60437012
0.37090001 568.75677490
0.37210000 568.90917969
0.37239999 569.06158447
0.37020001 569.21398926
0.36860001 569.36639404
0.36620000 569.51879883
0.36550000 569.67120361
0.36530000 569.82360840
0.36510000 569.97601318
0.36719999 570.12841797
0.36899999 570.28082275
0.37130001 570.43322754
0.37230000 570.58557129
0.37239999 570.73797607
0.37279999 570.89038086
0.37380001 571.04278564
0.37520000 571.19519043
0.37720001 571.34759521
0.37909999 571.50000000
0.38249999 571.65240479
0.38440001 571.80480957
0.38880000 571.95721436
0.38839999 572.10961914
0.38810000 572.26202393
0.38780001 572.41442871
0.38640001 572.56677246
0.38800001 572.71917725
0.38859999 572.87158203
0.39179999 573.02398682
0.39390001 573.17639160
0.39660001 573.32879639
0.39829999 573.48120117
0.40040001 573.63360596
0.40050000 573.78601074
0.40030000 573.93841553
0.39940000 574.09082031
0.39730000 574.24322510
0.39899999 574.39562988
0.40110001 574.54797363
0.40230000 574.70037842
0.40470001 574.85278320
0.40570000 575.00518799
0.40640000 575.15759277
0.40810001 575.30999756
0.40860000 575.46240234
0.40959999 575.61480713
0.41100001 575.76721191
0.40700001 575.91961670
0.40390000 576.07202148
0.40239999 576.22442627
0.40160000 576.37677002
0.40480000 576.52917480
0.41700000 576.68157959
0.41549999 576.83398438
0.41069999 576.98638916
0.38170001 577.13879395
0.34999999 577.29119873
0.32940000 577.44360352
0.27779999 577.59600830
0.25110000 577.74841309
0.23840000 577.90081787
0.23520000 578.05322266
0.23180000 578.20562744
0.23620000 578.35797119
0.24210000 578.51037598
0.24699999 578.66278076
0.25830001 578.81518555
0.26809999 578.96759033
0.27720001 579.11999512
0.28330001 579.27239990
0.28580001 579.42480469
0.28560001 579.57720947
0.28580001 579.72961426
0.28560001 579.88201904
0.28549999 580.03442383
0.28860000 580.18682861
0.29449999 580.33917236
0.29980001 580.49157715
0.30750000 580.64398193
0.31819999 580.79638672
0.33140001 580.94879150
0.34909999 581.10119629
0.35260001 581.25360107
0.35490000 581.40600586
0.35589999 581.55841064
0.36059999 581.71081543
0.36129999 581.86322021
0.36109999 582.01562500
0.36179999 582.16802979
0.36129999 582.32037354
0.35890001 582.47277832
0.35839999 582.62518311
0.35650000 582.77758789
0.35710001 582.92999268
0.36019999 583.08239746
0.36240000 583.23480225
0.36559999 583.38720703
0.37110001 583.53961182
0.37320000 583.69201660
0.37770000 583.84442139
0.38339999 583.99682617
0.38620001 584.14916992
0.39250001 584.30157471
0.39359999 584.45397949
0.39640000 584.60638428
0.39539999 584.75878906
0.39469999 584.91119385
0.39120001 585.06359863
0.38690001 585.21600342
0.38429999 585.36840820
0.38339999 585.52081299
0.38249999 585.67321777
0.38319999 585.82562256
0.38400000 585.97802734
0.38409999 586.13037109
0.38370001 586.28277588
0.38350001 586.43518066
0.38319999 586.58758545
0.38319999 586.73999023
0.38249999 586.89239502
0.38360000 587.04479980
0.38409999 587.19720459
0.38470000 587.34960938
0.38589999 587.50201416
0.38550001 587.65441895
0.38530001 587.80682373
0.38420001 587.95922852
0.38319999 588.11157227
0.38240001 588.26397705
0.38139999 588.41638184
0.38180000 588.56878662
0.38299999 588.72119141
0.38510001 588.87359619
0.38530001 589.02600098
0.38560000 589.17840576
0.38630000 589.33081055
0.38650000 589.48321533
0.38720000 589.63562012
0.38630000 589.78802490
0.38519999 589.94042969
0.38380000 590.09277344
0.38429999 590.24517822
0.38600001 590.39758301
0.38710001 590.54998779
0.39179999 590.70239258
0.39240000 590.85479736
0.39440000 591.00720215
0.39700001 591.15960693
0.39350000 591.31201172
0.38170001 591.46441650
0.32570001 591.61682129
0.30509999 591.76922607
0.29510000 591.92156982
0.29260001 592.07397461
0.29290000 592.22637939
0.29319999 592.37878418
0.29670000 592.53118896
0.30100000 592.68359375
0.30520001 592.83599854
0.30669999 592.98840332
0.31200001 593.14080811
0.31659999 593.29321289
0.32080001 593.44561768
0.32560000 593.59802246
0.33090001 593.75042725
0.33129999 593.90277100
0.33120000 594.05517578
0.33260000 594.20758057
0.33300000 594.35998535
0.33350000 594.51239014
0.33489999 594.66479492
0.33610001 594.81719971
0.33750001 594.96960449
0.34000000 595.12200928
0.34169999 595.27441406
0.34270000 595.42681885
0.34480000 595.57922363
0.34450001 595.73162842
0.34450001 595.88397217
0.34779999 596.03637695
0.34889999 596.18878174
0.35380000 596.34118652
0.35589999 596.49359131
0.35820001 596.64599609
0.35789999 596.79840088
0.35470000 596.95080566
0.35319999 597.10321045
0.35089999 597.25561523
0.34979999 597.40802002
0.34920001 597.56042480
0.34830001 597.71282959
0.34709999 597.86517334
0.34639999 598.01757812
0.34560001 598.16998291
0.34490001 598.32238770
0.34490001 598.47479248
0.34590000 598.62719727
0.34850001 598.77960205
0.35020000 598.93200684
0.35159999 599.08441162
0.35290000 599.23681641
0.35510001 599.38922119
0.35620001 599.54162598
0.35929999 599.69396973
0.36129999 599.84637451
0.36149999 599.99877930
0.36260000 600.15118408
0.36399999 600.30358887
0.36460000 600.45599365
0.37239999 600.60839844
0.37239999 600.76080322
0.37279999 600.91320801
0.37540001 601.06561279
0.37799999 601.21801758
0.37390000 601.37042236
0.35020000 601.52282715
0.31880000 601.67517090
0.28270000 601.82757568
0.25130001 601.97998047
0.23510000 602.13238525
0.21160001 602.28479004
0.19660001 602.43719482
0.18940000 602.58959961
0.19260000 602.74200439
0.20119999 602.89440918
0.21430001 603.04681396
0.22840001 603.19921875
0.24190000 603.35162354
0.25250000 603.50402832
0.26620001 603.65637207
0.27079999 603.80877686
0.27370000 603.96118164
0.27669999 604.11358643
0.27919999 604.26599121
0.28040001 604.41839600
0.28250000 604.57080078
0.28439999 604.72320557
0.28900000 604.87561035
0.30030000 605.02801514
0.31340000 605.18041992
0.32139999 605.33282471
0.32929999 605.48522949
0.33790001 605.63757324
0.34060001 605.78997803
0.34639999 605.94238281
0.34680000 606.09478760
0.35110000 606.24719238
0.35920000 606.39959717
0.36170000 606.55200195
0.36579999 606.70440674
0.37059999 606.85681152
0.37200001 607.00921631
0.37310001 607.16162109
0.37580001 607.31402588
0.37599999 607.46636963
0.37549999 607.61877441
0.37360001 607.77117920
0.37369999 607.92358398
0.37340000 608.07598877
0.37320000 608.22839355
0.37329999 608.38079834
0.37220001 608.53320312
0.37270001 608.68560791
0.37210000 608.83801270
0.36899999 608.99041748
0.36930001 609.14282227
0.37000000 609.29522705
0.37149999 609.44757080
0.37259999 609.59997559
0.37300000 609.75238037
0.37160000 609.90478516
0.36950001 610.05718994
0.36669999 610.20959473
0.36350000 610.36199951
0.36280000 610.51440430
0.36179999 610.66680908
0.36300001 610.81921387
0.36570001 610.97161865
0.36890000 611.12402344
0.37560001 611.27642822
0.38130000 611.42877197
0.38499999 611.58117676
0.39050001 611.73358154
0.39420000 611.88598633
0.39730000 612.03839111
0.39820001 612.19079590
0.39879999 612.34320068
0.40079999 612.49560547
0.40230000 612.64801025
0.40239999 612.80041504
0.40290001 612.95281982
0.40030000 613.10522461
0.39539999 613.25762939
0.39359999 613.40997314
0.38920000 613.56237793
0.38760000 613.71478271
0.38650000 613.86718750
0.38370001 614.01959229
0.37840000 614.17199707
0.37200001 614.32440186
0.36809999 614.47680664
0.36390001 614.62921143
0.36530000 614.78161621
0.36809999 614.93402100
0.37259999 615.08642578
0.37599999 615.23876953
0.37950000 615.39117432
0.38049999 615.54357910
0.38490000 615.69598389
0.39269999 615.84838867
0.39649999 616.00079346
0.39989999 616.15319824
0.40270001 616.30560303
0.40250000 616.45800781
0.40040001 616.61041260
0.39960000 616.76281738
0.39579999 616.91522217
0.39520001 617.06762695
0.39449999 617.21997070
0.39170000 617.37237549
0.38810000 617.52478027
0.38080001 617.67718506
0.37610000 617.82958984
0.37549999 617.98199463
0.37450001 618.13439941
0.37239999 618.28680420
0.37090001 618.43920898
0.37040001 618.59161377
0.36460000 618.74401855
0.30759999 618.89642334
0.29130000 619.04882812
0.27720001 619.20117188
0.27059999 619.35357666
0.26820001 619.50598145
0.27350000 619.65838623
0.28220001 619.81079102
0.30649999 619.96319580
0.32699999 620.11560059
0.33829999 620.26800537
0.35060000 620.42041016
0.35479999 620.57281494
0.35789999 620.72521973
0.35650000 620.87762451
0.34110001 621.03002930
0.32980001 621.18237305
0.33070001 621.33477783
0.33160001 621.48718262
0.33280000 621.63958740
0.33340001 621.79199219
0.33379999 621.94439697
0.33489999 622.09680176
0.33550000 622.24920654
0.33780000 622.40161133
0.33899999 622.55401611
0.34560001 622.70642090
0.34889999 622.85882568
0.35330001 623.01123047
0.35789999 623.16357422
0.36230001 623.31597900
0.36880001 623.46838379
0.37220001 623.62078857
0.36930001 623.77319336
0.36539999 623.92559814
0.36289999 624.07800293
0.35810000 624.23040771
0.35569999 624.38281250
0.35490000 624.53521729
0.35450000 624.68762207
0.35490000 624.84002686
0.35510001 624.99237061
0.35499999 625.14477539
0.35440001 625.29718018
0.35530001 625.44958496
0.35589999 625.60198975
0.35749999 625.75439453
0.36100000 625.90679932
0.36109999 626.05920410
0.36250001 626.21160889
0.36149999 626.36401367
0.36080000 626.51641846
0.35920000 626.66882324
0.36080000 626.82122803
0.36320001 626.97357178
0.37349999 627.12597656
0.37760001 627.27838135
0.38060001 627.43078613
0.38650000 627.58319092
0.38670000 627.73559570
0.38980001 627.88800049
0.38999999 628.04040527
0.39060000 628.19281006
0.38909999 628.34521484
0.38710001 628.49761963
0.38540000 628.65002441
0.38150001 628.80242920
0.37840000 628.95477295
0.37540001 629.10717773
0.37490001 629.25958252
0.37430000 629.41198730
0.38280001 629.56439209
0.38119999 629.71679688
0.38270000 629.86920166
0.38229999 630.02160645
0.36340001 630.17401123
0.34790000 630.32641602
0.31410000 630.47882080
0.29100001 630.63122559
0.28130001 630.78363037
0.27280000 630.93597412
0.25209999 631.08837891
0.24860001 631.24078369
0.25029999 631.39318848
0.25830001 631.54559326
0.26530001 631.69799805
0.27050000 631.85040283
0.28200001 632.00280762
0.28740001 632.15521240
0.28929999 632.30761719
0.29030001 632.46002197
0.28889999 632.61242676
0.28780001 632.76477051
0.29170001 632.91717529
0.30910000 633.06958008
0.32810000 633.22198486
0.34560001 633.37438965
0.36449999 633.52679443
0.36919999 633.67919922
0.37160000 633.83160400
0.37900001 633.98400879
0.38389999 634.13641357
0.38760000 634.28881836
0.38870001 634.44122314
0.38940001 634.59362793
0.38749999 634.74597168
0.38380000 634.89837646
0.38090000 635.05078125
0.37500000 635.20318604
0.37059999 635.35559082
0.36710000 635.50799561
0.36770001 635.66040039
0.36890000 635.81280518
0.37099999 635.96520996
0.36989999 636.11761475
0.37000000 636.27001953
0.36899999 636.42242432
0.36660001 636.57482910
0.36489999 636.72717285
0.36980000 636.87957764
0.37230000 637.03198242
0.37619999 637.18438721
0.37819999 637.33679199
0.38000000 637.48919678
0.38280001 637.64160156
0.37930000 637.79400635
0.37760001 637.94641113
0.37410000 638.09881592
0.36989999 638.25122070
0.36980000 638.40362549
0.36790001 638.55603027
0.36960000 638.70837402
0.36989999 638.86077881
0.37079999 639.01318359
0.37230000 639.16558838
0.37300000 639.31799316
0.37459999 639.47039795
0.37540001 639.62280273
0.37599999 639.77520752
0.37630001 639.92761230
0.37639999 640.08001709
0.37790000 640.23242188
0.37799999 640.38482666
0.37869999 640.53717041
0.38040000 640.68957520
0.38299999 640.84197998
0.38420001 640.99438477
0.38690001 641.14678955
0.38909999 641.29919434
0.38980001 641.45159912
0.39089999 641.60400391
0.38880000 641.75640869
0.39379999 641.90881348
0.39739999 642.06121826
0.40300000 642.21362305
0.40570000 642.36602783
0.40840000 642.51837158
0.40900001 642.67077637
0.40799999 642.82318115
0.40959999 642.97558594
0.41130000 643.12799072
0.41180000 643.28039551
0.41299999 643.43280029
0.41460001 643.58520508
0.41350001 643.73760986
0.41020000 643.89001465
0.40570000 644.04241943
0.39919999 644.19482422
0.39100000 644.34722900
0.38499999 644.49957275
0.38270000 644.65197754
0.38240001 644.80438232
0.38299999 644.95678711
0.38330001 645.10919189
0.38420001 645.26159668
0.38710001 645.41400146
0.38870001 645.56640625
0.39170000 645.71881104
0.39399999 645.87121582
0.40200001 646.02362061
0.41119999 646.17602539
0.41990000 646.32843018
0.42269999 646.48077393
0.42629999 646.63317871
0.42969999 646.78558350
0.43040001 646.93798828
0.43799999 647.09039307
0.41549999 647.24279785
0.41980001 647.39520264
0.41980001 647.54760742
0.42260000 647.70001221
0.42179999 647.85241699
0.43000001 648.00482178
0.40900001 648.15722656
0.38450000 648.30957031
0.36719999 648.46197510
0.34220001 648.61437988
0.32850000 648.76678467
0.31279999 648.91918945
0.31150001 649.07159424
0.31470001 649.22399902
0.32870001 649.37640381
0.34610000 649.52880859
0.36489999 649.68121338
0.36539999 649.83361816
0.36620000 649.98602295
0.36890000 650.13842773
0.37169999 650.29077148
0.37490001 650.44317627
0.37670001 650.59558105
0.37889999 650.74798584
0.37790000 650.90039062
0.37860000 651.05279541
0.37830001 651.20520020
0.37400001 651.35760498
0.37650001 651.51000977
0.37630001 651.66241455
0.37570000 651.81481934
0.37670001 651.96722412
0.37369999 652.11962891
0.36960000 652.27197266
0.36860001 652.42437744
0.36510000 652.57678223
0.36620000 652.72918701
0.36780000 652.88159180
0.36880001 653.03399658
0.37009999 653.18640137
0.36890000 653.33880615
0.36730000 653.49121094
0.36420000 653.64361572
0.36480001 653.79602051
0.36530000 653.94842529
0.36640000 654.10083008
0.36919999 654.25317383
0.37099999 654.40557861
0.37300000 654.55798340
0.37650001 654.71038818
0.37660000 654.86279297
0.37650001 655.01519775
0.37610000 655.16760254
0.37680000 655.32000732
0.37889999 655.47241211
0.38040000 655.62481689
0.38249999 655.77722168
0.38560000 655.92962646
0.38600001 656.08197021
0.38999999 656.23437500
0.39260000 656.38677979
0.39320001 656.53918457
0.39289999 656.69158936
0.39070001 656.84399414
0.38810000 656.99639893
0.38569999 657.14880371
0.38180000 657.30120850
0.38029999 657.45361328
0.37860000 657.60601807
0.37580001 657.75842285
0.37610000 657.91082764
0.37680000 658.06317139
0.37990001 658.21557617
0.38069999 658.36798096
0.38029999 658.52038574
0.38110000 658.67279053
0.38080001 658.82519531
0.38100001 658.97760010
0.38479999 659.13000488
0.38699999 659.28240967
0.38960001 659.43481445
0.39060000 659.58721924
0.40210000 659.73962402
0.40090001 659.89202881
0.39930001 660.04437256
0.38740000 660.19677734
0.37099999 660.34918213
0.34970000 660.50158691
0.32550001 660.65399170
0.32179999 660.80639648
0.31799999 660.95880127
0.31430000 661.11120605
0.31079999 661.26361084
0.30570000 661.41601562
0.29980001 661.56842041
0.30080000 661.72082520
0.30170000 661.87322998
0.30280000 662.02557373
0.30520001 662.17797852
0.30660000 662.33038330
0.30790001 662.48278809
0.30849999 662.63519287
0.30950001 662.78759766
0.31819999 662.94000244
0.32920000 663.09240723
0.33780000 663.24481201
0.34959999 663.39721680
0.35960001 663.54962158
0.37149999 663.70202637
0.37380001 663.85437012
0.37790000 664.00677490
0.37880000 664.15917969
0.37779999 664.31158447
0.37770000 664.46398926
0.37810001 664.61639404
0.38310000 664.76879883
0.38499999 664.92120361
0.38949999 665.07360840
0.38859999 665.22601318
0.38810000 665.37841797
0.38650000 665.53082275
0.38519999 665.68322754
0.38460001 665.83557129
0.38420001 665.98797607
0.38299999 666.14038086
0.38270000 666.29278564
0.38119999 666.44519043
0.37810001 666.59759521
0.37570000 666.75000000
0.37290001 666.90240479
0.37140000 667.05480957
0.37140000 667.20721436
0.37120000 667.35961914
0.37430000 667.51202393
0.37850001 667.66442871
0.38400000 667.81677246
0.38580000 667.96917725
0.38679999 668.12158203
0.38800001 668.27398682
0.38859999 668.42639160
0.38760000 668.57879639
0.39199999 668.73120117
0.39500001 668.88360596
0.39989999 669.03601074
0.40500000 669.18841553
0.40910000 669.34082031
0.40799999 669.49322510
0.40790001 669.64562988
0.40740001 669.79797363
0.40599999 669.95037842
0.40540001 670.10278320
0.40570000 670.25518799
0.40570000 670.40759277
0.40860000 670.55999756
0.41080001 670.71240234
0.41380000 670.86480713
0.41600001 671.01721191
0.41790000 671.16961670
0.41839999 671.32202148
0.41589999 671.47442627
0.41080001 671.62677002
0.40640000 671.77917480
0.40259999 671.93157959
0.39940000 672.08398438
0.39739999 672.23638916
0.39330000 672.38879395
0.39140001 672.54119873
0.38940001 672.69360352
0.38569999 672.84600830
0.38249999 672.99841309
0.37990001 673.15081787
0.37959999 673.30322266
0.37840000 673.45562744
0.37810001 673.60797119
0.37750000 673.76037598
0.37639999 673.91278076
0.37529999 674.06518555
0.37430000 674.21759033
0.37360001 674.36999512
0.37320000 674.52239990
0.37580001 674.67480469
0.37779999 674.82720947
0.38080001 674.97961426
0.38400000 675.13201904
0.38540000 675.28442383
0.38600001 675.43682861
0.38630000 675.58917236
0.38630000 675.74157715
0.38769999 675.89398193
0.38830000 676.04638672
0.38870001 676.19879150
0.38850001 676.35119629
0.37619999 676.50360107
0.36289999 676.65600586
0.34619999 676.80841064
0.33590001 676.96081543
0.32990000 677.11322021
0.31950000 677.26562500
0.31060001 677.41802979
0.30779999 677.57037354
0.29780000 677.72277832
0.30370000 677.87518311
0.31650001 678.02758789
0.32710001 678.17999268
0.35420001 678.33239746
0.35960001 678.48480225
0.36230001 678.63720703
0.36500001 678.78961182
0.36970001 678.94201660
0.37630001 679.09442139
0.38180000 679.24682617
0.38550001 679.39916992
0.38720000 679.55157471
0.39289999 679.70397949
0.39730000 679.85638428
0.39980000 680.00878906
0.40230000 680.16119385
0.40180001 680.31359863
0.39860001 680.46600342
0.39559999 680.61840820
0.38940001 680.77081299
0.38409999 680.92321777
0.37970001 681.07562256
0.37860000 681.22802734
0.37570000 681.38037109
0.37580001 681.53277588
0.37990001 681.68518066
0.38100001 681.83758545
0.38260001 681.98999023
0.38339999 682.14239502
0.38429999 682.29479980
0.38650000 682.44720459
0.38949999 682.59960938
0.39150000 682.75201416
0.39370000 682.90441895
0.39760000 683.05682373
0.39789999 683.20922852
0.39690000 683.36157227
0.39629999 683.51397705
0.39500001 683.66638184
0.39500001 683.81878662
0.39660001 683.97119141
0.39739999 684.12359619
0.39919999 684.27600098
0.40110001 684.42840576
0.40210000 684.58081055
0.40290001 684.73321533
0.40270001 684.88562012
0.40279999 685.03802490
0.40070000 685.19042969
0.39469999 685.34277344
0.39050001 685.49517822
0.38560000 685.64758301
0.38270000 685.79998779
0.37900001 685.95239258
0.37639999 686.10479736
0.37099999 686.25720215
0.37120000 686.40960693
0.37079999 686.56201172
0.37090001 686.71441650
0.37059999 686.86682129
0.36970001 687.01922607
0.36820000 687.17156982
0.36719999 687.32397461
0.36680001 687.47637939
0.36640000 687.62878418
0.36759999 687.78118896
0.36930001 687.93359375
0.37120000 688.08599854
0.37270001 688.23840332
0.37410000 688.39080811
0.37310001 688.54321289
0.37400001 688.69561768
0.37380001 688.84802246
0.37349999 689.00042725
0.37509999 689.15277100
0.37529999 689.30517578
0.37580001 689.45758057
0.37580001 689.60998535
0.37540001 689.76239014
0.37830001 689.91479492
0.38170001 690.06719971
0.38460001 690.21960449
0.38769999 690.37200928
0.39100000 690.52441406
0.42570001 690.67681885
0.44540000 690.82922363
0.47430000 690.98162842
0.48339999 691.13397217
0.48679999 691.28637695
0.48789999 691.43878174
0.47520000 691.59118652
0.45919999 691.74359131
0.44389999 691.89599609
0.41000000 692.04840088
0.39340001 692.20080566
0.36469999 692.35321045
0.34209999 692.50561523
0.31240001 692.65802002
0.29640001 692.81042480
0.29319999 692.96282959
0.28670001 693.11517334
0.28410000 693.26757812
0.28029999 693.41998291
0.27759999 693.57238770
0.27530000 693.72479248
0.27379999 693.87719727
0.27419999 694.02960205
0.27840000 694.18200684
0.29330000 694.33441162
0.30610001 694.48681641
0.31860000 694.63922119
0.32720000 694.79162598
0.33390000 694.94396973
0.33719999 695.09637451
0.33790001 695.24877930
0.33739999 695.40118408
0.34050000 695.55358887
0.34230000 695.70599365
0.34790000 695.85839844
0.35879999 696.01080322
0.36520001 696.16320801
0.37220001 696.31561279
0.37799999 696.46801758
0.37950000 696.62042236
0.37770000 696.77282715
0.37419999 696.92517090
0.36960000 697.07757568
0.36950001 697.22998047
0.36710000 697.38238525
0.36759999 697.53479004
0.37029999 697.68719482
0.37570000 697.83959961
0.37909999 697.99200439
0.38490000 698.14440918
0.38630000 698.29681396
0.38789999 698.44921875
0.39050001 698.60162354
0.39089999 698.75402832
0.39300001 698.90637207
0.39080000 699.05877686
0.38630000 699.21118164
0.38240001 699.36358643
0.38040000 699.51599121
0.37529999 699.66839600
0.37540001 699.82080078
0.37700000 699.97320557
0.37450001 700.12561035
0.37490001 700.27801514
0.37470001 700.43041992
0.37529999 700.58282471
0.37740001 700.73522949
0.37750000 700.88757324
0.37799999 701.03997803
0.37720001 701.19238281
0.37660000 701.34478760
0.37430000 701.49719238
0.37279999 701.64959717
0.37239999 701.80200195
0.37160000 701.95440674
0.37349999 702.10681152
0.37639999 702.25921631
0.38090000 702.41162109
0.38670000 702.56402588
0.39320001 702.71636963
0.40000001 702.86877441
0.40210000 703.02117920
0.40730000 703.17358398
0.40619999 703.32598877
0.40750000 703.47839355
0.40570000 703.63079834
0.40180001 703.78320312
0.38389999 703.93560791
0.36320001 704.08801270
0.34950000 704.24041748
0.35100001 704.39282227
0.35460001 704.54522705
0.36010000 704.69757080
0.37250000 704.84997559
0.39309999 705.00238037
0.40050000 705.15478516
0.41560000 705.30718994
0.42219999 705.45959473
0.40520000 705.61199951
0.40200001 705.76440430
0.37009999 705.91680908
0.34869999 706.06921387
0.32769999 706.22161865
0.30809999 706.37402344
0.30300000 706.52642822
0.30399999 706.67877197
0.31230000 706.83117676
0.32170001 706.98358154
0.32460001 707.13598633
0.32789999 707.28839111
0.33070001 707.44079590
0.33320001 707.59320068
0.34279999 707.74560547
0.34740001 707.89801025
0.35640001 708.05041504
0.35890001 708.20281982
0.36640000 708.35522461
0.36919999 708.50762939
0.36570001 708.65997314
0.36669999 708.81237793
0.36809999 708.96478271
0.36750001 709.11718750
0.36610001 709.26959229
0.36719999 709.42199707
0.36570001 709.57440186
0.37020001 709.72680664
0.37079999 709.87921143
0.37020001 710.03161621
0.37660000 710.18402100
0.37200001 710.33642578
0.36860001 710.48876953
0.36410001 710.64117432
0.36100000 710.79357910
0.35879999 710.94598389
0.35839999 711.09838867
0.35299999 711.25079346
0.35370001 711.40319824
0.35299999 711.55560303
0.35330001 711.70800781
0.35690001 711.86041260
0.36019999 712.01281738
0.36149999 712.16522217
0.36780000 712.31762695
0.36730000 712.46997070
0.36690000 712.62237549
0.36590001 712.77478027
0.36449999 712.92718506
0.36430001 713.07958984
0.36350000 713.23199463
0.36530000 713.38439941
0.36559999 713.53680420
0.36590001 713.68920898
0.36010000 713.84161377
0.35620001 713.99401855
0.35659999 714.14642334
0.35740000 714.29882812
0.36190000 714.45117188
0.36640000 714.60357666
0.37619999 714.75598145
0.37819999 714.90838623
0.39559999 715.06079102
0.40740001 715.21319580
0.42379999 715.36560059
0.43720001 715.51800537
0.46239999 715.67041016
0.48240000 715.82281494
0.50389999 715.97521973
0.48830000 716.12762451
0.46349999 716.28002930
0.42850000 716.43237305
0.37770000 716.58477783
0.34840000 716.73718262
0.31860000 716.88958740
0.29550001 717.04199219
0.28549999 717.19439697
0.27950001 717.34680176
0.26710001 717.49920654
0.26600000 717.65161133
0.26440001 717.80401611
0.26269999 717.95642090
0.26249999 718.10882568
0.26199999 718.26123047
0.26490000 718.41357422
0.26650000 718.56597900
0.28060001 718.71838379
0.28729999 718.87078857
0.29850000 719.02319336
0.30379999 719.17559814
0.31180000 719.32800293
0.32040000 719.48040771
0.32929999 719.63281250
0.33480000 719.78521729
0.34660000 719.93762207
0.35130000 720.09002686
0.35990000 720.24237061
0.36489999 720.39477539
0.36809999 720.54718018
0.36910000 720.69958496
0.36849999 720.85198975
0.36780000 721.00439453
0.36070001 721.15679932
0.35530001 721.30920410
0.35120001 721.46160889
0.34119999 721.61401367
0.33610001 721.76641846
0.33520001 721.91882324
0.33080000 722.07122803
0.33620000 722.22357178
0.33860001 722.37597656
0.34180000 722.52838135
0.34819999 722.68078613
0.34830001 722.83319092
0.34900001 722.98559570
0.35030001 723.13800049
0.35139999 723.29040527
0.35249999 723.44281006
0.35490000 723.59521484
0.35389999 723.74761963
0.35589999 723.90002441
0.35600001 724.05242920
0.35519999 724.20477295
0.34990001 724.35717773
0.34709999 724.50958252
0.34349999 724.66198730
0.34050000 724.81439209
0.34209999 724.96679688
0.34470001 725.11920166
0.34540001 725.27160645
0.34889999 725.42401123
0.34930000 725.57641602
0.34930000 725.72882080
0.34959999 725.88122559
0.35110000 726.03363037
0.35280001 726.18597412
0.35510001 726.33837891
0.35659999 726.49078369
0.35760000 726.64318848
0.35780001 726.79559326
0.35080001 726.94799805
0.34720001 727.10040283
0.34390000 727.25280762
0.34509999 727.40521240
0.34909999 727.55761719
0.35330001 727.71002197
0.35470000 727.86242676
0.36230001 728.01477051
0.36359999 728.16717529
0.36539999 728.31958008
0.36649999 728.47198486
0.36809999 728.62438965
0.36960000 728.77679443
0.36660001 728.92919922
0.36640000 729.08160400
0.36480001 729.23400879
0.36309999 729.38641357
0.36030000 729.53881836
0.36050001 729.69122314
0.36100000 729.84362793
0.35659999 729.99597168
0.34869999 730.14837646
0.34909999 730.30078125
0.34520000 730.45318604
0.34130001 730.60559082
0.34310001 730.75799561
0.34330001 730.91040039
0.34020001 731.06280518
0.34099999 731.21520996
0.34320000 731.36761475
0.33980000 731.52001953
0.33610001 731.67242432
0.32589999 731.82482910
0.30890000 731.97717285
0.29760000 732.12957764
0.28960001 732.28198242
0.28619999 732.43438721
0.28500000 732.58679199
0.28870001 732.73919678
0.29679999 732.89160156
0.30710000 733.04400635
0.31619999 733.19641113
0.32539999 733.34881592
0.33910000 733.50122070
0.35530001 733.65362549
0.37570000 733.80603027
0.38389999 733.95837402
0.35159999 734.11077881
0.32510000 734.26318359
0.29920000 734.41558838
0.28619999 734.56799316
0.27620000 734.72039795
0.27270001 734.87280273
0.27379999 735.02520752
0.27750000 735.17761230
0.28850001 735.33001709
0.29809999 735.48242188
0.30440000 735.63482666
0.31180000 735.78717041
0.31009999 735.93957520
0.30750000 736.09197998
0.31209999 736.24438477
0.31729999 736.39678955
0.32269999 736.54919434
0.33120000 736.70159912
0.32980001 736.85400391
0.33129999 737.00640869
0.33680001 737.15881348
0.33620000 737.31121826
0.34200001 737.46362305
0.34909999 737.61602783
0.35210001 737.76837158
0.36129999 737.92077637
0.35260001 738.07318115
0.34970000 738.22558594
0.34650001 738.37799072
0.34740001 738.53039551
0.35040000 738.68280029
0.34340000 738.83520508
0.34689999 738.98760986
0.33469999 739.14001465
0.32480001 739.29241943
0.32879999 739.44482422
0.32850000 739.59722900
0.33919999 739.74957275
0.34540001 739.90197754
0.34880000 740.05438232
0.36210001 740.20678711
0.36309999 740.35919189
0.36359999 740.51159668
0.36530000 740.66400146
0.36480001 740.81640625
0.36730000 740.96881104
0.36809999 741.12121582
0.35429999 741.27362061
0.34410000 741.42602539
0.33579999 741.57843018
0.33550000 741.73077393
0.33030000 741.88317871
0.33550000 742.03558350
0.34549999 742.18798828
0.34650001 742.34039307
0.35350001 742.49279785
0.35240000 742.64520264
0.35100001 742.79760742
0.34900001 742.95001221
0.34979999 743.10241699
0.34970000 743.25482178
0.35040000 743.40722656
0.35159999 743.55957031
0.35100001 743.71197510
0.35179999 743.86437988
0.34189999 744.01678467
0.32929999 744.16918945
0.32710001 744.32159424
0.31940001 744.47399902
0.31790000 744.62640381
0.31670001 744.77880859
0.30950001 744.93121338
0.34480000 745.08361816
0.34660000 745.23602295
0.34619999 745.38842773
0.34580001 745.54077148
0.34540001 745.69317627
0.34490001 745.84558105
0.34490001 745.99798584
0.39019999 746.15039062
0.40290001 746.30279541
0.39559999 746.45520020
0.40520000 746.60760498
0.40720001 746.76000977
0.40840000 746.91241455
0.41420001 747.06481934
0.41540000 747.21722412
0.42109999 747.36962891
0.42890000 747.52197266
0.44290000 747.67437744
0.45150000 747.82678223
0.45890000 747.97918701
0.47970000 748.13159180
0.47389999 748.28399658
0.43399999 748.43640137
0.40610000 748.58880615
0.38139999 748.74121094
0.35560000 748.89361572
0.34570000 749.04602051
0.31130001 749.19842529
0.29449999 749.35083008
0.27570000 749.50317383
0.27649999 749.65557861
0.27590001 749.80798340
0.27590001 749.96038818
0.27630001 750.11279297
0.29100001 750.26519775
0.29460001 750.41760254
0.30360001 750.57000732
0.30950001 750.72241211
0.31209999 750.87481689
0.33840001 751.02722168
0.34490001 751.17962646
0.35910001 751.33197021
0.35560000 751.48437500
0.35260001 751.63677979
0.34390000 751.78918457
0.33849999 751.94158936
0.33410001 752.09399414
0.32850000 752.24639893
0.32720000 752.39880371
0.32940000 752.55120850
0.32740000 752.70361328
0.33370000 752.85601807
0.32710001 753.00842285
0.32429999 753.16082764
0.32069999 753.31317139
0.32280001 753.46557617
0.33109999 753.61798096
0.34029999 753.77038574
0.35560000 753.92279053
0.36000001 754.07519531
0.36269999 754.22760010
0.36179999 754.38000488
0.35299999 754.53240967
0.34830001 754.68481445
0.34209999 754.83721924
0.33080000 754.98962402
0.32780001 755.14202881
0.31840000 755.29437256
0.31320000 755.44677734
0.34180000 755.59918213
0.34670001 755.75158691
0.33450001 755.90399170
0.33190000 756.05639648
0.33469999 756.20880127
0.33610001 756.36120605
0.34140000 756.51361084
0.34340000 756.66601562
0.34400001 756.81842041
0.34850001 756.97082520
0.34290001 757.12322998
0.34050000 757.27557373
0.34060001 757.42797852
0.33690000 757.58038330
0.33770001 757.73278809
0.33149999 757.88519287
0.32409999 758.03759766
0.33680001 758.19000244
0.36370000 758.34240723
0.36759999 758.49481201
0.36770001 758.64721680
0.35429999 758.79962158
0.35310000 758.95202637
0.34180000 759.10437012
0.33860001 759.25677490
0.34270000 759.40917969
0.34090000 759.56158447
0.34349999 759.71398926
0.34299999 759.86639404
0.32609999 760.01879883
0.28990000 760.17120361
0.28320000 760.32360840
0.27770001 760.47601318
0.27440000 760.62841797
0.27090001 760.78082275
0.26989999 760.93322754
0.26920000 761.08557129
0.27160001 761.23797607
0.27410001 761.39038086
0.27880001 761.54278564
0.29530001 761.69519043
0.31060001 761.84759521
0.33610001 762.00000000
0.35020000 762.15240479
0.36570001 762.30480957
0.38679999 762.45721436
0.39170000 762.60961914
0.39370000 762.76202393
0.38569999 762.91442871
0.36289999 763.06677246
0.35130000 763.21917725
0.32550001 763.37158203
0.30550000 763.52398682
0.29120001 763.67639160
0.28830001 763.82879639
0.28619999 763.98120117
0.28870001 764.13360596
0.29370001 764.28601074
0.29879999 764.43841553
0.30050001 764.59082031
0.30030000 764.74322510
0.29800001 764.89562988
0.29690000 765.04797363
0.29539999 765.20037842
0.29290000 765.35278320
0.28960001 765.50518799
0.28839999 765.65759277
0.28850001 765.80999756
0.28839999 765.96240234
0.29030001 766.11480713
0.29240000 766.26721191
0.29530001 766.41961670
0.30140001 766.57202148
0.30289999 766.72442627
0.30320001 766.87677002
0.29820001 767.02917480
0.29089999 767.18157959
0.28900000 767.33398438
0.28810000 767.48638916
0.29539999 767.63879395
0.29870000 767.79119873
0.30489999 767.94360352
0.30800000 768.09600830
0.30910000 768.24841309
0.30759999 768.40081787
0.31740001 768.55322266
0.31750000 768.70562744
0.32390001 768.85797119
0.32789999 769.01037598
0.33559999 769.16278076
0.33649999 769.31518555
0.34079999 769.46759033
0.34189999 769.61999512
0.33250001 769.77239990
0.32940000 769.92480469
0.32580000 770.07720947
0.32069999 770.22961426
0.32359999 770.38201904
0.32589999 770.53442383
0.32740000 770.68682861
0.33410001 770.83917236
0.33270001 770.99157715
0.33080000 771.14398193
0.33219999 771.29638672
0.32510000 771.44879150
0.32519999 771.60119629
0.32499999 771.75360107
0.32560000 771.90600586
0.33070001 772.05841064
0.33340001 772.21081543
0.33750001 772.36322021
0.34799999 772.51562500
0.34959999 772.66802979
0.35060000 772.82037354
0.35069999 772.97277832
0.33980000 773.12518311
0.33730000 773.27758789
0.33309999 773.42999268
0.33030000 773.58239746
0.33559999 773.73480225
0.34020001 773.88720703
0.34509999 774.03961182
0.36010000 774.19201660
0.36410001 774.34442139
0.36890000 774.49682617
0.37000000 774.64916992
0.35910001 774.80157471
0.35409999 774.95397949
0.34819999 775.10638428
0.34020001 775.25878906
0.34450001 775.41119385
0.34720001 775.56359863
0.35429999 775.71600342
0.36690000 775.86840820
0.37169999 776.02081299
0.37160000 776.17321777
0.37220001 776.32562256
0.36989999 776.47802734
0.35510001 776.63037109
0.34880000 776.78277588
0.34729999 776.93518066
0.34509999 777.08758545
0.35229999 777.23999023
0.34779999 777.39239502
0.35580000 777.54479980
0.36370000 777.69720459
0.35380000 777.84960938
0.35710001 778.00201416
0.37540001 778.15441895
0.40230000 778.30682373
0.44200000 778.45922852
0.47810000 778.61157227
0.51389998 778.76397705
0.50970000 778.91638184
0.50790000 779.06878662
0.50000000 779.22119141
0.49439999 779.37359619
0.48460001 779.52600098
0.45860001 779.67840576
0.42269999 779.83081055
0.38220000 779.98321533
0.35920000 780.13562012
0.33800000 780.28802490
0.32609999 780.44042969
0.30180001 780.59277344
0.29300001 780.74517822
0.28560001 780.89758301
0.26460001 781.04998779
0.26210001 781.20239258
0.25549999 781.35479736
0.25450000 781.50720215
0.25409999 781.65960693
0.25950000 781.81201172
0.26330000 781.96441650
0.27759999 782.11682129
0.29420000 782.26922607
0.31009999 782.42156982
0.31610000 782.57397461
0.33210000 782.72637939
0.33649999 782.87878418
0.34009999 783.03118896
0.34360000 783.18359375
0.35030001 783.33599854
0.35240000 783.48840332
0.35370001 783.64080811
0.34639999 783.79321289
0.34160000 783.94561768
0.34400001 784.09802246
0.34709999 784.25042725
0.35519999 784.40277100
0.36109999 784.55517578
0.36780000 784.70758057
0.36600000 784.85998535
0.36280000 785.01239014
0.36489999 785.16479492
0.36610001 785.31719971
0.37029999 785.46960449
0.37900001 785.62200928
0.37059999 785.77441406
0.36980000 785.92681885
0.36600000 786.07922363
0.36300001 786.23162842
0.36129999 786.38397217
0.36160001 786.53637695
0.34180000 786.68878174
0.31979999 786.84118652
0.30000001 786.99359131
0.28909999 787.14599609
0.30599999 787.29840088
0.31659999 787.45080566
0.33019999 787.60321045
0.35210001 787.75561523
0.34889999 787.90802002
0.34840000 788.06042480
0.34760001 788.21282959
0.34959999 788.36517334
0.35569999 788.51757812
0.34900001 788.66998291
0.34729999 788.82238770
0.34480000 788.97479248
0.34029999 789.12719727
0.34050000 789.27960205
0.33160001 789.43200684
0.30790001 789.58441162
0.27000001 789.73681641
0.26240000 789.88922119
0.25990000 790.04162598
0.25909999 790.19396973
0.26040000 790.34637451
0.26150000 790.49877930
0.26390001 790.65118408
0.27149999 790.80358887
0.27880001 790.95599365
0.28560001 791.10839844
0.29400000 791.26080322
0.31880000 791.41320801
0.34680000 791.56561279
0.37110001 791.71801758
0.38209999 791.87042236
0.37250000 792.02282715
0.34999999 792.17517090
0.32370001 792.32757568
0.29240000 792.47998047
0.28110000 792.63238525
0.27700001 792.78479004
0.27120000 792.93719482
0.27000001 793.08959961
0.26899999 793.24200439
0.26640001 793.39440918
0.26240000 793.54681396
0.25950000 793.69921875
0.25540000 793.85162354
0.25490001 794.00402832
0.25569999 794.15637207
0.25650001 794.30877686
0.25780001 794.46118164
0.26019999 794.61358643
0.26249999 794.76599121
0.26660001 794.91839600
0.27570000 795.07080078
0.28060001 795.22320557
0.29089999 795.37561035
0.29650000 795.52801514
0.30419999 795.68041992
0.31050000 795.83282471
0.31600001 795.98522949
0.31970000 796.13757324
0.31999999 796.28997803
0.32229999 796.44238281
0.32429999 796.59478760
0.32720000 796.74719238
0.33410001 796.89959717
0.33539999 797.05200195
0.33759999 797.20440674
0.33989999 797.35681152
0.34220001 797.50921631
0.34560001 797.66162109
0.34729999 797.81402588
0.34920001 797.96636963
0.35280001 798.11877441
0.35389999 798.27117920
0.35389999 798.42358398
0.35830000 798.57598877
0.35910001 798.72839355
0.36430001 798.88079834
0.36520001 799.03320312
0.36469999 799.18560791
0.36600000 799.33801270
0.36210001 799.49041748
0.36039999 799.64282227
0.36000001 799.79522705
0.35679999 799.94757080
0.35640001 800.09997559
0.35510001 800.25238037
0.35450000 800.40478516
0.35530001 800.55718994
0.35630000 800.70959473
0.36019999 800.86199951
0.36680001 801.01440430
0.37020001 801.16680908
0.37169999 801.31921387
0.37279999 801.47161865
0.37470001 801.62402344
0.37430000 801.77642822
0.37470001 801.92877197
0.37599999 802.08117676
0.37410000 802.23358154
0.37320000 802.38598633
0.37360001 802.53839111
0.37200001 802.69079590
0.37169999 802.84320068
0.37300000 802.99560547
0.37270001 803.14801025
0.37160000 803.30041504
0.36860001 803.45281982
0.36600000 803.60522461
0.36300001 803.75762939
0.35679999 803.90997314
0.35679999 804.06237793
0.36080000 804.21478271
0.36340001 804.36718750
0.36489999 804.51959229
0.36570001 804.67199707
0.36440000 804.82440186
0.36129999 804.97680664
0.35839999 805.12921143
0.35850000 805.28161621
0.35969999 805.43402100
0.36289999 805.58642578
0.36449999 805.73876953
0.36280000 805.89117432
0.36219999 806.04357910
0.35969999 806.19598389
0.35650000 806.34838867
0.35920000 806.50079346
0.35730001 806.65319824
0.35720000 806.80560303
0.35839999 806.95800781
0.35400000 807.11041260
0.35380000 807.26281738
0.35100001 807.41522217
0.35380000 807.56762695
0.35270000 807.71997070
0.35270000 807.87237549
0.35260001 808.02478027
0.35040000 808.17718506
0.34850001 808.32958984
0.34529999 808.48199463
0.34650001 808.63439941
0.34599999 808.78680420
0.34639999 808.93920898
0.34639999 809.09161377
0.34509999 809.24401855
0.34419999 809.39642334
0.34400001 809.54882812
0.34340000 809.70117188
0.34459999 809.85357666
0.34520000 810.00598145
0.34310001 810.15838623
0.34549999 810.31079102
0.34430000 810.46319580
0.34660000 810.61560059
0.34810001 810.76800537
0.34810001 810.92041016
0.34889999 811.07281494
0.34209999 811.22521973
0.33899999 811.37762451
0.33669999 811.53002930
0.33610001 811.68237305
0.33759999 811.83477783
0.34299999 811.98718262
0.35100001 812.13958740
0.35299999 812.29199219
0.35409999 812.44439697
0.35490000 812.59680176
0.35499999 812.74920654
0.36399999 812.90161133
0.37410000 813.05401611
0.38159999 813.20642090
0.38880000 813.35882568
0.39109999 813.51123047
0.38999999 813.66357422
0.43360001 813.81597900
0.45960000 813.96838379
0.49480000 814.12078857
0.54079998 814.27319336
0.56349999 814.42559814
0.57819998 814.57800293
0.57789999 814.73040771
0.57249999 814.88281250
0.56950003 815.03521729
0.55549997 815.18762207
0.54680002 815.34002686
0.50279999 815.49237061
0.45770001 815.64477539
0.42989999 815.79718018
0.39480001 815.94958496
0.36330000 816.10198975
0.34580001 816.25439453
0.33419999 816.40679932
0.31580001 816.55920410
0.30970001 816.71160889
0.30469999 816.86401367
0.30190000 817.01641846
0.30059999 817.16882324
0.29870000 817.32122803
0.29560000 817.47357178
0.29519999 817.62597656
0.29539999 817.77838135
0.29740000 817.93078613
0.29949999 818.08319092
0.30170000 818.23559570
0.30430001 818.38800049
0.30590001 818.54040527
0.30800000 818.69281006
0.31079999 818.84521484
0.31720001 818.99761963
0.32720000 819.15002441
0.33690000 819.30242920
0.34810001 819.45477295
0.35120001 819.60717773
0.35760000 819.75958252
0.36129999 819.91198730
0.36219999 820.06439209
0.36420000 820.21679688
0.36460000 820.36920166
0.36610001 820.52160645
0.36730000 820.67401123
0.36759999 820.82641602
0.36750001 820.97882080
0.36640000 821.13122559
0.36840001 821.28363037
0.36870000 821.43597412
0.36960000 821.58837891
0.35920000 821.74078369
0.34040001 821.89318848
0.32280001 822.04559326
0.30399999 822.19799805
0.28830001 822.35040283
0.28500000 822.50280762
0.27540001 822.65521240
0.27149999 822.80761719
0.26870000 822.96002197
0.26690000 823.11242676
0.26820001 823.26477051
0.26899999 823.41717529
0.27070001 823.56958008
0.27250001 823.72198486
0.27669999 823.87438965
0.28380001 824.02679443
0.29040000 824.17919922
0.29920000 824.33160400
0.30430001 824.48400879
0.30980000 824.63641357
0.31569999 824.78881836
0.32260001 824.94122314
0.33070001 825.09362793
0.33629999 825.24597168
0.34209999 825.39837646
0.34590000 825.55078125
0.34729999 825.70318604
0.34850001 825.85559082
0.35229999 826.00799561
0.35900000 826.16040039
0.36289999 826.31280518
0.36669999 826.46520996
0.36739999 826.61761475
0.36620000 826.77001953
0.36440000 826.92242432
0.35960001 827.07482910
0.35640001 827.22717285
0.35490000 827.37957764
0.35240000 827.53198242
0.35270000 827.68438721
0.35499999 827.83679199
0.35859999 827.98919678
0.36240000 828.14160156
0.36480001 828.29400635
0.36790001 828.44641113
0.36829999 828.59881592
0.36930001 828.75122070
0.37320000 828.90362549
0.37300000 829.05603027
0.37470001 829.20837402
0.37619999 829.36077881
0.37709999 829.51318359
0.37889999 829.66558838
0.38190001 829.81799316
0.38249999 829.97039795
0.38409999 830.12280273
0.38690001 830.27520752
0.38679999 830.42761230
0.38679999 830.58001709
0.38810000 830.73242188
0.38740000 830.88482666
0.38569999 831.03717041
0.38460001 831.18957520
0.38290000 831.34197998
0.38150001 831.49438477
0.38270000 831.64678955
0.38360000 831.79919434
0.38530001 831.95159912
0.38589999 832.10400391
0.38569999 832.25640869
0.38450000 832.40881348
0.38400000 832.56121826
0.38339999 832.71362305
0.38249999 832.86602783
0.38290000 833.01837158
0.38339999 833.17077637
0.38620001 833.32318115
0.38940001 833.47558594
0.39340001 833.62799072
0.39840001 833.78039551
0.40160000 833.93280029
0.40230000 834.08520508
0.40079999 834.23760986
0.39700001 834.39001465
0.39359999 834.54241943
0.38920000 834.69482422
0.38820001 834.84722900
0.38909999 834.99957275
0.39060000 835.15197754
0.39440000 835.30438232
0.40590000 835.45678711
0.40920001 835.60919189
0.41659999 835.76159668
0.41880000 835.91400146
0.45140001 836.06640625
0.47740000 836.21881104
0.51059997 836.37121582
0.53689998 836.52362061
0.55330002 836.67602539
0.55750000 836.82843018
0.55870003 836.98077393
0.54060000 837.13317871
0.51510000 837.28558350
0.46370000 837.43798828
0.41760001 837.59039307
0.38429999 837.74279785
0.33210000 837.89520264
0.30950001 838.04760742
0.28450000 838.20001221
0.27990001 838.35241699
0.27720001 838.50482178
0.27680001 838.65722656
0.27680001 838.80957031
0.27710000 838.96197510
0.27750000 839.11437988
0.27779999 839.26678467
0.27840000 839.41918945
0.28020000 839.57159424
0.28510001 839.72399902
0.29120001 839.87640381
0.30309999 840.02880859
0.31220001 840.18121338
0.31729999 840.33361816
0.32249999 840.48602295
0.34020001 840.63842773
0.35020000 840.79077148
0.36700001 840.94317627
0.37329999 841.09558105
0.37279999 841.24798584
0.37259999 841.40039062
0.37369999 841.55279541
0.37230000 841.70520020
0.37369999 841.85760498
0.37430000 842.01000977
0.37480000 842.16241455
0.37650001 842.31481934
0.37580001 842.46722412
0.37639999 842.61962891
0.37630001 842.77197266
0.37540001 842.92437744
0.37580001 843.07678223
0.37400001 843.22918701
0.37180001 843.38159180
0.36960000 843.53399658
0.36660001 843.68640137
0.36530000 843.83880615
0.37189999 843.99121094
0.37639999 844.14361572
0.38020000 844.29602051
0.38360000 844.44842529
0.38460001 844.60083008
0.39080000 844.75317383
0.39260000 844.90557861
0.39570001 845.05798340
0.39350000 845.21038818
0.38730001 845.36279297
0.38429999 845.51519775
0.37740001 845.66760254
0.37549999 845.82000732
0.37599999 845.97241211
0.37740001 846.12481689
0.38049999 846.27722168
0.38970000 846.42962646
0.39590001 846.58197021
0.40130001 846.73437500
0.40799999 846.88677979
0.39809999 847.03918457
0.38960001 847.19158936
0.37869999 847.34399414
0.37160000 847.49639893
0.37689999 847.64880371
0.38409999 847.80120850
0.39219999 847.95361328
0.39359999 848.10601807
0.39690000 848.25842285
0.39660001 848.41082764
0.39410001 848.56317139
0.39240000 848.71557617
0.38740000 848.86798096
0.38460001 849.02038574
0.37970001 849.17279053
0.37430000 849.32519531
0.37290001 849.47760010
0.37169999 849.63000488
0.37029999 849.78240967
0.37070000 849.93481445
0.37160000 850.08721924
0.36480001 850.23962402
0.35400000 850.39202881
0.34709999 850.54437256
0.32490000 850.69677734
0.30320001 850.84918213
0.28929999 851.00158691
0.26390001 851.15399170
0.25970000 851.30639648
0.25389999 851.45880127
0.25330001 851.61120605
0.25200000 851.76361084
0.25279999 851.91601562
0.25330001 852.06842041
0.25450000 852.22082520
0.25720000 852.37322998
0.25860000 852.52557373
0.26150000 852.67797852
0.26300001 852.83038330
0.26480001 852.98278809
0.26589999 853.13519287
0.26920000 853.28759766
0.27090001 853.44000244
0.27489999 853.59240723
0.28349999 853.74481201
0.28929999 853.89721680
0.29980001 854.04962158
0.30660000 854.20202637
0.31410000 854.35437012
0.32120001 854.50677490
0.32440001 854.65917969
0.33080000 854.81158447
0.33390000 854.96398926
0.33770001 855.11639404
0.34330001 855.26879883
0.34369999 855.42120361
0.34330001 855.57360840
0.34430000 855.72601318
0.34209999 855.87841797
0.34220001 856.03082275
0.34200001 856.18322754
0.34500000 856.33557129
0.34909999 856.48797607
0.35560000 856.64038086
0.35960001 856.79278564
0.36800000 856.94519043
0.36649999 857.09759521
0.36350000 857.25000000
0.36039999 857.40240479
0.35699999 857.55480957
0.35220000 857.70721436
0.34869999 857.85961914
0.34729999 858.01202393
0.34900001 858.16442871
0.34959999 858.31677246
0.35159999 858.46917725
0.35389999 858.62158203
0.35949999 858.77398682
0.36420000 858.92639160
0.36700001 859.07879639
0.37149999 859.23120117
0.37599999 859.38360596
0.37619999 859.53601074
0.37770000 859.68841553
0.37830001 859.84082031
0.37639999 859.99322510
0.37430000 860.14562988
0.37009999 860.29797363
0.36129999 860.45037842
0.35720000 860.60278320
0.35280001 860.75518799
0.35049999 860.90759277
0.35150000 861.05999756
0.35409999 861.21240234
0.35630000 861.36480713
0.35910001 861.51721191
0.36399999 861.66961670
0.36870000 861.82202148
0.38220000 861.97442627
0.38510001 862.12677002
0.38990000 862.27917480
0.39340001 862.43157959
0.39240000 862.58398438
0.39399999 862.73638916
0.39340001 862.88879395
0.39050001 863.04119873
0.39019999 863.19360352
0.39179999 863.34600830
0.39320001 863.49841309
0.39500001 863.65081787
0.39840001 863.80322266
0.40160000 863.95562744
0.40220001 864.10797119
0.40020001 864.26037598
0.39840001 864.41278076
0.39730000 864.56518555
0.39579999 864.71759033
0.39460000 864.86999512
0.39530000 865.02239990
0.39350000 865.17480469
0.39690000 865.32720947
0.39890000 865.47961426
0.40270001 865.63201904
0.40189999 865.78442383
0.39730000 865.93682861
0.39070001 866.08917236
0.38679999 866.24157715
0.37869999 866.39398193
0.37650001 866.54638672
0.37850001 866.69879150
0.38240001 866.85119629
0.38909999 867.00360107
0.40009999 867.15600586
0.40239999 867.30841064
0.40380001 867.46081543
0.40140000 867.61322021
0.39530000 867.76562500
0.38990000 867.91802979
0.38280001 868.07037354
0.37860000 868.22277832
0.38490000 868.37518311
0.39109999 868.52758789
0.39620000 868.67999268
0.40220001 868.83239746
0.40930000 868.98480225
0.40910000 869.13720703
0.40810001 869.28961182
0.40759999 869.44201660
0.40630001 869.59442139
0.40590000 869.74682617
0.40610000 869.89916992
0.41010001 870.05157471
0.41610000 870.20397949
0.41949999 870.35638428
0.42330000 870.50878906
0.42539999 870.66119385
0.42160001 870.81359863
0.41679999 870.96600342
0.40959999 871.11840820
0.40750000 871.27081299
0.40470001 871.42321777
0.41389999 871.57562256
0.41980001 871.72802734
0.42680001 871.88037109
0.43349999 872.03277588
0.43570000 872.18518066
0.43380001 872.33758545
0.43410000 872.48999023
0.43320000 872.64239502
0.43430001 872.79479980
0.43900001 872.94720459
0.44010001 873.09960938
0.43959999 873.25201416
0.43660000 873.40441895
0.43399999 873.55682373
0.42809999 873.70922852
0.42039999 873.86157227
0.41650000 874.01397705
0.41370001 874.16638184
0.41389999 874.31878662
0.41409999 874.47119141
0.42690000 874.62359619
0.43820000 874.77600098
0.43669999 874.92840576
0.43480000 875.08081055
0.42989999 875.23321533
0.42350000 875.38562012
0.42309999 875.53802490
0.42250001 875.69042969
0.43180001 875.84277344
0.43660000 875.99517822
0.44000000 876.14758301
0.44530001 876.29998779
0.44310001 876.45239258
0.44380000 876.60479736
0.44170001 876.75720215
0.43340001 876.90960693
0.43070000 877.06201172
0.42219999 877.21441650
0.42060000 877.36682129
0.42089999 877.51922607
0.41839999 877.67156982
0.41450000 877.82397461
0.40959999 877.97637939
0.40250000 878.12878418
0.39680001 878.28118896
0.38960001 878.43359375
0.38429999 878.58599854
0.38240001 878.73840332
0.37459999 878.89080811
0.35440001 879.04321289
0.33510000 879.19561768
0.30930001 879.34802246
0.28670001 879.50042725
0.27020001 879.65277100
0.27289999 879.80517578
0.27440000 879.95758057
0.27520001 880.10998535
0.27570000 880.26239014
0.27630001 880.41479492
0.27739999 880.56719971
0.27790001 880.71960449
0.27750000 880.87200928
0.27790001 881.02441406
0.27610001 881.17681885
0.27399999 881.32922363
0.27460000 881.48162842
0.27820000 881.63397217
0.28540000 881.78637695
0.29280001 881.93878174
0.29679999 882.09118652
0.30160001 882.24359131
0.31020001 882.39599609
0.31330001 882.54840088
0.31670001 882.70080566
0.31799999 882.85321045
0.31959999 883.00561523
0.32370001 883.15802002
0.33100000 883.31042480
0.33660001 883.46282959
0.33899999 883.61517334
0.34490001 883.76757812
0.34580001 883.91998291
0.35690001 884.07238770
0.36160001 884.22479248
0.36550000 884.37719727
0.36219999 884.52960205
0.36070001 884.68200684
0.35859999 884.83441162
0.35380000 884.98681641
0.35080001 885.13922119
0.34979999 885.29162598
0.34570000 885.44396973
0.34340000 885.59637451
0.34250000 885.74877930
0.34310001 885.90118408
0.34680000 886.05358887
0.35470000 886.20599365
0.36010000 886.35839844
0.36149999 886.51080322
0.36179999 886.66320801
0.36039999 886.81561279
0.35879999 886.96801758
0.35820001 887.12042236
0.36000001 887.27282715
0.36000001 887.42517090
0.35990000 887.57757568
0.36000001 887.72998047
0.35859999 887.88238525
0.35870001 888.03479004
0.35859999 888.18719482
0.35990000 888.33959961
0.35969999 888.49200439
0.35960001 888.64440918
0.36160001 888.79681396
0.36240000 888.94921875
0.36640000 889.10162354
0.36559999 889.25402832
0.36640000 889.40637207
0.36590001 889.55877686
0.36430001 889.71118164
0.36230001 889.86358643
0.35949999 890.01599121
0.36210001 890.16839600
0.36420000 890.32080078
0.36960000 890.47320557
0.37270001 890.62561035
0.37450001 890.77801514
0.37349999 890.93041992
0.36739999 891.08282471
0.36199999 891.23522949
0.35710001 891.38757324
0.35200000 891.53997803
0.35229999 891.69238281
0.35190001 891.84478760
0.35190001 891.99719238
0.35429999 892.14959717
0.35630000 892.30200195
0.35960001 892.45440674
0.36260000 892.60681152
0.36660001 892.75921631
0.36629999 892.91162109
0.36640000 893.06402588
0.36690000 893.21636963
0.36530000 893.36877441
0.36480001 893.52117920
0.36370000 893.67358398
0.35879999 893.82598877
0.35670000 893.97839355
0.35319999 894.13079834
0.35170001 894.28320312
0.34930000 894.43560791
0.34850001 894.58801270
0.34779999 894.74041748
0.34660000 894.89282227
0.34670001 895.04522705
0.34650001 895.19757080
0.34689999 895.34997559
0.34689999 895.50238037
