75.19999695 344.27160645
75.19999695 344.42401123
75.19999695 344.57638550
75.19999695 344.72879028
75.19999695 344.88119507
75.19999695 345.03359985
76.41120148 345.18600464
77.00000000 345.33840942
77.00000000 345.49081421
77.00000000 345.64318848
77.00000000 345.79559326
77.00000000 345.94799805
77.00000000 346.10040283
77.19999695 346.25280762
77.40000153 346.40521240
77.59999847 346.55758667
77.80000305 346.70999146
78.00000000 346.86239624
78.19999695 347.01480103
78.40000153 347.16720581
78.59999847 347.31961060
78.80000305 347.47198486
78.80000305 347.62438965
78.80000305 347.77679443
78.80000305 347.92919922
78.80000305 348.08160400
78.80000305 348.23400879
78.80000305 348.38641357
78.80000305 348.53878784
78.80000305 348.69119263
78.80000305 348.84359741
78.80000305 348.99600220
78.80000305 349.14840698
78.80000305 349.30081177
78.80000305 349.45318604
78.80000305 349.60559082
78.80000305 349.75799561
78.80000305 349.91040039
78.80000305 350.06280518
78.80000305 350.21520996
78.80000305 350.36761475
78.80000305 350.51998901
78.80000305 350.67239380
78.80000305 350.82479858
78.80000305 350.97720337
78.80000305 351.12960815
78.80000305 351.28201294
78.80000305 351.43438721
78.80000305 351.58679199
78.80000305 351.73919678
78.80000305 351.89160156
78.80000305 352.04400635
78.80000305 352.19641113
78.80000305 352.34878540
78.80000305 352.50119019
78.80000305 352.65359497
78.80000305 352.80599976
78.80000305 352.95840454
78.80000305 353.11080933
78.80000305 353.26321411
78.80000305 353.41558838
78.80000305 353.56799316
78.80000305 353.72039795
78.80000305 353.87280273
78.80000305 354.02520752
78.80000305 354.17761230
78.80000305 354.32998657
78.80000305 354.48239136
78.80000305 354.63479614
78.80000305 354.78720093
78.80000305 354.93960571
78.80000305 355.09201050
78.80000305 355.24438477
78.80000305 355.39678955
78.80000305 355.54919434
78.80000305 355.70159912
78.80000305 355.85400391
78.80000305 356.00640869
78.80000305 356.15881348
78.80000305 356.31118774
78.80000305 356.46359253
78.80000305 356.61599731
78.80000305 356.76840210
78.80000305 356.92080688
78.80000305 357.07321167
78.80000305 357.22558594
78.80000305 357.37799072
78.80000305 357.53039551
78.80000305 357.68280029
78.80000305 357.83520508
78.80000305 357.98760986
78.80000305 358.14001465
78.80000305 358.29238892
78.80000305 358.44479370
78.80000305 358.59719849
78.80000305 358.74960327
78.80000305 358.90200806
78.80000305 359.05441284
78.80000305 359.20678711
78.80000305 359.35919189
78.80000305 359.51159668
78.80000305 359.66400146
78.80000305 359.81640625
78.80000305 359.96881104
78.80000305 360.12118530
78.80000305 360.27359009
78.80000305 360.42599487
78.80000305 360.57839966
78.80000305 360.73080444
78.80000305 360.88320923
78.80000305 361.03561401
78.80000305 361.18798828
78.80000305 361.34039307
78.80000305 361.49279785
78.80000305 361.64520264
78.80000305 361.79760742
78.80000305 361.95001221
78.80000305 362.10238647
78.80000305 362.25479126
78.80000305 362.40719604
78.80000305 362.55960083
78.80000305 362.71200562
78.80000305 362.86441040
78.80000305 363.01681519
78.80000305 363.16918945
78.80000305 363.32159424
78.80000305 363.47399902
78.80000305 363.62640381
78.80000305 363.77880859
78.80000305 363.93121338
78.80000305 364.08358765
78.80000305 364.23599243
78.80000305 364.38839722
78.80000305 364.54080200
78.80000305 364.69320679
78.80000305 364.84561157
78.80000305 364.99798584
78.80000305 365.15039062
78.80000305 365.30279541
78.80000305 365.45520020
78.80000305 365.60760498
78.80000305 365.76000977
78.80000305 365.91241455
78.80000305 366.06478882
78.80000305 366.21719360
78.80000305 366.36959839
78.80000305 366.52200317
78.80000305 366.67440796
78.80000305 366.82681274
78.80000305 366.97918701
78.80000305 367.13159180
78.80000305 367.28399658
78.80000305 367.43640137
78.80000305 367.58880615
78.80000305 367.74121094
78.80000305 367.89358521
78.80000305 368.04598999
78.80000305 368.19839478
78.80000305 368.35079956
78.80000305 368.50320435
78.80000305 368.65560913
78.80000305 368.80801392
78.80000305 368.96038818
78.80000305 369.11279297
78.00630188 369.26519775
77.00000000 369.41760254
77.00000000 369.57000732
77.00000000 369.72241211
77.00000000 369.87478638
77.00000000 370.02719116
77.00000000 370.17959595
77.03910065 370.33200073
77.07830048 370.48440552
77.11740112 370.63681030
77.15650177 370.78921509
77.19570160 370.94158936
77.23480225 371.09399414
77.27390289 371.24639893
77.31300354 371.39880371
77.35220337 371.55120850
77.39129639 371.70361328
77.43039703 371.85598755
77.46959686 372.00839233
77.50869751 372.16079712
77.54779816 372.31320190
77.58699799 372.46560669
77.62609863 372.61801147
77.66519928 372.77038574
77.70429993 372.92279053
77.74349976 373.07519531
77.78260040 373.22760010
77.82170105 373.38000488
77.86090088 373.53240967
77.90000153 373.68481445
77.93910217 373.83718872
77.97830200 373.98959351
78.01740265 374.14199829
78.05650330 374.29440308
78.09570312 374.44680786
78.13480377 374.59921265
78.17389679 374.75158691
78.21299744 374.90399170
78.25219727 375.05639648
78.29129791 375.20880127
78.33039856 375.36120605
78.36959839 375.51361084
78.40869904 375.66598511
78.44779968 375.81838989
78.48699951 375.97079468
78.52610016 376.12319946
78.56520081 376.27560425
78.60430145 376.42800903
78.64350128 376.58041382
78.68260193 376.73278809
78.72170258 376.88519287
78.76090240 377.03759766
78.80000305 377.19000244
78.80000305 377.34240723
78.80000305 377.49481201
78.80000305 377.64718628
78.80000305 377.79959106
78.80000305 377.95199585
78.67140198 378.10440063
78.54290009 378.25680542
78.41429901 378.40921021
78.28569794 378.56161499
78.15709686 378.71398926
78.02860260 378.86639404
77.90000153 379.01879883
77.77140045 379.17120361
77.64289856 379.32360840
77.51429749 379.47601318
77.38569641 379.62838745
77.25710297 379.78079224
77.12860107 379.93319702
77.00000000 380.08560181
77.00000000 380.23800659
77.66699982 380.39041138
77.66699982 380.54278564
77.93440247 380.69519043
78.13300323 380.84759521
78.13300323 381.00000000
78.80000305 381.15240479
78.80000305 381.30480957
77.90000153 381.45721436
77.00000000 381.60958862
76.24369812 381.76199341
76.24369812 381.91439819
75.88659668 382.06680298
75.72660065 382.21920776
75.55180359 382.37161255
75.19999695 382.52398682
75.19999695 382.67639160
75.19999695 382.82879639
75.19999695 382.98120117
75.19999695 383.13360596
75.19999695 383.28601074
75.19999695 383.43838501
75.19999695 383.59078979
75.19999695 383.74319458
75.19999695 383.89559937
75.19999695 384.04800415
75.19999695 384.20040894
75.19999695 384.35281372
75.19999695 384.50518799
75.19999695 384.65759277
75.19999695 384.80999756
75.19999695 384.96240234
75.19999695 385.11480713
75.19999695 385.26721191
75.19999695 385.41958618
75.19999695 385.57199097
75.19999695 385.72439575
75.19999695 385.87680054
75.19999695 386.02920532
75.19999695 386.18161011
75.19999695 386.33401489
75.19999695 386.48638916
75.19999695 386.63879395
75.19999695 386.79119873
75.19999695 386.94360352
75.19999695 387.09600830
75.19999695 387.24841309
75.19999695 387.40078735
75.19999695 387.55319214
75.19999695 387.70559692
75.19999695 387.85800171
75.19999695 388.01040649
75.19999695 388.16281128
75.19999695 388.31518555
75.19999695 388.46759033
75.19999695 388.61999512
75.19999695 388.77239990
75.19999695 388.92480469
75.19999695 389.07720947
75.19999695 389.22961426
75.19999695 389.38198853
75.19999695 389.53439331
75.03880310 389.68679810
74.92900085 389.83920288
74.77390289 389.99160767
74.47329712 390.14401245
74.47329712 390.29638672
74.25569916 390.44879150
71.60549927 390.60119629
72.26850128 390.75360107
72.26850128 390.90600586
72.26850128 391.05841064
72.73149872 391.21078491
73.31500244 391.36318970
73.62719727 391.51559448
75.19999695 391.66799927
75.19999695 391.82040405
75.19999695 391.97280884
75.19999695 392.12521362
75.19999695 392.27758789
74.42859650 392.42999268
73.65709686 392.58239746
72.88569641 392.73480225
72.11430359 392.88720703
71.34290314 393.03961182
70.57140350 393.19198608
69.80000305 393.34439087
69.80000305 393.49679565
69.80000305 393.64920044
69.80000305 393.80160522
69.80000305 393.95401001
69.80000305 394.10641479
69.80000305 394.25878906
69.80000305 394.41119385
69.80000305 394.56359863
69.80000305 394.71600342
69.80000305 394.86840820
69.80000305 395.02081299
69.80000305 395.17318726
69.80000305 395.32559204
69.80000305 395.47799683
69.80000305 395.63040161
69.80000305 395.78280640
69.80000305 395.93521118
69.80000305 396.08758545
69.80000305 396.23999023
69.80000305 396.39239502
69.80000305 396.54479980
69.80000305 396.69720459
69.80000305 396.84960938
69.80000305 397.00201416
69.80000305 397.15438843
69.80000305 397.30679321
69.80000305 397.45919800
69.80000305 397.61160278
69.80000305 397.76400757
69.80000305 397.91641235
69.80000305 398.06878662
69.80000305 398.22119141
69.80000305 398.37359619
69.80000305 398.52600098
69.80000305 398.67840576
69.80000305 398.83081055
69.80000305 398.98318481
69.80000305 399.13558960
69.80000305 399.28799438
69.80000305 399.44039917
69.80000305 399.59280396
69.80000305 399.74520874
69.80000305 399.89761353
69.80000305 400.04998779
69.80000305 400.20239258
69.80000305 400.35479736
69.80000305 400.50720215
69.80000305 400.65960693
69.80000305 400.81201172
69.80000305 400.96438599
69.80000305 401.11679077
69.80000305 401.26919556
69.80000305 401.42160034
70.09999847 401.57400513
70.40000153 401.72640991
70.69999695 401.87881470
71.00000000 402.03118896
71.30000305 402.18359375
71.59999847 402.33599854
71.59999847 402.48840332
71.59999847 402.64080811
71.59999847 402.79321289
71.59999847 402.94558716
71.59999847 403.09799194
71.59999847 403.25039673
71.59999847 403.40280151
71.59999847 403.55520630
71.59999847 403.70761108
71.59999847 403.85998535
71.59999847 404.01239014
71.59999847 404.16479492
71.59999847 404.31719971
71.59999847 404.46960449
71.59999847 404.62200928
71.59999847 404.77441406
71.59999847 404.92678833
71.59999847 405.07919312
71.59999847 405.23159790
71.59999847 405.38400269
71.59999847 405.53640747
71.59999847 405.68881226
71.59999847 405.84118652
71.59999847 405.99359131
71.59999847 406.14599609
71.59999847 406.29840088
71.75000000 406.45080566
71.90000153 406.60321045
72.05000305 406.75561523
72.19999695 406.90798950
72.34999847 407.06039429
72.50000000 407.21279907
72.65000153 407.36520386
72.80000305 407.51760864
72.94999695 407.67001343
73.09999847 407.82238770
73.25000000 407.97479248
73.40000153 408.12719727
73.40000153 408.27960205
73.40000153 408.43200684
73.40000153 408.58441162
73.40000153 408.73678589
73.40000153 408.88919067
73.40000153 409.04159546
73.40000153 409.19400024
73.40000153 409.34640503
73.40000153 409.49880981
73.96440125 409.65121460
73.96440125 409.80358887
74.24669647 409.95599365
74.45600128 410.10839844
74.63420105 410.26080322
74.98079681 410.41320801
75.19999695 410.56561279
75.19999695 410.71798706
75.19999695 410.87039185
75.19999695 411.02279663
75.19999695 411.17520142
75.19999695 411.32760620
75.19999695 411.48001099
75.19999695 411.63238525
75.19999695 411.78479004
75.19999695 411.93719482
75.19999695 412.08959961
75.19999695 412.24200439
75.19999695 412.39440918
75.19999695 412.54681396
75.19999695 412.69918823
75.19999695 412.85159302
75.19999695 413.00399780
75.19999695 413.15640259
75.19999695 413.30880737
75.19999695 413.46121216
75.19999695 413.61358643
75.19999695 413.76599121
75.19999695 413.91839600
75.19999695 414.07080078
75.19999695 414.22320557
75.19999695 414.37561035
75.19999695 414.52801514
75.19999695 414.68038940
75.19999695 414.83279419
75.19999695 414.98519897
75.19999695 415.13760376
75.19999695 415.29000854
75.19999695 415.44241333
75.19999695 415.59478760
75.19999695 415.74719238
75.19999695 415.89959717
75.19999695 416.05200195
75.19999695 416.20440674
75.19999695 416.35681152
75.37999725 416.50918579
75.55999756 416.66159058
75.73999786 416.81399536
75.91999817 416.96640015
76.09999847 417.11880493
76.27999878 417.27120972
76.45999908 417.42361450
76.63999939 417.57598877
76.81999969 417.72839355
77.00000000 417.88079834
77.00000000 418.03320312
77.00000000 418.18560791
76.31900024 418.33801270
76.04409790 418.49038696
75.89379883 418.64279175
75.57399750 418.79519653
75.52580261 418.94760132
75.52580261 419.10000610
75.19999695 419.25241089
75.19999695 419.40478516
75.19999695 419.55718994
75.19999695 419.70959473
75.19999695 419.86199951
75.19999695 420.01440430
75.19999695 420.16680908
75.19999695 420.31921387
75.19999695 420.47158813
75.19999695 420.62399292
75.19999695 420.77639771
75.19999695 420.92880249
75.19999695 421.08120728
75.19999695 421.23361206
75.19999695 421.38598633
75.19999695 421.53839111
75.19999695 421.69079590
75.19999695 421.84320068
75.19999695 421.99560547
75.19999695 422.14801025
75.19999695 422.30041504
75.19999695 422.45278931
75.19999695 422.60519409
75.19999695 422.75759888
75.19999695 422.91000366
75.19999695 423.06240845
75.19999695 423.21481323
75.19999695 423.36718750
75.19999695 423.51959229
75.29470062 423.67199707
75.38950348 423.82440186
75.48419952 423.97680664
75.57890320 424.12921143
75.67369843 424.28158569
75.76840210 424.43399048
75.86319733 424.58639526
75.95790100 424.73880005
76.05259705 424.89120483
76.14739990 425.04360962
76.24210358 425.19601440
76.33679962 425.34838867
76.43160248 425.50079346
76.52629852 425.65319824
76.62110138 425.80560303
76.71579742 425.95800781
76.81050110 426.11041260
76.90529633 426.26278687
77.00000000 426.41519165
77.00000000 426.56759644
77.00000000 426.72000122
77.00000000 426.87240601
77.00000000 427.02481079
77.00000000 427.17718506
77.00000000 427.32958984
77.00000000 427.48199463
77.00000000 427.63439941
77.00000000 427.78680420
77.00000000 427.93920898
77.00000000 428.09161377
77.00000000 428.24398804
77.00000000 428.39639282
77.00000000 428.54879761
77.00000000 428.70120239
77.00000000 428.85360718
77.00000000 429.00601196
77.00000000 429.15838623
77.00000000 429.31079102
77.00000000 429.46319580
77.00000000 429.61560059
77.00000000 429.76800537
77.00000000 429.92041016
77.00000000 430.07281494
77.00000000 430.22518921
77.00000000 430.37759399
77.00000000 430.52999878
77.00000000 430.68240356
77.00000000 430.83480835
77.00000000 430.98721313
77.00000000 431.13958740
77.00000000 431.29199219
77.00000000 431.44439697
77.00000000 431.59680176
77.00000000 431.74920654
77.00000000 431.90161133
77.00000000 432.05398560
77.00000000 432.20639038
77.00000000 432.35879517
77.00000000 432.51119995
77.00000000 432.66360474
77.00000000 432.81600952
77.00000000 432.96841431
77.00000000 433.12078857
77.00000000 433.27319336
77.00000000 433.42559814
77.00000000 433.57800293
77.00000000 433.73040771
77.00000000 433.88281250
77.00000000 434.03518677
77.00000000 434.18759155
77.00000000 434.33999634
77.00000000 434.49240112
77.00000000 434.64480591
77.00000000 434.79721069
77.00000000 434.94958496
77.00000000 435.10198975
77.00000000 435.25439453
77.00000000 435.40679932
77.00000000 435.55920410
77.00000000 435.71160889
77.00000000 435.86401367
77.00000000 436.01638794
77.00000000 436.16879272
77.00000000 436.32119751
77.90000153 436.47360229
78.80000305 436.62600708
79.69999695 436.77841187
80.59999847 436.93078613
81.44560242 437.08319092
81.44560242 437.23559570
81.15209961 437.38800049
81.15059662 437.54040527
81.00620270 437.69281006
80.93109894 437.84521484
80.59999847 437.99758911
80.59999847 438.14999390
80.59999847 438.30239868
80.99330139 438.45480347
80.92960358 438.60720825
81.02359772 438.75961304
81.16459656 438.91198730
81.16059875 439.06439209
81.46469879 439.21679688
81.46469879 439.36920166
81.29170227 439.52160645
81.11879730 439.67401123
80.94589996 439.82638550
80.77290344 439.97879028
80.59999847 440.13119507
80.59999847 440.28359985
80.59999847 440.43600464
80.59999847 440.58840942
80.59999847 440.74081421
80.59999847 440.89318848
80.59999847 441.04559326
80.59999847 441.19799805
80.59999847 441.35040283
80.59999847 441.50280762
80.59999847 441.65521240
80.59999847 441.80758667
80.59999847 441.95999146
80.59999847 442.11239624
80.59999847 442.26480103
80.59999847 442.41720581
80.59999847 442.56961060
80.59999847 442.72198486
80.59999847 442.87438965
80.59999847 443.02679443
80.59999847 443.17919922
80.59999847 443.33160400
80.59999847 443.48400879
80.59999847 443.63641357
80.59999847 443.78878784
80.59999847 443.94119263
80.59999847 444.09359741
80.59999847 444.24600220
80.59999847 444.39840698
80.59999847 444.55081177
80.59999847 444.70318604
80.59999847 444.85559082
80.59999847 445.00799561
80.59999847 445.16040039
80.59999847 445.31280518
80.59999847 445.46520996
80.59999847 445.61761475
80.59999847 445.76998901
80.59999847 445.92239380
80.59999847 446.07479858
80.59999847 446.22720337
80.59999847 446.37960815
80.59999847 446.53201294
80.59999847 446.68438721
80.59999847 446.83679199
80.59999847 446.98919678
80.59999847 447.14160156
80.59999847 447.29400635
80.59999847 447.44641113
80.59999847 447.59878540
80.59999847 447.75119019
80.59999847 447.90359497
80.59999847 448.05599976
80.59999847 448.20840454
80.59999847 448.36080933
80.59999847 448.51321411
80.59999847 448.66558838
80.59999847 448.81799316
80.59999847 448.97039795
80.59999847 449.12280273
80.59999847 449.27520752
80.59999847 449.42761230
80.59999847 449.57998657
80.59999847 449.73239136
80.59999847 449.88479614
80.59999847 450.03720093
80.59999847 450.18960571
80.59999847 450.34201050
80.59999847 450.49438477
80.59999847 450.64678955
80.59999847 450.79919434
80.59999847 450.95159912
80.59999847 451.10400391
80.59999847 451.25640869
80.59999847 451.40881348
80.59999847 451.56118774
80.59999847 451.71359253
80.59999847 451.86599731
80.59999847 452.01840210
80.59999847 452.17080688
80.59999847 452.32321167
84.19999695 452.47558594
84.19999695 452.62799072
84.19999695 452.78039551
84.19999695 452.93280029
84.19999695 453.08520508
84.19999695 453.23760986
83.97499847 453.39001465
83.75000000 453.54238892
83.52500153 453.69479370
83.30000305 453.84719849
83.07499695 453.99960327
82.84999847 454.15200806
82.62500000 454.30441284
82.40000153 454.45678711
82.40000153 454.60919189
82.40000153 454.76159668
82.40000153 454.91400146
82.40000153 455.06640625
81.50370026 455.21881104
80.59999847 455.37118530
80.59999847 455.52359009
80.59999847 455.67599487
80.59999847 455.82839966
80.59999847 455.98080444
81.40509796 456.13320923
81.67669678 456.28561401
82.40000153 456.43798828
82.40000153 456.59039307
82.40000153 456.74279785
82.40000153 456.89520264
82.40000153 457.04760742
81.98419952 457.20001221
81.56839752 457.35238647
81.56839752 457.50479126
81.56839752 457.65719604
81.43160248 457.80960083
81.43160248 457.96200562
81.43160248 458.11441040
80.59999847 458.26681519
80.59999847 458.41918945
80.59999847 458.57159424
80.59999847 458.72399902
80.59999847 458.87640381
80.59999847 459.02880859
80.59999847 459.18121338
80.59999847 459.33358765
80.59999847 459.48599243
80.59999847 459.63839722
80.59999847 459.79080200
80.59999847 459.94320679
80.59999847 460.09561157
80.59999847 460.24798584
80.59999847 460.40039062
80.59999847 460.55279541
80.59999847 460.70520020
80.59999847 460.85760498
80.59999847 461.01000977
80.59999847 461.16241455
80.59999847 461.31478882
80.59999847 461.46719360
80.59999847 461.61959839
80.59999847 461.77200317
80.59999847 461.92440796
80.59999847 462.07681274
80.59999847 462.22918701
80.59999847 462.38159180
80.59999847 462.53399658
80.59999847 462.68640137
80.59999847 462.83880615
80.59999847 462.99121094
80.59999847 463.14358521
80.59999847 463.29598999
80.59999847 463.44839478
80.59999847 463.60079956
80.59999847 463.75320435
80.59999847 463.90560913
80.59999847 464.05801392
80.59999847 464.21038818
80.59999847 464.36279297
80.59999847 464.51519775
80.59999847 464.66760254
80.59999847 464.82000732
80.59999847 464.97241211
80.59999847 465.12478638
80.59999847 465.27719116
80.59999847 465.42959595
80.59999847 465.58200073
80.59999847 465.73440552
80.59999847 465.88681030
80.59999847 466.03921509
80.59999847 466.19158936
80.59999847 466.34399414
80.59999847 466.49639893
80.59999847 466.64880371
80.59999847 466.80120850
80.59999847 466.95361328
82.40000153 467.10598755
81.68440247 467.25839233
80.24770355 467.41079712
80.07700348 467.56320190
79.93070221 467.71560669
79.41449738 467.86801147
79.68170166 468.02038574
79.92870331 468.17279053
79.79489899 468.32519531
82.40000153 468.47760010
83.37760162 468.63000488
84.19999695 468.78240967
84.19999695 468.93481445
84.19999695 469.08718872
84.19999695 469.23959351
84.19999695 469.39199829
84.19999695 469.54440308
84.19999695 469.69680786
84.19999695 469.84921265
84.19999695 470.00158691
84.19999695 470.15399170
84.19999695 470.30639648
84.19999695 470.45880127
84.19999695 470.61120605
83.52500153 470.76361084
82.84999847 470.91598511
82.17500305 471.06838989
81.50000000 471.22079468
80.82499695 471.37319946
80.15000153 471.52560425
79.47499847 471.67800903
78.80000305 471.83041382
78.12500000 471.98278809
77.44999695 472.13519287
76.77500153 472.28759766
76.09999847 472.44000244
75.42500305 472.59240723
74.75000000 472.74481201
74.07499695 472.89718628
73.40000153 473.04959106
73.40000153 473.20199585
73.40000153 473.35440063
73.40000153 473.50680542
73.40000153 473.65921021
76.85489655 473.81161499
77.93060303 473.96398926
80.59999847 474.11639404
80.59999847 474.26879883
80.59999847 474.42120361
80.59999847 474.57360840
80.28240204 474.72601318
79.96469879 474.87838745
79.64710236 475.03079224
79.32939911 475.18319702
79.01180267 475.33560181
78.69409943 475.48800659
78.37650299 475.64041138
78.05879974 475.79278564
77.74120331 475.94519043
77.42350006 476.09759521
77.10590363 476.25000000
76.78820038 476.40240479
76.47059631 476.55480957
76.15290070 476.70721436
75.83529663 476.85958862
75.51760101 477.01199341
75.19999695 477.16439819
75.19999695 477.31680298
75.19999695 477.46920776
76.90799713 477.62161255
77.55439758 477.77398682
78.37059784 477.92639160
78.89199829 478.07879639
80.59999847 478.23120117
80.59999847 478.38360596
80.31580353 478.53601074
80.03160095 478.68838501
79.74739838 478.84078979
79.46320343 478.99319458
79.17890167 479.14559937
78.89469910 479.29800415
78.61049652 479.45040894
78.32630157 479.60281372
78.04209900 479.75518799
77.75789642 479.90759277
77.47370148 480.05999756
77.18949890 480.21240234
76.90529633 480.36480713
76.62110138 480.51721191
76.33679962 480.66958618
76.05259705 480.82199097
75.76840210 480.97439575
75.48419952 481.12680054
75.19999695 481.27920532
75.19999695 481.43161011
75.19999695 481.58401489
75.19999695 481.73638916
77.58080292 481.88879395
78.39649963 482.04119873
80.59999847 482.19360352
80.59999847 482.34600830
80.59999847 482.49841309
80.59999847 482.65078735
80.21430206 482.80319214
79.82859802 482.95559692
79.44290161 483.10800171
79.05709839 483.26040649
78.67140198 483.41281128
78.28569794 483.56518555
77.90000153 483.71759033
77.51429749 483.86999512
77.12860107 484.02239990
76.74289703 484.17480469
76.35710144 484.32720947
75.97139740 484.47961426
75.58570099 484.63198853
75.19999695 484.78439331
75.19999695 484.93679810
75.19999695 485.08920288
75.19999695 485.24160767
75.19999695 485.39401245
75.19999695 485.54638672
75.19999695 485.69879150
75.19999695 485.85119629
75.19999695 486.00360107
75.19999695 486.15600586
75.19999695 486.30841064
75.19999695 486.46078491
75.19999695 486.61318970
75.19999695 486.76559448
75.19999695 486.91799927
75.19999695 487.07040405
75.19999695 487.22280884
75.19999695 487.37521362
75.19999695 487.52758789
75.19999695 487.67999268
75.19999695 487.83239746
75.19999695 487.98480225
75.19999695 488.13720703
75.19999695 488.28961182
75.19999695 488.44198608
75.19999695 488.59439087
75.19999695 488.74679565
75.19999695 488.89920044
75.19999695 489.05160522
75.19999695 489.20401001
75.19999695 489.35641479
75.19999695 489.50878906
75.19999695 489.66119385
75.19999695 489.81359863
75.19999695 489.96600342
75.19999695 490.11840820
75.29470062 490.27081299
75.38950348 490.42318726
75.48419952 490.57559204
75.57890320 490.72799683
75.67369843 490.88040161
75.76840210 491.03280640
75.86319733 491.18521118
75.95790100 491.33758545
76.05259705 491.48999023
76.14739990 491.64239502
76.24210358 491.79479980
76.33679962 491.94720459
76.43160248 492.09960938
76.52629852 492.25201416
76.62110138 492.40438843
76.71579742 492.55679321
76.81050110 492.70919800
76.90529633 492.86160278
77.00000000 493.01400757
77.00000000 493.16641235
77.00000000 493.31878662
77.00000000 493.47119141
77.00000000 493.62359619
77.00000000 493.77600098
76.77500153 493.92840576
76.55000305 494.08081055
76.32499695 494.23318481
76.09999847 494.38558960
75.87500000 494.53799438
75.65000153 494.69039917
75.42500305 494.84280396
75.19999695 494.99520874
75.19999695 495.14761353
75.19999695 495.29998779
75.19999695 495.45239258
75.19999695 495.60479736
75.19999695 495.75720215
75.85079956 495.90960693
75.68640137 496.06201172
75.40789795 496.21438599
75.44309998 496.36679077
75.22810364 496.51919556
74.85160065 496.67160034
74.85089874 496.82400513
73.40000153 496.97640991
73.40000153 497.12881470
75.19999695 497.28118896
77.00000000 497.43359375
77.00000000 497.58599854
77.00000000 497.73840332
77.00000000 497.89080811
77.00000000 498.04321289
77.00000000 498.19558716
76.93080139 498.34799194
76.86150360 498.50039673
76.79229736 498.65280151
76.72309875 498.80520630
76.65380096 498.95761108
76.58460236 499.10998535
76.51540375 499.26239014
76.44619751 499.41479492
76.37689972 499.56719971
76.30770111 499.71960449
76.23850250 499.87200928
76.16919708 500.02441406
76.09999847 500.17678833
76.03079987 500.32919312
75.96150208 500.48159790
75.89230347 500.63400269
75.82309723 500.78640747
75.75379944 500.93881226
75.68460083 501.09118652
75.61540222 501.24359131
75.54620361 501.39599609
75.47689819 501.54840088
75.40769958 501.70080566
75.33850098 501.85321045
75.26920319 502.00561523
75.19999695 502.15798950
75.19999695 502.31039429
75.19999695 502.46279907
75.19999695 502.61520386
75.19999695 502.76760864
75.19999695 502.92001343
75.19999695 503.07238770
75.19999695 503.22479248
75.19999695 503.37719727
75.19999695 503.52960205
75.19999695 503.68200684
75.19999695 503.83441162
75.19999695 503.98678589
75.19999695 504.13919067
75.19999695 504.29159546
75.19999695 504.44400024
75.19999695 504.59640503
75.19999695 504.74880981
75.19999695 504.90121460
75.19999695 505.05358887
75.19999695 505.20599365
75.19999695 505.35839844
75.19999695 505.51080322
75.19999695 505.66320801
75.19999695 505.81561279
75.19999695 505.96798706
75.19999695 506.12039185
75.19999695 506.27279663
75.19999695 506.42520142
75.19999695 506.57760620
75.19999695 506.73001099
75.19999695 506.88238525
75.19999695 507.03479004
75.19999695 507.18719482
75.19999695 507.33959961
75.19999695 507.49200439
75.19999695 507.64440918
75.19999695 507.79681396
75.19999695 507.94918823
75.19999695 508.10159302
75.19999695 508.25399780
75.19999695 508.40640259
75.19999695 508.55880737
75.19999695 508.71121216
75.19999695 508.86358643
75.19999695 509.01599121
75.19999695 509.16839600
75.19999695 509.32080078
75.19999695 509.47320557
75.19999695 509.62561035
75.19999695 509.77801514
75.19999695 509.93038940
75.19999695 510.08279419
75.19999695 510.23519897
75.19999695 510.38760376
75.19999695 510.54000854
75.19999695 510.69241333
75.19999695 510.84478760
75.19999695 510.99719238
75.19999695 511.14959717
75.19999695 511.30200195
75.19999695 511.45440674
75.19999695 511.60681152
75.19999695 511.75918579
75.19999695 511.91159058
75.19999695 512.06402588
75.19999695 512.21636963
75.19999695 512.36877441
75.19999695 512.52117920
75.19999695 512.67358398
75.19999695 512.82598877
75.19999695 512.97839355
75.19999695 513.13079834
75.19999695 513.28320312
75.19999695 513.43560791
75.19999695 513.58801270
75.19999695 513.74041748
75.19999695 513.89282227
75.19999695 514.04522705
75.19999695 514.19757080
75.19999695 514.34997559
75.19999695 514.50238037
75.19999695 514.65478516
75.19999695 514.80718994
75.19999695 514.95959473
75.19999695 515.11199951
75.29470062 515.26440430
75.38950348 515.41680908
75.48419952 515.56921387
75.57890320 515.72161865
75.67369843 515.87402344
75.76840210 516.02642822
75.86319733 516.17877197
75.95790100 516.33117676
76.05259705 516.48358154
76.14739990 516.63598633
76.24210358 516.78839111
76.33679962 516.94079590
76.43160248 517.09320068
76.52629852 517.24560547
76.62110138 517.39801025
76.71579742 517.55041504
76.81050110 517.70281982
76.90529633 517.85522461
77.00000000 518.00762939
77.00000000 518.15997314
77.00000000 518.31237793
77.00000000 518.46478271
77.00000000 518.61718750
77.00000000 518.76959229
77.00000000 518.92199707
77.00000000 519.07440186
77.00000000 519.22680664
77.00000000 519.37921143
77.00000000 519.53161621
77.00000000 519.68402100
77.00000000 519.83642578
77.00000000 519.98876953
77.00000000 520.14117432
77.00000000 520.29357910
77.00000000 520.44598389
77.00000000 520.59838867
77.00000000 520.75079346
77.00000000 520.90319824
77.00000000 521.05560303
77.00000000 521.20800781
77.00000000 521.36041260
77.00000000 521.51281738
77.00000000 521.66522217
77.00000000 521.81762695
77.00000000 521.96997070
77.00000000 522.12237549
77.00000000 522.27478027
77.00000000 522.42718506
77.00000000 522.57958984
77.00000000 522.73199463
77.00000000 522.88439941
77.00000000 523.03680420
77.00000000 523.18920898
77.00000000 523.34161377
77.00000000 523.49401855
77.00000000 523.64642334
77.00000000 523.79882812
77.00000000 523.95117188
77.00000000 524.10357666
77.00000000 524.25598145
77.00000000 524.40838623
77.00000000 524.56079102
77.00000000 524.71319580
77.00000000 524.86560059
77.00000000 525.01800537
77.00000000 525.17041016
77.00000000 525.32281494
77.00000000 525.47521973
77.00000000 525.62762451
77.00000000 525.78002930
77.00000000 525.93237305
77.00000000 526.08477783
77.00000000 526.23718262
77.00000000 526.38958740
77.00000000 526.54199219
77.00000000 526.69439697
77.00000000 526.84680176
77.00000000 526.99920654
77.00000000 527.15161133
77.00000000 527.30401611
76.53489685 527.45642090
76.40940094 527.60882568
76.30789948 527.76123047
76.07019806 527.91357422
76.07019806 528.06597900
76.07019806 528.21838379
75.19999695 528.37078857
75.19999695 528.52319336
75.19999695 528.67559814
75.19999695 528.82800293
75.19999695 528.98040771
75.19999695 529.13281250
75.19999695 529.28521729
75.19999695 529.43762207
75.19999695 529.59002686
75.19999695 529.74237061
75.19999695 529.89477539
75.19999695 530.04718018
75.19999695 530.19958496
75.19999695 530.35198975
75.29470062 530.50439453
75.38950348 530.65679932
75.48419952 530.80920410
75.57890320 530.96160889
75.67369843 531.11401367
75.76840210 531.26641846
75.86319733 531.41882324
75.95790100 531.57122803
76.05259705 531.72357178
76.14739990 531.87597656
76.24210358 532.02838135
76.33679962 532.18078613
76.43160248 532.33319092
76.52629852 532.48559570
76.62110138 532.63800049
76.71579742 532.79040527
76.81050110 532.94281006
76.90529633 533.09521484
77.00000000 533.24761963
77.00000000 533.40002441
77.00000000 533.55242920
77.00000000 533.70477295
77.00000000 533.85717773
77.00000000 534.00958252
77.00000000 534.16198730
77.00000000 534.31439209
77.00000000 534.46679688
77.00000000 534.61920166
77.00000000 534.77160645
77.00000000 534.92401123
77.00000000 535.07641602
77.00000000 535.22882080
77.00000000 535.38122559
77.00000000 535.53363037
77.00000000 535.68597412
77.00000000 535.83837891
77.00000000 535.99078369
77.00000000 536.14318848
77.00000000 536.29559326
77.00000000 536.44799805
77.00000000 536.60040283
77.00000000 536.75280762
77.00000000 536.90521240
77.00000000 537.05761719
77.00000000 537.21002197
77.00000000 537.36242676
77.00000000 537.51477051
77.00000000 537.66717529
77.00000000 537.81958008
77.00000000 537.97198486
77.00000000 538.12438965
77.08999634 538.27679443
77.18000031 538.42919922
77.26999664 538.58160400
77.36000061 538.73400879
77.44999695 538.88641357
77.54000092 539.03881836
77.62999725 539.19122314
77.72000122 539.34362793
77.80999756 539.49597168
77.90000153 539.64837646
77.98999786 539.80078125
78.08000183 539.95318604
78.16999817 540.10559082
78.26000214 540.25799561
78.34999847 540.41040039
78.44000244 540.56280518
78.52999878 540.71520996
78.62000275 540.86761475
78.70999908 541.02001953
78.80000305 541.17242432
78.80000305 541.32482910
78.80000305 541.47717285
78.80000305 541.62957764
78.80000305 541.78198242
78.80000305 541.93438721
78.80000305 542.08679199
78.71430206 542.23919678
78.62860107 542.39160156
78.54290009 542.54400635
78.45709991 542.69641113
78.37139893 542.84881592
78.28569794 543.00122070
78.19999695 543.15362549
78.11430359 543.30603027
78.02860260 543.45837402
77.94290161 543.61077881
77.85710144 543.76318359
77.77140045 543.91558838
77.68569946 544.06799316
77.59999847 544.22039795
77.51429749 544.37280273
77.42859650 544.52520752
77.34290314 544.67761230
77.25710297 544.83001709
77.17140198 544.98242188
77.08570099 545.13482666
77.00000000 545.28717041
77.00000000 545.43957520
77.00000000 545.59197998
77.00000000 545.74438477
77.00000000 545.89678955
77.00000000 546.04919434
77.00000000 546.20159912
77.00000000 546.35400391
77.00000000 546.50640869
77.00000000 546.65881348
77.00000000 546.81121826
77.00000000 546.96362305
77.00000000 547.11602783
77.00000000 547.26837158
77.00000000 547.42077637
77.00000000 547.57318115
77.00000000 547.72558594
77.00000000 547.87799072
77.00000000 548.03039551
77.00000000 548.18280029
77.00000000 548.33520508
77.00000000 548.48760986
77.00000000 548.64001465
77.00000000 548.79241943
77.00000000 548.94482422
77.00000000 549.09722900
77.00000000 549.24957275
77.00000000 549.40197754
77.00000000 549.55438232
77.00000000 549.70678711
77.00000000 549.85919189
77.00000000 550.01159668
77.00000000 550.16400146
77.00000000 550.31640625
77.00000000 550.46881104
77.00000000 550.62121582
77.00000000 550.77362061
77.00000000 550.92602539
77.00000000 551.07843018
77.00000000 551.23077393
77.00000000 551.38317871
77.00000000 551.53558350
77.00000000 551.68798828
77.00000000 551.84039307
77.00000000 551.99279785
77.00000000 552.14520264
77.00000000 552.29760742
77.00000000 552.45001221
77.00000000 552.60241699
77.00000000 552.75482178
77.00000000 552.90722656
77.00000000 553.05957031
77.00000000 553.21197510
77.00000000 553.36437988
77.00000000 553.51678467
77.00000000 553.66918945
77.00000000 553.82159424
77.00000000 553.97399902
77.18000031 554.12640381
77.36000061 554.27880859
77.54000092 554.43121338
77.72000122 554.58361816
77.90000153 554.73602295
78.08000183 554.88842773
78.26000214 555.04077148
78.44000244 555.19317627
78.62000275 555.34558105
78.80000305 555.49798584
78.80000305 555.65039062
78.80000305 555.80279541
78.80000305 555.95520020
78.80000305 556.10760498
78.80000305 556.26000977
78.80000305 556.41241455
78.71820068 556.56481934
78.63639832 556.71722412
78.55449677 556.86962891
78.47270203 557.02197266
78.39089966 557.17437744
78.30909729 557.32678223
78.22730255 557.47918701
78.14550018 557.63159180
78.06359863 557.78399658
77.98179626 557.93640137
77.90000153 558.08880615
77.81819916 558.24121094
77.73639679 558.39361572
77.65450287 558.54602051
77.57270050 558.69842529
77.49089813 558.85083008
77.40910339 559.00317383
77.32730103 559.15557861
77.24549866 559.30798340
77.16359711 559.46038818
77.08180237 559.61279297
77.00000000 559.76519775
77.00000000 559.91760254
77.00000000 560.07000732
77.00000000 560.22241211
77.00000000 560.37481689
77.00000000 560.52722168
77.00000000 560.67962646
77.00000000 560.83197021
77.00000000 560.98437500
77.00000000 561.13677979
77.00000000 561.28918457
77.00000000 561.44158936
77.00000000 561.59399414
77.00000000 561.74639893
77.00000000 561.89880371
77.00000000 562.05120850
77.00000000 562.20361328
77.00000000 562.35601807
77.00000000 562.50842285
77.00000000 562.66082764
77.00000000 562.81317139
77.00000000 562.96557617
77.00000000 563.11798096
77.00000000 563.27038574
77.00000000 563.42279053
77.00000000 563.57519531
77.00000000 563.72760010
77.00000000 563.88000488
77.00000000 564.03240967
77.00000000 564.18481445
77.00000000 564.33721924
77.00000000 564.48962402
77.00000000 564.64202881
77.00000000 564.79437256
77.00000000 564.94677734
77.00000000 565.09918213
77.00000000 565.25158691
77.00000000 565.40399170
77.00000000 565.55639648
77.00000000 565.70880127
77.00000000 565.86120605
77.00000000 566.01361084
77.00000000 566.16601562
77.00000000 566.31842041
77.00000000 566.47082520
77.00000000 566.62322998
77.00000000 566.77557373
77.00000000 566.92797852
77.00000000 567.08038330
77.00000000 567.23278809
77.00000000 567.38519287
77.00000000 567.53759766
77.00000000 567.69000244
77.00000000 567.84240723
77.00000000 567.99481201
77.00000000 568.14721680
77.00000000 568.29962158
77.00000000 568.45202637
77.00000000 568.60437012
77.08570099 568.75677490
77.17140198 568.90917969
77.25710297 569.06158447
77.34290314 569.21398926
77.42859650 569.36639404
77.51429749 569.51879883
77.59999847 569.67120361
77.68569946 569.82360840
77.77140045 569.97601318
77.85710144 570.12841797
77.94290161 570.28082275
78.02860260 570.43322754
78.11430359 570.58557129
78.19999695 570.73797607
78.28569794 570.89038086
78.37139893 571.04278564
78.45709991 571.19519043
78.54290009 571.34759521
78.62860107 571.50000000
78.71430206 571.65240479
78.80000305 571.80480957
78.80000305 571.95721436
78.80000305 572.10961914
78.80000305 572.26202393
78.80000305 572.41442871
78.80000305 572.56677246
78.80000305 572.71917725
78.80000305 572.87158203
78.80000305 573.02398682
78.80000305 573.17639160
78.80000305 573.32879639
78.80000305 573.48120117
78.80000305 573.63360596
78.80000305 573.78601074
78.80000305 573.93841553
78.80000305 574.09082031
78.80000305 574.24322510
78.80000305 574.39562988
78.80000305 574.54797363
78.80000305 574.70037842
78.80000305 574.85278320
78.80000305 575.00518799
78.80000305 575.15759277
78.80000305 575.30999756
78.80000305 575.46240234
78.80000305 575.61480713
78.80000305 575.76721191
78.80000305 575.91961670
78.80000305 576.07202148
78.80000305 576.22442627
78.80000305 576.37677002
78.80000305 576.52917480
78.80000305 576.68157959
78.80000305 576.83398438
78.80000305 576.98638916
78.80000305 577.13879395
78.80000305 577.29119873
78.80000305 577.44360352
78.80000305 577.59600830
78.80000305 577.74841309
78.80000305 577.90081787
78.80000305 578.05322266
78.80000305 578.20562744
78.80000305 578.35797119
78.80000305 578.51037598
78.80000305 578.66278076
78.80000305 578.81518555
78.80000305 578.96759033
78.80000305 579.11999512
78.80000305 579.27239990
78.80000305 579.42480469
78.80000305 579.57720947
78.80000305 579.72961426
78.80000305 579.88201904
78.80000305 580.03442383
78.80000305 580.18682861
78.80000305 580.33917236
78.80000305 580.49157715
78.80000305 580.64398193
78.80000305 580.79638672
78.80000305 580.94879150
78.80000305 581.10119629
78.80000305 581.25360107
78.80000305 581.40600586
78.80000305 581.55841064
78.80000305 581.71081543
78.80000305 581.86322021
78.80000305 582.01562500
78.80000305 582.16802979
78.80000305 582.32037354
78.80000305 582.47277832
78.80000305 582.62518311
78.80000305 582.77758789
78.80000305 582.92999268
78.80000305 583.08239746
78.80000305 583.23480225
78.80000305 583.38720703
78.80000305 583.53961182
78.80000305 583.69201660
78.80000305 583.84442139
78.80000305 583.99682617
78.80000305 584.14916992
78.80000305 584.30157471
78.80000305 584.45397949
78.80000305 584.60638428
78.80000305 584.75878906
78.80000305 584.91119385
78.80000305 585.06359863
78.44000244 585.21600342
78.08000183 585.36840820
77.72000122 585.52081299
77.36000061 585.67321777
77.00000000 585.82562256
77.00000000 585.97802734
77.00000000 586.13037109
77.00000000 586.28277588
77.00000000 586.43518066
77.00000000 586.58758545
77.00000000 586.73999023
77.13849640 586.89239502
77.27690125 587.04479980
77.41539764 587.19720459
77.55380249 587.34960938
77.69229889 587.50201416
77.83080292 587.65441895
77.96920013 587.80682373
78.10769653 587.95922852
78.24620056 588.11157227
78.38459778 588.26397705
78.52310181 588.41638184
78.66149902 588.56878662
78.80000305 588.72119141
78.80000305 588.87359619
78.80000305 589.02600098
78.80000305 589.17840576
78.80000305 589.33081055
78.80000305 589.48321533
78.80000305 589.63562012
78.80000305 589.78802490
78.80000305 589.94042969
78.80000305 590.09277344
78.80000305 590.24517822
78.80000305 590.39758301
78.80000305 590.54998779
78.80000305 590.70239258
78.80000305 590.85479736
78.80000305 591.00720215
78.80000305 591.15960693
78.80000305 591.31201172
78.80000305 591.46441650
78.80000305 591.61682129
78.80000305 591.76922607
78.80000305 591.92156982
78.80000305 592.07397461
78.80000305 592.22637939
78.80000305 592.37878418
78.80000305 592.53118896
78.80000305 592.68359375
78.80000305 592.83599854
78.80000305 592.98840332
78.80000305 593.14080811
78.80000305 593.29321289
78.80000305 593.44561768
78.80000305 593.59802246
78.80000305 593.75042725
78.80000305 593.90277100
78.80000305 594.05517578
78.80000305 594.20758057
78.80000305 594.35998535
78.80000305 594.51239014
78.80000305 594.66479492
78.80000305 594.81719971
78.80000305 594.96960449
78.80000305 595.12200928
78.80000305 595.27441406
78.80000305 595.42681885
78.80000305 595.57922363
78.80000305 595.73162842
78.80000305 595.88397217
78.80000305 596.03637695
78.80000305 596.18878174
78.80000305 596.34118652
78.80000305 596.49359131
78.80000305 596.64599609
78.80000305 596.79840088
78.80000305 596.95080566
78.80000305 597.10321045
78.80000305 597.25561523
78.80000305 597.40802002
78.80000305 597.56042480
78.80000305 597.71282959
78.80000305 597.86517334
78.80000305 598.01757812
78.80000305 598.16998291
78.80000305 598.32238770
78.80000305 598.47479248
78.80000305 598.62719727
78.80000305 598.77960205
78.80000305 598.93200684
78.80000305 599.08441162
78.80000305 599.23681641
78.80000305 599.38922119
78.80000305 599.54162598
78.80000305 599.69396973
78.80000305 599.84637451
78.80000305 599.99877930
78.80000305 600.15118408
78.80000305 600.30358887
78.80000305 600.45599365
78.80000305 600.60839844
78.80000305 600.76080322
78.80000305 600.91320801
78.80000305 601.06561279
78.80000305 601.21801758
78.80000305 601.37042236
78.80000305 601.52282715
78.80000305 601.67517090
78.80000305 601.82757568
78.80000305 601.97998047
78.80000305 602.13238525
78.80000305 602.28479004
78.80000305 602.43719482
78.80000305 602.58959961
78.80000305 602.74200439
78.80000305 602.89440918
78.80000305 603.04681396
78.80000305 603.19921875
78.80000305 603.35162354
78.80000305 603.50402832
78.80000305 603.65637207
78.80000305 603.80877686
78.80000305 603.96118164
78.80000305 604.11358643
78.80000305 604.26599121
78.80000305 604.41839600
78.80000305 604.57080078
78.80000305 604.72320557
78.80000305 604.87561035
78.80000305 605.02801514
78.80000305 605.18041992
78.80000305 605.33282471
78.80000305 605.48522949
78.80000305 605.63757324
78.80000305 605.78997803
78.80000305 605.94238281
78.80000305 606.09478760
78.80000305 606.24719238
78.80000305 606.39959717
78.80000305 606.55200195
78.80000305 606.70440674
78.80000305 606.85681152
78.80000305 607.00921631
78.80000305 607.16162109
78.80000305 607.31402588
78.80000305 607.46636963
78.80000305 607.61877441
78.80000305 607.77117920
78.80000305 607.92358398
78.80000305 608.07598877
78.80000305 608.22839355
78.80000305 608.38079834
78.80000305 608.53320312
78.80000305 608.68560791
78.80000305 608.83801270
78.80000305 608.99041748
78.80000305 609.14282227
78.80000305 609.29522705
78.80000305 609.44757080
78.80000305 609.59997559
78.80000305 609.75238037
78.80000305 609.90478516
78.80000305 610.05718994
78.80000305 610.20959473
78.80000305 610.36199951
78.80000305 610.51440430
78.80000305 610.66680908
78.80000305 610.81921387
78.80000305 610.97161865
78.80000305 611.12402344
78.80000305 611.27642822
78.80000305 611.42877197
78.80000305 611.58117676
78.80000305 611.73358154
78.80000305 611.88598633
78.80000305 612.03839111
78.80000305 612.19079590
78.80000305 612.34320068
78.80000305 612.49560547
78.80000305 612.64801025
78.80000305 612.80041504
78.80000305 612.95281982
78.80000305 613.10522461
78.80000305 613.25762939
78.80000305 613.40997314
78.80000305 613.56237793
78.80000305 613.71478271
78.80000305 613.86718750
78.80000305 614.01959229
78.80000305 614.17199707
78.80000305 614.32440186
78.80000305 614.47680664
78.80000305 614.62921143
78.80000305 614.78161621
78.80000305 614.93402100
78.80000305 615.08642578
78.80000305 615.23876953
78.80000305 615.39117432
78.80000305 615.54357910
78.80000305 615.69598389
78.80000305 615.84838867
78.80000305 616.00079346
78.80000305 616.15319824
78.80000305 616.30560303
78.80000305 616.45800781
78.80000305 616.61041260
78.80000305 616.76281738
78.80000305 616.91522217
78.80000305 617.06762695
78.80000305 617.21997070
78.80000305 617.37237549
78.80000305 617.52478027
78.80000305 617.67718506
78.80000305 617.82958984
78.80000305 617.98199463
78.80000305 618.13439941
78.80000305 618.28680420
78.80000305 618.43920898
78.80000305 618.59161377
78.80000305 618.74401855
78.80000305 618.89642334
78.80000305 619.04882812
78.80000305 619.20117188
78.80000305 619.35357666
78.80000305 619.50598145
78.80000305 619.65838623
78.80000305 619.81079102
78.80000305 619.96319580
78.80000305 620.11560059
78.80000305 620.26800537
78.80000305 620.42041016
78.80000305 620.57281494
78.80000305 620.72521973
78.80000305 620.87762451
78.80000305 621.03002930
78.80000305 621.18237305
78.80000305 621.33477783
78.80000305 621.48718262
78.80000305 621.63958740
78.80000305 621.79199219
78.80000305 621.94439697
78.80000305 622.09680176
78.80000305 622.24920654
78.80000305 622.40161133
78.80000305 622.55401611
78.80000305 622.70642090
78.80000305 622.85882568
78.80000305 623.01123047
78.80000305 623.16357422
78.80000305 623.31597900
78.80000305 623.46838379
78.80000305 623.62078857
78.80000305 623.77319336
78.80000305 623.92559814
78.80000305 624.07800293
78.80000305 624.23040771
78.80000305 624.38281250
78.80000305 624.53521729
78.80000305 624.68762207
78.80000305 624.84002686
78.80000305 624.99237061
78.80000305 625.14477539
78.80000305 625.29718018
78.80000305 625.44958496
78.80000305 625.60198975
78.80000305 625.75439453
78.80000305 625.90679932
78.80000305 626.05920410
78.80000305 626.21160889
78.80000305 626.36401367
78.80000305 626.51641846
78.80000305 626.66882324
78.80000305 626.82122803
78.80000305 626.97357178
78.80000305 627.12597656
78.80000305 627.27838135
78.80000305 627.43078613
78.80000305 627.58319092
78.80000305 627.73559570
78.80000305 627.88800049
78.80000305 628.04040527
78.80000305 628.19281006
78.80000305 628.34521484
78.80000305 628.49761963
78.80000305 628.65002441
78.80000305 628.80242920
78.80000305 628.95477295
78.80000305 629.10717773
78.80000305 629.25958252
78.80000305 629.41198730
78.80000305 629.56439209
78.80000305 629.71679688
78.80000305 629.86920166
78.80000305 630.02160645
78.80000305 630.17401123
78.80000305 630.32641602
78.80000305 630.47882080
78.80000305 630.63122559
78.80000305 630.78363037
78.80000305 630.93597412
78.80000305 631.08837891
78.80000305 631.24078369
78.80000305 631.39318848
78.80000305 631.54559326
78.80000305 631.69799805
78.80000305 631.85040283
78.80000305 632.00280762
78.80000305 632.15521240
78.80000305 632.30761719
78.80000305 632.46002197
78.80000305 632.61242676
78.80000305 632.76477051
78.80000305 632.91717529
78.80000305 633.06958008
78.80000305 633.22198486
78.80000305 633.37438965
78.80000305 633.52679443
78.80000305 633.67919922
78.80000305 633.83160400
78.80000305 633.98400879
78.80000305 634.13641357
78.80000305 634.28881836
78.80000305 634.44122314
78.80000305 634.59362793
78.80000305 634.74597168
78.80000305 634.89837646
78.80000305 635.05078125
78.80000305 635.20318604
78.80000305 635.35559082
78.80000305 635.50799561
78.80000305 635.66040039
78.80000305 635.81280518
78.80000305 635.96520996
78.80000305 636.11761475
78.80000305 636.27001953
78.80000305 636.42242432
78.80000305 636.57482910
78.80000305 636.72717285
78.80000305 636.87957764
78.80000305 637.03198242
78.80000305 637.18438721
78.80000305 637.33679199
78.80000305 637.48919678
78.80000305 637.64160156
78.80000305 637.79400635
78.80000305 637.94641113
78.80000305 638.09881592
78.80000305 638.25122070
78.80000305 638.40362549
78.80000305 638.55603027
78.80000305 638.70837402
78.93849945 638.86077881
79.07689667 639.01318359
79.21540070 639.16558838
79.35379791 639.31799316
79.49230194 639.47039795
79.63079834 639.62280273
79.76920319 639.77520752
79.90769958 639.92761230
80.04620361 640.08001709
80.18460083 640.23242188
80.32309723 640.38482666
80.46150208 640.53717041
80.59999847 640.68957520
80.59999847 640.84197998
80.59999847 640.99438477
80.59999847 641.14678955
80.59999847 641.29919434
80.59999847 641.45159912
80.59999847 641.60400391
77.00000000 641.75640869
77.00000000 641.90881348
77.00000000 642.06121826
77.00000000 642.21362305
77.00000000 642.36602783
77.00000000 642.51837158
77.00000000 642.67077637
77.10590363 642.82318115
77.21179962 642.97558594
77.31759644 643.12799072
77.42350006 643.28039551
77.52940369 643.43280029
77.63529968 643.58520508
77.74120331 643.73760986
77.84709930 643.89001465
77.95290375 644.04241943
78.05879974 644.19482422
78.16470337 644.34722900
78.27059937 644.49957275
78.37650299 644.65197754
78.48239899 644.80438232
78.58820343 644.95678711
78.69409943 645.10919189
78.80000305 645.26159668
78.80000305 645.41400146
78.80000305 645.56640625
78.80000305 645.71881104
78.80000305 645.87121582
78.80000305 646.02362061
78.80000305 646.17602539
78.80000305 646.32843018
78.80000305 646.48077393
78.80000305 646.63317871
78.80000305 646.78558350
78.80000305 646.93798828
78.80000305 647.09039307
78.80000305 647.24279785
78.80000305 647.39520264
78.80000305 647.54760742
78.80000305 647.70001221
78.80000305 647.85241699
78.80000305 648.00482178
78.80000305 648.15722656
78.80000305 648.30957031
78.80000305 648.46197510
78.80000305 648.61437988
78.80000305 648.76678467
78.80000305 648.91918945
78.80000305 649.07159424
78.80000305 649.22399902
78.80000305 649.37640381
78.80000305 649.52880859
78.80000305 649.68121338
78.80000305 649.83361816
78.80000305 649.98602295
78.80000305 650.13842773
78.80000305 650.29077148
78.80000305 650.44317627
78.80000305 650.59558105
78.80000305 650.74798584
78.80000305 650.90039062
78.80000305 651.05279541
78.80000305 651.20520020
78.80000305 651.35760498
78.80000305 651.51000977
78.80000305 651.66241455
78.80000305 651.81481934
78.80000305 651.96722412
78.80000305 652.11962891
78.80000305 652.27197266
78.80000305 652.42437744
78.80000305 652.57678223
78.80000305 652.72918701
78.80000305 652.88159180
78.80000305 653.03399658
78.80000305 653.18640137
78.80000305 653.33880615
78.80000305 653.49121094
78.80000305 653.64361572
78.80000305 653.79602051
78.80000305 653.94842529
78.80000305 654.10083008
78.80000305 654.25317383
78.80000305 654.40557861
78.80000305 654.55798340
78.80000305 654.71038818
78.80000305 654.86279297
78.80000305 655.01519775
78.80000305 655.16760254
78.80000305 655.32000732
78.80000305 655.47241211
78.80000305 655.62481689
78.80000305 655.77722168
78.80000305 655.92962646
78.80000305 656.08197021
78.80000305 656.23437500
78.80000305 656.38677979
78.80000305 656.53918457
78.80000305 656.69158936
78.80000305 656.84399414
78.80000305 656.99639893
78.80000305 657.14880371
78.80000305 657.30120850
78.80000305 657.45361328
78.80000305 657.60601807
78.80000305 657.75842285
78.80000305 657.91082764
78.80000305 658.06317139
78.80000305 658.21557617
78.80000305 658.36798096
78.80000305 658.52038574
78.80000305 658.67279053
78.80000305 658.82519531
78.80000305 658.97760010
78.80000305 659.13000488
78.80000305 659.28240967
78.80000305 659.43481445
78.80000305 659.58721924
78.80000305 659.73962402
78.80000305 659.89202881
78.80000305 660.04437256
78.80000305 660.19677734
78.80000305 660.34918213
78.80000305 660.50158691
78.80000305 660.65399170
78.80000305 660.80639648
78.80000305 660.95880127
78.80000305 661.11120605
78.80000305 661.26361084
78.80000305 661.41601562
78.80000305 661.56842041
78.80000305 661.72082520
78.80000305 661.87322998
78.80000305 662.02557373
78.80000305 662.17797852
78.80000305 662.33038330
78.80000305 662.48278809
78.80000305 662.63519287
78.80000305 662.78759766
78.80000305 662.94000244
78.80000305 663.09240723
78.80000305 663.24481201
78.80000305 663.39721680
78.80000305 663.54962158
78.80000305 663.70202637
78.80000305 663.85437012
78.80000305 664.00677490
78.80000305 664.15917969
78.80000305 664.31158447
78.80000305 664.46398926
78.80000305 664.61639404
78.80000305 664.76879883
78.80000305 664.92120361
78.80000305 665.07360840
78.80000305 665.22601318
78.80000305 665.37841797
78.80000305 665.53082275
78.80000305 665.68322754
78.80000305 665.83557129
78.80000305 665.98797607
78.80000305 666.14038086
78.80000305 666.29278564
78.80000305 666.44519043
78.80000305 666.59759521
78.80000305 666.75000000
78.80000305 666.90240479
78.80000305 667.05480957
78.80000305 667.20721436
78.80000305 667.35961914
78.80000305 667.51202393
78.80000305 667.66442871
78.80000305 667.81677246
78.80000305 667.96917725
78.80000305 668.12158203
78.80000305 668.27398682
78.80000305 668.42639160
78.80000305 668.57879639
78.80000305 668.73120117
79.41840363 668.88360596
79.41840363 669.03601074
79.67060089 669.18841553
79.93900299 669.34082031
79.67620087 669.49322510
79.71050262 669.64562988
79.44349670 669.79797363
78.80000305 669.95037842
78.80000305 670.10278320
78.80000305 670.25518799
78.80000305 670.40759277
78.80000305 670.55999756
78.80000305 670.71240234
78.80000305 670.86480713
78.80000305 671.01721191
78.80000305 671.16961670
78.80000305 671.32202148
78.80000305 671.47442627
78.80000305 671.62677002
78.80000305 671.77917480
78.80000305 671.93157959
78.80000305 672.08398438
78.80000305 672.23638916
78.80000305 672.38879395
78.80000305 672.54119873
78.80000305 672.69360352
78.80000305 672.84600830
78.80000305 672.99841309
78.80000305 673.15081787
78.80000305 673.30322266
78.80000305 673.45562744
78.80000305 673.60797119
78.80000305 673.76037598
78.80000305 673.91278076
78.80000305 674.06518555
78.80000305 674.21759033
78.80000305 674.36999512
78.80000305 674.52239990
78.80000305 674.67480469
78.80000305 674.82720947
78.80000305 674.97961426
78.80000305 675.13201904
78.80000305 675.28442383
78.80000305 675.43682861
78.80000305 675.58917236
78.80000305 675.74157715
78.80000305 675.89398193
78.80000305 676.04638672
78.80000305 676.19879150
78.80000305 676.35119629
78.80000305 676.50360107
78.80000305 676.65600586
78.80000305 676.80841064
78.80000305 676.96081543
78.80000305 677.11322021
78.80000305 677.26562500
78.80000305 677.41802979
78.80000305 677.57037354
78.80000305 677.72277832
78.80000305 677.87518311
78.80000305 678.02758789
78.80000305 678.17999268
78.80000305 678.33239746
78.80000305 678.48480225
78.80000305 678.63720703
78.80000305 678.78961182
78.80000305 678.94201660
78.80000305 679.09442139
78.80000305 679.24682617
78.80000305 679.39916992
78.80000305 679.55157471
78.80000305 679.70397949
78.80000305 679.85638428
78.80000305 680.00878906
78.80000305 680.16119385
78.80000305 680.31359863
78.80000305 680.46600342
78.80000305 680.61840820
78.80000305 680.77081299
78.80000305 680.92321777
78.80000305 681.07562256
78.89469910 681.22802734
78.98950195 681.38037109
79.08419800 681.53277588
79.17890167 681.68518066
79.27369690 681.83758545
79.36840057 681.98999023
79.46320343 682.14239502
79.55789948 682.29479980
79.65260315 682.44720459
79.74739838 682.59960938
79.84210205 682.75201416
79.93679810 682.90441895
80.03160095 683.05682373
80.12629700 683.20922852
80.22109985 683.36157227
80.31580353 683.51397705
80.41049957 683.66638184
80.50530243 683.81878662
80.59999847 683.97119141
80.59999847 684.12359619
80.59999847 684.27600098
80.59999847 684.42840576
80.59999847 684.58081055
80.59999847 684.73321533
80.59999847 684.88562012
80.59999847 685.03802490
80.59999847 685.19042969
80.59999847 685.34277344
80.59999847 685.49517822
80.59999847 685.64758301
80.59999847 685.79998779
80.59999847 685.95239258
80.59999847 686.10479736
80.59999847 686.25720215
80.59999847 686.40960693
80.59999847 686.56201172
80.59999847 686.71441650
80.59999847 686.86682129
80.59999847 687.01922607
80.59999847 687.17156982
80.59999847 687.32397461
80.59999847 687.47637939
80.59999847 687.62878418
80.59999847 687.78118896
80.59999847 687.93359375
80.59999847 688.08599854
80.59999847 688.23840332
80.59999847 688.39080811
80.59999847 688.54321289
80.59999847 688.69561768
80.59999847 688.84802246
80.59999847 689.00042725
80.59999847 689.15277100
80.59999847 689.30517578
80.59999847 689.45758057
80.51429749 689.60998535
80.42859650 689.76239014
80.34290314 689.91479492
80.25710297 690.06719971
80.17140198 690.21960449
80.08570099 690.37200928
80.00000000 690.52441406
79.91429901 690.67681885
79.82859802 690.82922363
79.74289703 690.98162842
79.65709686 691.13397217
79.57140350 691.28637695
79.48570251 691.43878174
79.40000153 691.59118652
79.31430054 691.74359131
79.22859955 691.89599609
79.14289856 692.04840088
79.05709839 692.20080566
78.97139740 692.35321045
78.88569641 692.50561523
78.80000305 692.65802002
78.80000305 692.81042480
78.80000305 692.96282959
78.80000305 693.11517334
78.80000305 693.26757812
78.80000305 693.41998291
78.80000305 693.57238770
78.80000305 693.72479248
78.80000305 693.87719727
78.80000305 694.02960205
78.80000305 694.18200684
78.80000305 694.33441162
78.80000305 694.48681641
78.80000305 694.63922119
78.80000305 694.79162598
78.80000305 694.94396973
78.80000305 695.09637451
78.80000305 695.24877930
78.80000305 695.40118408
78.80000305 695.55358887
78.80000305 695.70599365
78.80000305 695.85839844
78.80000305 696.01080322
78.80000305 696.16320801
78.80000305 696.31561279
78.80000305 696.46801758
78.80000305 696.62042236
78.80000305 696.77282715
78.80000305 696.92517090
78.80000305 697.07757568
78.80000305 697.22998047
78.80000305 697.38238525
78.80000305 697.53479004
79.16000366 697.68719482
79.51999664 697.83959961
79.87999725 697.99200439
80.23999786 698.14440918
80.59999847 698.29681396
80.59999847 698.44921875
80.59999847 698.60162354
80.59999847 698.75402832
80.59999847 698.90637207
80.59999847 699.05877686
79.69999695 699.21118164
78.80000305 699.36358643
78.80000305 699.51599121
78.80000305 699.66839600
78.80000305 699.82080078
78.80000305 699.97320557
78.80000305 700.12561035
78.80000305 700.27801514
78.80000305 700.43041992
78.80000305 700.58282471
78.80000305 700.73522949
78.80000305 700.88757324
78.80000305 701.03997803
78.80000305 701.19238281
78.80000305 701.34478760
78.80000305 701.49719238
78.80000305 701.64959717
78.80000305 701.80200195
78.80000305 701.95440674
78.80000305 702.10681152
78.80000305 702.25921631
78.80000305 702.41162109
78.80000305 702.56402588
78.80000305 702.71636963
78.80000305 702.86877441
78.80000305 703.02117920
78.80000305 703.17358398
78.80000305 703.32598877
78.80000305 703.47839355
78.80000305 703.63079834
78.80000305 703.78320312
78.80000305 703.93560791
78.80000305 704.08801270
78.80000305 704.24041748
78.80000305 704.39282227
78.80000305 704.54522705
78.80000305 704.69757080
78.80000305 704.84997559
78.80000305 705.00238037
78.80000305 705.15478516
78.80000305 705.30718994
78.80000305 705.45959473
78.80000305 705.61199951
78.80000305 705.76440430
78.80000305 705.91680908
78.80000305 706.06921387
78.80000305 706.22161865
78.80000305 706.37402344
78.80000305 706.52642822
78.80000305 706.67877197
78.80000305 706.83117676
79.77790070 706.98358154
80.59999847 707.13598633
80.59999847 707.28839111
80.59999847 707.44079590
80.59999847 707.59320068
80.59999847 707.74560547
80.59999847 707.89801025
80.59999847 708.05041504
80.59999847 708.20281982
80.59999847 708.35522461
80.59999847 708.50762939
80.59999847 708.65997314
80.59999847 708.81237793
80.59999847 708.96478271
80.59999847 709.11718750
80.59999847 709.26959229
80.59999847 709.42199707
80.59999847 709.57440186
80.59999847 709.72680664
80.59999847 709.87921143
80.59999847 710.03161621
80.59999847 710.18402100
80.59999847 710.33642578
80.59999847 710.48876953
80.46150208 710.64117432
80.32309723 710.79357910
80.18460083 710.94598389
80.04620361 711.09838867
79.90769958 711.25079346
79.76920319 711.40319824
79.63079834 711.55560303
79.49230194 711.70800781
79.35379791 711.86041260
79.21540070 712.01281738
79.07689667 712.16522217
78.93849945 712.31762695
78.80000305 712.46997070
78.80000305 712.62237549
78.80000305 712.77478027
78.80000305 712.92718506
78.80000305 713.07958984
78.80000305 713.23199463
78.80000305 713.38439941
78.80000305 713.53680420
78.80000305 713.68920898
78.80000305 713.84161377
78.80000305 713.99401855
78.80000305 714.14642334
78.80000305 714.29882812
78.80000305 714.45117188
78.80000305 714.60357666
78.80000305 714.75598145
78.80000305 714.90838623
78.80000305 715.06079102
78.80000305 715.21319580
78.80000305 715.36560059
78.80000305 715.51800537
78.80000305 715.67041016
78.80000305 715.82281494
78.80000305 715.97521973
78.80000305 716.12762451
78.80000305 716.28002930
78.80000305 716.43237305
78.80000305 716.58477783
78.80000305 716.73718262
78.80000305 716.88958740
78.80000305 717.04199219
78.80000305 717.19439697
78.80000305 717.34680176
78.80000305 717.49920654
78.80000305 717.65161133
78.80000305 717.80401611
78.80000305 717.95642090
78.80000305 718.10882568
78.80000305 718.26123047
78.80000305 718.41357422
78.80000305 718.56597900
78.80000305 718.71838379
78.80000305 718.87078857
78.80000305 719.02319336
78.80000305 719.17559814
78.80000305 719.32800293
78.80000305 719.48040771
78.80000305 719.63281250
78.80000305 719.78521729
78.80000305 719.93762207
78.80000305 720.09002686
78.80000305 720.24237061
78.80000305 720.39477539
78.80000305 720.54718018
78.80000305 720.69958496
78.80000305 720.85198975
78.80000305 721.00439453
78.80000305 721.15679932
78.80000305 721.30920410
78.80000305 721.46160889
78.80000305 721.61401367
78.80000305 721.76641846
78.80000305 721.91882324
78.80000305 722.07122803
78.80000305 722.22357178
78.80000305 722.37597656
78.80000305 722.52838135
78.80000305 722.68078613
78.80000305 722.83319092
78.80000305 722.98559570
78.80000305 723.13800049
78.80000305 723.29040527
78.80000305 723.44281006
78.80000305 723.59521484
78.80000305 723.74761963
78.80000305 723.90002441
78.80000305 724.05242920
78.80000305 724.20477295
78.80000305 724.35717773
78.80000305 724.50958252
78.80000305 724.66198730
78.80000305 724.81439209
78.80000305 724.96679688
78.80000305 725.11920166
78.80000305 725.27160645
78.80000305 725.42401123
78.80000305 725.57641602
78.80000305 725.72882080
78.80000305 725.88122559
79.64900208 726.03363037
80.59999847 726.18597412
80.59999847 726.33837891
80.59999847 726.49078369
80.59999847 726.64318848
80.59999847 726.79559326
80.59999847 726.94799805
80.59999847 727.10040283
80.59999847 727.25280762
80.59999847 727.40521240
80.15000153 727.55761719
79.69999695 727.71002197
79.25000000 727.86242676
78.80000305 728.01477051
78.80000305 728.16717529
78.80000305 728.31958008
78.80000305 728.47198486
78.80000305 728.62438965
78.80000305 728.77679443
78.80000305 728.92919922
78.80000305 729.08160400
78.80000305 729.23400879
78.80000305 729.38641357
78.80000305 729.53881836
78.80000305 729.69122314
78.80000305 729.84362793
78.80000305 729.99597168
78.80000305 730.14837646
78.80000305 730.30078125
78.80000305 730.45318604
78.80000305 730.60559082
78.80000305 730.75799561
78.80000305 730.91040039
78.80000305 731.06280518
78.80000305 731.21520996
78.80000305 731.36761475
78.80000305 731.52001953
78.80000305 731.67242432
78.80000305 731.82482910
78.80000305 731.97717285
78.80000305 732.12957764
78.80000305 732.28198242
78.80000305 732.43438721
78.80000305 732.58679199
78.80000305 732.73919678
78.80000305 732.89160156
78.80000305 733.04400635
78.80000305 733.19641113
78.80000305 733.34881592
78.83049774 733.50122070
78.86100006 733.65362549
78.89150238 733.80603027
78.92199707 733.95837402
78.95249939 734.11077881
78.98310089 734.26318359
79.01360321 734.41558838
79.04409790 734.56799316
79.07460022 734.72039795
79.10510254 734.87280273
79.13559723 735.02520752
79.16609955 735.17761230
79.19660187 735.33001709
79.22709656 735.48242188
79.25759888 735.63482666
79.28810120 735.78717041
79.31860352 735.93957520
79.34919739 736.09197998
79.37969971 736.24438477
79.41020203 736.39678955
79.44069672 736.54919434
79.47119904 736.70159912
79.50170135 736.85400391
79.53220367 737.00640869
79.56269836 737.15881348
79.59320068 737.31121826
79.62370300 737.46362305
79.65419769 737.61602783
79.68470001 737.76837158
79.71530151 737.92077637
79.74579620 738.07318115
79.77629852 738.22558594
79.80680084 738.37799072
79.83730316 738.53039551
79.86779785 738.68280029
79.89830017 738.83520508
79.92880249 738.98760986
79.95929718 739.14001465
79.98979950 739.29241943
80.02030182 739.44482422
80.05079651 739.59722900
80.08139801 739.74957275
80.11190033 739.90197754
80.14240265 740.05438232
80.17289734 740.20678711
80.20339966 740.35919189
80.23390198 740.51159668
80.26439667 740.66400146
80.29489899 740.81640625
80.32540131 740.96881104
80.35590363 741.12121582
80.38639832 741.27362061
80.41690063 741.42602539
80.44750214 741.57843018
80.47799683 741.73077393
80.50849915 741.88317871
80.53900146 742.03558350
80.56950378 742.18798828
80.59999847 742.34039307
80.59999847 742.49279785
80.59999847 742.64520264
80.59999847 742.79760742
80.59999847 742.95001221
80.59999847 743.10241699
80.59999847 743.25482178
80.59999847 743.40722656
80.59999847 743.55957031
80.59999847 743.71197510
80.59999847 743.86437988
80.59999847 744.01678467
80.59999847 744.16918945
80.59999847 744.32159424
80.59999847 744.47399902
80.59999847 744.62640381
80.59999847 744.77880859
80.59999847 744.93121338
80.59999847 745.08361816
80.59999847 745.23602295
80.59999847 745.38842773
80.59999847 745.54077148
80.59999847 745.69317627
80.59999847 745.84558105
80.59999847 745.99798584
80.59999847 746.15039062
80.59999847 746.30279541
80.59999847 746.45520020
80.59999847 746.60760498
80.59999847 746.76000977
80.59999847 746.91241455
80.59999847 747.06481934
80.59999847 747.21722412
80.59999847 747.36962891
80.59999847 747.52197266
80.59999847 747.67437744
80.59999847 747.82678223
80.59999847 747.97918701
80.59999847 748.13159180
80.59999847 748.28399658
80.59999847 748.43640137
80.59999847 748.58880615
80.59999847 748.74121094
80.59999847 748.89361572
80.59999847 749.04602051
80.59999847 749.19842529
80.59999847 749.35083008
80.59999847 749.50317383
80.59999847 749.65557861
80.50000000 749.80798340
80.40000153 749.96038818
80.30000305 750.11279297
80.19999695 750.26519775
80.09999847 750.41760254
80.00000000 750.57000732
79.90000153 750.72241211
79.80000305 750.87481689
79.69999695 751.02722168
79.59999847 751.17962646
79.50000000 751.33197021
79.40000153 751.48437500
79.30000305 751.63677979
79.19999695 751.78918457
79.09999847 751.94158936
79.00000000 752.09399414
78.90000153 752.24639893
78.80000305 752.39880371
78.80000305 752.55120850
78.80000305 752.70361328
79.40360260 752.85601807
79.66649628 753.00842285
80.11759949 753.16082764
80.59999847 753.31317139
80.59999847 753.46557617
80.59999847 753.61798096
80.59999847 753.77038574
80.59999847 753.92279053
80.59999847 754.07519531
80.59999847 754.22760010
80.59999847 754.38000488
80.59999847 754.53240967
80.59999847 754.68481445
80.59999847 754.83721924
80.59999847 754.98962402
80.59999847 755.14202881
80.59999847 755.29437256
80.59999847 755.44677734
80.59999847 755.59918213
79.95339966 755.75158691
79.93579865 755.90399170
79.66709900 756.05639648
79.44660187 756.20880127
79.44660187 756.36120605
78.80000305 756.51361084
78.80000305 756.66601562
79.05709839 756.81842041
79.31430054 756.97082520
79.57140350 757.12322998
79.82859802 757.27557373
80.08570099 757.42797852
80.34290314 757.58038330
80.59999847 757.73278809
80.59999847 757.88519287
80.59999847 758.03759766
80.59999847 758.19000244
80.59999847 758.34240723
80.59999847 758.49481201
80.59999847 758.64721680
80.40000153 758.79962158
80.19999695 758.95202637
80.00000000 759.10437012
79.80000305 759.25677490
79.59999847 759.40917969
79.40000153 759.56158447
79.19999695 759.71398926
79.00000000 759.86639404
78.80000305 760.01879883
78.80000305 760.17120361
78.80000305 760.32360840
78.80000305 760.47601318
78.80000305 760.62841797
78.80000305 760.78082275
78.86430359 760.93322754
78.92859650 761.08557129
78.99289703 761.23797607
79.05709839 761.39038086
79.12139893 761.54278564
79.18569946 761.69519043
79.25000000 761.84759521
79.31430054 762.00000000
79.37860107 762.15240479
79.44290161 762.30480957
79.50710297 762.45721436
79.57140350 762.60961914
79.63569641 762.76202393
79.69999695 762.91442871
79.76429749 763.06677246
79.82859802 763.21917725
79.89289856 763.37158203
79.95709991 763.52398682
80.02140045 763.67639160
80.08570099 763.82879639
80.15000153 763.98120117
80.21430206 764.13360596
80.27860260 764.28601074
80.34290314 764.43841553
80.40709686 764.59082031
80.47139740 764.74322510
80.53569794 764.89562988
80.59999847 765.04797363
80.59999847 765.20037842
80.59999847 765.35278320
80.59999847 765.50518799
80.59999847 765.65759277
80.59999847 765.80999756
80.59999847 765.96240234
80.59999847 766.11480713
80.59999847 766.26721191
80.59999847 766.41961670
80.59999847 766.57202148
80.59999847 766.72442627
80.59999847 766.87677002
80.59999847 767.02917480
80.59999847 767.18157959
80.59999847 767.33398438
80.59999847 767.48638916
80.59999847 767.63879395
80.59999847 767.79119873
80.59999847 767.94360352
80.59999847 768.09600830
80.59999847 768.24841309
80.59999847 768.40081787
80.59999847 768.55322266
80.59999847 768.70562744
80.59999847 768.85797119
80.59999847 769.01037598
80.59999847 769.16278076
80.59999847 769.31518555
80.59999847 769.46759033
80.59999847 769.61999512
80.59999847 769.77239990
80.59999847 769.92480469
80.59999847 770.07720947
80.59999847 770.22961426
80.59999847 770.38201904
80.59999847 770.53442383
80.59999847 770.68682861
80.59999847 770.83917236
80.59999847 770.99157715
80.59999847 771.14398193
80.59999847 771.29638672
80.59999847 771.44879150
80.59999847 771.60119629
80.59999847 771.75360107
80.59999847 771.90600586
80.59999847 772.05841064
80.59999847 772.21081543
80.59999847 772.36322021
80.59999847 772.51562500
80.59999847 772.66802979
80.59999847 772.82037354
80.59999847 772.97277832
80.59999847 773.12518311
80.59999847 773.27758789
80.59999847 773.42999268
80.59999847 773.58239746
80.59999847 773.73480225
80.59999847 773.88720703
80.59999847 774.03961182
80.59999847 774.19201660
80.59999847 774.34442139
80.59999847 774.49682617
80.59999847 774.64916992
80.59999847 774.80157471
80.59999847 774.95397949
80.59999847 775.10638428
80.59999847 775.25878906
80.59999847 775.41119385
80.55809784 775.56359863
80.51629639 775.71600342
80.47440338 775.86840820
80.43260193 776.02081299
80.39070129 776.17321777
80.34880066 776.32562256
80.30699921 776.47802734
80.26509857 776.63037109
80.22329712 776.78277588
80.18139648 776.93518066
80.13950348 777.08758545
80.09770203 777.23999023
80.05580139 777.39239502
80.01399994 777.54479980
79.97209930 777.69720459
79.93019867 777.84960938
79.88839722 778.00201416
79.84649658 778.15441895
79.80470276 778.30682373
79.76280212 778.45922852
79.72090149 778.61157227
79.67910004 778.76397705
79.63719940 778.91638184
79.59529877 779.06878662
79.55349731 779.22119141
79.51159668 779.37359619
79.46980286 779.52600098
79.42790222 779.67840576
79.38600159 779.83081055
79.34420013 779.98321533
79.30229950 780.13562012
79.26049805 780.28802490
79.21859741 780.44042969
79.17669678 780.59277344
79.13490295 780.74517822
79.09300232 780.89758301
79.05120087 781.04998779
79.00930023 781.20239258
78.96739960 781.35479736
78.92559814 781.50720215
78.88369751 781.65960693
78.84190369 781.81201172
78.80000305 781.96441650
79.28659821 782.11682129
79.28659821 782.26922607
79.37940216 782.42156982
79.49140167 782.57397461
79.49610138 782.72637939
79.70179749 782.87878418
79.70179749 783.03118896
78.80000305 783.18359375
78.80000305 783.33599854
78.80000305 783.48840332
78.80000305 783.64080811
78.80000305 783.79321289
78.80000305 783.94561768
78.80000305 784.09802246
79.21499634 784.25042725
79.33560181 784.40277100
79.58840179 784.55517578
79.89929962 784.70758057
79.89929962 784.85998535
80.59999847 785.01239014
80.59999847 785.16479492
80.59999847 785.31719971
80.59999847 785.46960449
80.59999847 785.62200928
80.59999847 785.77441406
80.59999847 785.92681885
80.59999847 786.07922363
80.59999847 786.23162842
80.59999847 786.38397217
80.59999847 786.53637695
80.59999847 786.68878174
80.59999847 786.84118652
80.59999847 786.99359131
80.59999847 787.14599609
80.59999847 787.29840088
80.59999847 787.45080566
80.59999847 787.60321045
80.59999847 787.75561523
80.59999847 787.90802002
80.59999847 788.06042480
80.59999847 788.21282959
80.59999847 788.36517334
80.59999847 788.51757812
80.59999847 788.66998291
80.59999847 788.82238770
80.59999847 788.97479248
80.59999847 789.12719727
80.59999847 789.27960205
80.59999847 789.43200684
80.59999847 789.58441162
80.59999847 789.73681641
80.59999847 789.88922119
80.59999847 790.04162598
80.59999847 790.19396973
80.59999847 790.34637451
80.59999847 790.49877930
80.59999847 790.65118408
80.59999847 790.80358887
80.59999847 790.95599365
80.59999847 791.10839844
80.59999847 791.26080322
80.59999847 791.41320801
80.59999847 791.56561279
80.59999847 791.71801758
80.59999847 791.87042236
80.59999847 792.02282715
80.59999847 792.17517090
80.59999847 792.32757568
80.59999847 792.47998047
80.59999847 792.63238525
80.59999847 792.78479004
80.59999847 792.93719482
80.59999847 793.08959961
80.59999847 793.24200439
80.59999847 793.39440918
80.59999847 793.54681396
80.59999847 793.69921875
80.59999847 793.85162354
80.59999847 794.00402832
80.59999847 794.15637207
80.59999847 794.30877686
80.59999847 794.46118164
80.59999847 794.61358643
80.59999847 794.76599121
80.59999847 794.91839600
80.59999847 795.07080078
80.59999847 795.22320557
80.59999847 795.37561035
80.59999847 795.52801514
80.59999847 795.68041992
80.59999847 795.83282471
80.59999847 795.98522949
80.59999847 796.13757324
80.59999847 796.28997803
80.59999847 796.44238281
80.59999847 796.59478760
80.59999847 796.74719238
80.59999847 796.89959717
80.59999847 797.05200195
80.59999847 797.20440674
80.59999847 797.35681152
80.59999847 797.50921631
80.59999847 797.66162109
80.59999847 797.81402588
80.59999847 797.96636963
80.59999847 798.11877441
80.59999847 798.27117920
80.59999847 798.42358398
80.59999847 798.57598877
80.59999847 798.72839355
80.59999847 798.88079834
80.59999847 799.03320312
80.59999847 799.18560791
80.59999847 799.33801270
80.59999847 799.49041748
80.59999847 799.64282227
80.59999847 799.79522705
80.59999847 799.94757080
80.59999847 800.09997559
80.59999847 800.25238037
80.59999847 800.40478516
80.59999847 800.55718994
80.59999847 800.70959473
80.59999847 800.86199951
80.59999847 801.01440430
80.59999847 801.16680908
80.59999847 801.31921387
80.59999847 801.47161865
80.59999847 801.62402344
80.59999847 801.77642822
80.59999847 801.92877197
80.59999847 802.08117676
80.59999847 802.23358154
80.59999847 802.38598633
80.66210175 802.53839111
80.72409821 802.69079590
80.78620148 802.84320068
80.84829712 802.99560547
80.91030121 803.14801025
80.97239685 803.30041504
81.03450012 803.45281982
81.09660339 803.60522461
81.15859985 803.75762939
81.22070312 803.90997314
81.28279877 804.06237793
81.34480286 804.21478271
81.40689850 804.36718750
81.46900177 804.51959229
81.53099823 804.67199707
81.59310150 804.82440186
81.65519714 804.97680664
81.71720123 805.12921143
81.77929688 805.28161621
81.84140015 805.43402100
81.90339661 805.58642578
81.96549988 805.73876953
82.02760315 805.89117432
82.08969879 806.04357910
82.15170288 806.19598389
82.21379852 806.34838867
82.27590179 806.50079346
82.33789825 806.65319824
82.40000153 806.80560303
82.40000153 806.95800781
82.40000153 807.11041260
82.40000153 807.26281738
82.40000153 807.41522217
82.40000153 807.56762695
82.32800293 807.71997070
82.25599670 807.87237549
82.18399811 808.02478027
82.11199951 808.17718506
82.04000092 808.32958984
81.96800232 808.48199463
81.89600372 808.63439941
81.82399750 808.78680420
81.75199890 808.93920898
81.68000031 809.09161377
81.60800171 809.24401855
81.53600311 809.39642334
81.46399689 809.54882812
81.39199829 809.70117188
81.31999969 809.85357666
81.24800110 810.00598145
81.17600250 810.15838623
81.10399628 810.31079102
81.03199768 810.46319580
80.95999908 810.61560059
80.88800049 810.76800537
80.81600189 810.92041016
80.74400330 811.07281494
80.67199707 811.22521973
80.59999847 811.37762451
80.59999847 811.53002930
80.59999847 811.68237305
80.59999847 811.83477783
80.59999847 811.98718262
80.59999847 812.13958740
80.59999847 812.29199219
80.59999847 812.44439697
80.59999847 812.59680176
80.59999847 812.74920654
80.59999847 812.90161133
80.59999847 813.05401611
80.59999847 813.20642090
80.59999847 813.35882568
80.59999847 813.51123047
80.59999847 813.66357422
80.59999847 813.81597900
80.59999847 813.96838379
80.59999847 814.12078857
80.59999847 814.27319336
80.59999847 814.42559814
80.59999847 814.57800293
80.59999847 814.73040771
80.59999847 814.88281250
80.59999847 815.03521729
80.59999847 815.18762207
80.59999847 815.34002686
80.59999847 815.49237061
80.59999847 815.64477539
80.59999847 815.79718018
80.59999847 815.94958496
80.59999847 816.10198975
80.59999847 816.25439453
80.59999847 816.40679932
80.59999847 816.55920410
80.59999847 816.71160889
80.59999847 816.86401367
80.59999847 817.01641846
80.59999847 817.16882324
80.59999847 817.32122803
80.59999847 817.47357178
80.59999847 817.62597656
80.59999847 817.77838135
80.59999847 817.93078613
80.59999847 818.08319092
80.59999847 818.23559570
80.59999847 818.38800049
80.59999847 818.54040527
80.59999847 818.69281006
80.59999847 818.84521484
80.59999847 818.99761963
80.59999847 819.15002441
80.59999847 819.30242920
80.59999847 819.45477295
80.59999847 819.60717773
80.59999847 819.75958252
80.59999847 819.91198730
80.59999847 820.06439209
80.59999847 820.21679688
80.59999847 820.36920166
80.59999847 820.52160645
80.59999847 820.67401123
80.59999847 820.82641602
80.59999847 820.97882080
80.59999847 821.13122559
80.59999847 821.28363037
80.59999847 821.43597412
80.59999847 821.58837891
80.59999847 821.74078369
80.59999847 821.89318848
80.59999847 822.04559326
80.59999847 822.19799805
80.59999847 822.35040283
80.59999847 822.50280762
80.59999847 822.65521240
80.59999847 822.80761719
80.59999847 822.96002197
80.59999847 823.11242676
80.59999847 823.26477051
80.59999847 823.41717529
80.59999847 823.56958008
80.59999847 823.72198486
80.59999847 823.87438965
80.59999847 824.02679443
80.59999847 824.17919922
80.59999847 824.33160400
80.59999847 824.48400879
80.59999847 824.63641357
80.59999847 824.78881836
80.59999847 824.94122314
80.59999847 825.09362793
80.59999847 825.24597168
80.59999847 825.39837646
80.59999847 825.55078125
80.59999847 825.70318604
80.59999847 825.85559082
80.59999847 826.00799561
80.59999847 826.16040039
80.59999847 826.31280518
80.59999847 826.46520996
80.59999847 826.61761475
80.59999847 826.77001953
80.59999847 826.92242432
80.59999847 827.07482910
80.59999847 827.22717285
80.59999847 827.37957764
80.70590210 827.53198242
80.81179810 827.68438721
80.91760254 827.83679199
81.02349854 827.98919678
81.12940216 828.14160156
81.23529816 828.29400635
81.34120178 828.44641113
81.44709778 828.59881592
81.55290222 828.75122070
81.65879822 828.90362549
81.76470184 829.05603027
81.87059784 829.20837402
81.97650146 829.36077881
82.08239746 829.51318359
82.18820190 829.66558838
82.29409790 829.81799316
82.40000153 829.97039795
82.40000153 830.12280273
82.40000153 830.27520752
82.40000153 830.42761230
82.40000153 830.58001709
82.40000153 830.73242188
82.40000153 830.88482666
82.32499695 831.03717041
82.25000000 831.18957520
82.17500305 831.34197998
82.09999847 831.49438477
82.02500153 831.64678955
81.94999695 831.79919434
81.87500000 831.95159912
81.80000305 832.10400391
81.72499847 832.25640869
81.65000153 832.40881348
81.57499695 832.56121826
81.50000000 832.71362305
81.42500305 832.86602783
81.34999847 833.01837158
81.27500153 833.17077637
81.19999695 833.32318115
81.12500000 833.47558594
81.05000305 833.62799072
80.97499847 833.78039551
80.90000153 833.93280029
80.82499695 834.08520508
80.75000000 834.23760986
80.67500305 834.39001465
80.59999847 834.54241943
80.59999847 834.69482422
80.59999847 834.84722900
80.59999847 834.99957275
80.59999847 835.15197754
80.59999847 835.30438232
80.59999847 835.45678711
80.59999847 835.60919189
80.59999847 835.76159668
80.59999847 835.91400146
80.59999847 836.06640625
80.59999847 836.21881104
80.59999847 836.37121582
80.59999847 836.52362061
80.59999847 836.67602539
80.59999847 836.82843018
80.59999847 836.98077393
80.59999847 837.13317871
80.59999847 837.28558350
80.59999847 837.43798828
80.59999847 837.59039307
80.59999847 837.74279785
80.59999847 837.89520264
80.59999847 838.04760742
80.59999847 838.20001221
80.59999847 838.35241699
80.59999847 838.50482178
80.59999847 838.65722656
80.59999847 838.80957031
80.59999847 838.96197510
80.59999847 839.11437988
80.59999847 839.26678467
80.59999847 839.41918945
80.59999847 839.57159424
80.59999847 839.72399902
80.59999847 839.87640381
80.59999847 840.02880859
80.59999847 840.18121338
80.59999847 840.33361816
