57.55509949 343.96679688
31.23810005 344.11920166
16.40519905 344.27160645
3.77679992 344.42401123
1.19019997 344.57638550
1.19710004 344.72879028
1.20659995 344.88119507
1.23409998 345.03359985
1.26359999 345.18600464
1.30809999 345.33840942
1.31739998 345.49081421
1.31700003 345.64318848
1.31299996 345.79559326
1.30789995 345.94799805
1.30260003 346.10040283
1.29920006 346.25280762
1.29869998 346.40521240
1.29700005 346.55758667
1.29560006 346.70999146
1.29209995 346.86239624
1.28960001 347.01480103
1.28540003 347.16720581
1.28380001 347.31961060
1.28079998 347.47198486
1.27900004 347.62438965
1.27820003 347.77679443
1.27649999 347.92919922
1.27429998 348.08160400
1.26989996 348.23400879
1.26779997 348.38641357
1.26320004 348.53878784
1.25870001 348.69119263
1.25329995 348.84359741
1.24870002 348.99600220
1.24430001 349.14840698
1.24080002 349.30081177
1.24489999 349.45318604
1.25279999 349.60559082
1.26049995 349.75799561
1.27460003 349.91040039
1.29180002 350.06280518
1.31509995 350.21520996
1.32739997 350.36761475
1.33889997 350.51998901
1.35039997 350.67239380
1.35730004 350.82479858
1.36819994 350.97720337
1.37279999 351.12960815
1.36689997 351.28201294
1.36580002 351.43438721
1.36310005 351.58679199
1.35360003 351.73919678
1.33459997 351.89160156
1.32249999 352.04400635
1.31379998 352.19641113
1.30700004 352.34878540
1.30630004 352.50119019
1.31019998 352.65359497
1.33700001 352.80599976
1.36440003 352.95840454
1.38619995 353.11080933
1.39639997 353.26321411
1.40610003 353.41558838
1.41520000 353.56799316
1.42670000 353.72039795
1.44369996 353.87280273
1.50399995 354.02520752
1.53260005 354.17761230
1.48150003 354.32998657
1.41030002 354.48239136
1.36520004 354.63479614
1.31509995 354.78720093
1.28359997 354.93960571
1.26569998 355.09201050
1.26619995 355.24438477
1.28740001 355.39678955
1.32609999 355.54919434
1.35389996 355.70159912
1.37909997 355.85400391
1.39760005 356.00640869
1.41450000 356.15881348
1.43159997 356.31118774
1.45669997 356.46359253
1.47570002 356.61599731
1.50440001 356.76840210
1.56599998 356.92080688
1.60440004 357.07321167
1.61580002 357.22558594
1.62609994 357.37799072
1.65260005 357.53039551
1.67190003 357.68280029
1.68439996 357.83520508
1.69369996 357.98760986
1.70459998 358.14001465
1.71280003 358.29238892
1.72459996 358.44479370
1.75769997 358.59719849
1.80330002 358.74960327
1.86010003 358.90200806
1.87070000 359.05441284
1.87150002 359.20678711
1.87660003 359.35919189
1.90219998 359.51159668
1.92200005 359.66400146
1.94430006 359.81640625
1.96360004 359.96881104
2.01379991 360.12118530
2.05819988 360.27359009
2.13330007 360.42599487
2.26650000 360.57839966
2.31620002 360.73080444
2.34669995 360.88320923
2.35820007 361.03561401
2.37450004 361.18798828
2.39429998 361.34039307
2.42300010 361.49279785
2.43729997 361.64520264
2.45589995 361.79760742
2.50620008 361.95001221
2.55419993 362.10238647
2.60360003 362.25479126
2.66190004 362.40719604
2.70169997 362.55960083
2.72340012 362.71200562
2.73410010 362.86441040
2.77029991 363.01681519
2.85770011 363.16918945
2.94849992 363.32159424
3.09559989 363.47399902
3.24510002 363.62640381
3.34780002 363.77880859
3.34610009 363.93121338
3.34249997 364.08358765
3.33719993 364.23599243
3.33400011 364.38839722
3.28889990 364.54080200
3.25950003 364.69320679
3.22040009 364.84561157
3.19880009 364.99798584
3.19000006 365.15039062
3.18549991 365.30279541
3.18750000 365.45520020
3.19120002 365.60760498
3.19470000 365.76000977
3.19910002 365.91241455
3.20700002 366.06478882
3.21740007 366.21719360
3.23289990 366.36959839
3.25500011 366.52200317
3.27300000 366.67440796
3.29509997 366.82681274
3.31240010 366.97918701
3.33699989 367.13159180
3.36509991 367.28399658
3.41659999 367.43640137
3.45840001 367.58880615
3.54200006 367.74121094
3.58719993 367.89358521
3.58769989 368.04598999
3.58489990 368.19839478
3.58369994 368.35079956
3.58229995 368.50320435
3.58089995 368.65560913
3.57940006 368.80801392
3.57730007 368.96038818
3.57340002 369.11279297
3.57179999 369.26519775
3.56870008 369.41760254
3.56439996 369.57000732
3.55949998 369.72241211
3.55929995 369.87478638
3.54110003 370.02719116
3.54099989 370.17959595
3.54290009 370.33200073
3.53839993 370.48440552
3.53550005 370.63681030
3.52230000 370.78921509
3.50580001 370.94158936
3.48909998 371.09399414
3.47740006 371.24639893
3.47490001 371.39880371
3.48250008 371.55120850
3.49939990 371.70361328
3.51869988 371.85598755
3.53469992 372.00839233
3.54830003 372.16079712
3.55719995 372.31320190
3.56690001 372.46560669
3.57550001 372.61801147
3.59100008 372.77038574
3.61509991 372.92279053
3.66160011 373.07519531
3.62870002 373.22760010
3.58920002 373.38000488
3.50430012 373.53240967
3.48090005 373.68481445
3.43989992 373.83718872
3.42519999 373.98959351
3.42280006 374.14199829
3.43169999 374.29440308
3.44899988 374.44680786
3.47650003 374.59921265
3.49620008 374.75158691
3.51379991 374.90399170
3.53250003 375.05639648
3.54889989 375.20880127
3.57270002 375.36120605
3.60060000 375.51361084
3.64520001 375.66598511
3.71160007 375.81838989
3.68370008 375.97079468
3.64310002 376.12319946
3.59120011 376.27560425
3.55220008 376.42800903
3.53309989 376.58041382
3.51990008 376.73278809
3.52699995 376.88519287
3.53880000 377.03759766
3.55760002 377.19000244
3.56710005 377.34240723
3.57649994 377.49481201
3.58060002 377.64718628
3.58410001 377.79959106
3.58599997 377.95199585
3.58710003 378.10440063
3.58430004 378.25680542
3.57850003 378.40921021
3.57809997 378.56161499
3.57809997 378.71398926
3.57620001 378.86639404
3.57540011 379.01879883
3.57290006 379.17120361
3.57130003 379.32360840
3.56360006 379.47601318
3.55819988 379.62838745
3.53909993 379.78079224
3.52970004 379.93319702
3.43659997 380.08560181
3.35910010 380.23800659
3.26119995 380.39041138
3.14109993 380.54278564
3.11750007 380.69519043
3.06439996 380.84759521
3.05399990 381.00000000
3.05159998 381.15240479
3.03189993 381.30480957
3.02600002 381.45721436
3.00410008 381.60958862
2.96420002 381.76199341
2.94729996 381.91439819
2.84360003 382.06680298
2.81410003 382.21920776
2.72889996 382.37161255
2.69330001 382.52398682
2.61529994 382.67639160
2.60069990 382.82879639
2.59599996 382.98120117
2.58419991 383.13360596
2.38739991 383.28601074
2.29719996 383.43838501
2.12899995 383.59078979
1.95050001 383.74319458
1.95009995 383.89559937
1.94739997 384.04800415
1.94610000 384.20040894
1.94250000 384.35281372
1.93519998 384.50518799
1.93359995 384.65759277
1.93180001 384.80999756
1.92750001 384.96240234
1.92229998 385.11480713
1.92130005 385.26721191
1.92060006 385.41958618
1.91880000 385.57199097
1.91630006 385.72439575
1.90989995 385.87680054
1.90429997 386.02920532
1.89499998 386.18161011
1.89199996 386.33401489
1.87699997 386.48638916
1.85319996 386.63879395
2.65689993 386.79119873
3.48460007 386.94360352
3.76929998 387.09600830
3.98559999 387.24841309
4.00089979 387.40078735
3.95440006 387.55319214
3.80629992 387.70559692
3.22679996 387.85800171
2.18050003 388.01040649
1.82120001 388.16281128
1.73889995 388.31518555
1.69819999 388.46759033
1.68460000 388.61999512
1.67540002 388.77239990
1.75800002 388.92480469
1.93019998 389.07720947
2.15520000 389.22961426
2.25399995 389.38198853
2.26469994 389.53439331
2.22889996 389.68679810
2.27300000 389.83920288
2.27659988 389.99160767
2.36369991 390.14401245
2.46589994 390.29638672
2.49399996 390.44879150
2.59960008 390.60119629
2.70120001 390.75360107
2.78040004 390.90600586
2.92070007 391.05841064
3.07969999 391.21078491
3.20260000 391.36318970
3.33109999 391.51559448
3.28900003 391.66799927
3.29220009 391.82040405
3.35470009 391.97280884
3.31450009 392.12521362
3.54920006 392.27758789
3.70009995 392.42999268
3.69210005 392.58239746
3.65370011 392.73480225
3.53850007 392.88720703
3.43210006 393.03961182
3.40730000 393.19198608
3.41100001 393.34439087
3.44889998 393.49679565
3.53279996 393.64920044
3.60060000 393.80160522
3.74289989 393.95401001
3.87240005 394.10641479
3.92070007 394.25878906
3.86680007 394.41119385
3.60700011 394.56359863
3.47119999 394.71600342
3.35060000 394.86840820
3.23119998 395.02081299
3.11590004 395.17318726
2.95720005 395.32559204
2.94370008 395.47799683
2.86989999 395.63040161
2.87879992 395.78280640
2.90079999 395.93521118
2.93700004 396.08758545
2.96009994 396.23999023
3.04110003 396.39239502
3.07800007 396.54479980
3.10850000 396.69720459
3.20869994 396.84960938
3.25589991 397.00201416
3.34400010 397.15438843
3.45619988 397.30679321
3.56920004 397.45919800
3.73099995 397.61160278
3.81970000 397.76400757
3.83690000 397.91641235
3.69659996 398.06878662
3.51259995 398.22119141
3.48720002 398.37359619
3.53320003 398.52600098
3.67249990 398.67840576
3.86980009 398.83081055
3.96110010 398.98318481
3.84770012 399.13558960
3.68630004 399.28799438
3.60610008 399.44039917
3.47779989 399.59280396
3.47779989 399.74520874
3.54640007 399.89761353
3.77940011 400.04998779
4.53009987 400.20239258
5.71820021 400.35479736
6.18260002 400.50720215
6.35650015 400.65960693
6.36019993 400.81201172
6.36240005 400.96438599
6.36530018 401.11679077
6.36719990 401.26919556
6.37179995 401.42160034
6.37419987 401.57400513
6.37650013 401.72640991
6.38000011 401.87881470
6.38380003 402.03118896
6.38829994 402.18359375
6.39400005 402.33599854
6.39849997 402.48840332
6.40229988 402.64080811
6.40780020 402.79321289
6.41069984 402.94558716
6.41769981 403.09799194
6.42119980 403.25039673
6.42439985 403.40280151
6.42980003 403.55520630
6.43480015 403.70761108
6.44309998 403.85998535
6.44899988 404.01239014
6.45330000 404.16479492
6.46010017 404.31719971
6.46400023 404.46960449
6.47249985 404.62200928
6.47930002 404.77441406
6.48699999 404.92678833
6.48969984 405.07919312
6.49480009 405.23159790
6.49779987 405.38400269
6.50089979 405.53640747
6.50699997 405.68881226
6.50939989 405.84118652
6.51210022 405.99359131
6.51280022 406.14599609
6.51429987 406.29840088
6.51539993 406.45080566
6.51879978 406.60321045
6.51970005 406.75561523
6.52150011 406.90798950
6.52220011 407.06039429
6.52279997 407.21279907
6.52449989 407.36520386
6.52479982 407.51760864
6.52510023 407.67001343
6.52500010 407.82238770
6.52290010 407.97479248
6.51949978 408.12719727
6.51399994 408.27960205
6.46640015 408.43200684
6.42749977 408.58441162
6.40220022 408.73678589
6.36040020 408.88919067
6.31930017 409.04159546
6.27790022 409.19400024
6.21820021 409.34640503
6.16330004 409.49880981
6.09630013 409.65121460
6.01319981 409.80358887
5.91620016 409.95599365
5.84800005 410.10839844
5.79720020 410.26080322
5.74319983 410.41320801
5.68540001 410.56561279
5.58409977 410.71798706
5.49300003 410.87039185
5.35349989 411.02279663
5.08209991 411.17520142
4.95060015 411.32760620
4.78579998 411.48001099
4.75449991 411.63238525
4.70539999 411.78479004
4.70219994 411.93719482
4.70200014 412.08959961
4.70030022 412.24200439
4.70330000 412.39440918
4.70660019 412.54681396
4.71059990 412.69918823
4.71260023 412.85159302
4.71390009 413.00399780
4.71579981 413.15640259
4.71689987 413.30880737
4.71950006 413.46121216
4.72109985 413.61358643
4.72359991 413.76599121
4.72730017 413.91839600
4.73099995 414.07080078
4.73530006 414.22320557
4.73719978 414.37561035
4.73950005 414.52801514
4.74009991 414.68038940
4.74030018 414.83279419
4.73979998 414.98519897
4.73929977 415.13760376
4.73890018 415.29000854
4.73750019 415.44241333
4.73710012 415.59478760
4.73549986 415.74719238
4.73350000 415.89959717
4.73280001 416.05200195
4.73089981 416.20440674
4.73000002 416.35681152
4.72669983 416.50918579
4.55749989 416.66159058
4.33129978 416.81399536
4.06040001 416.96640015
3.70609999 417.11880493
3.42750001 417.27120972
3.43589997 417.42361450
3.44849992 417.57598877
3.45210004 417.72839355
3.46630001 417.88079834
3.46569991 418.03320312
3.45910001 418.18560791
3.32150006 418.33801270
2.79010010 418.49038696
1.96109998 418.64279175
1.27820003 418.79519653
1.19470000 418.94760132
1.11829996 419.10000610
1.08179998 419.25241089
1.09259999 419.40478516
1.00730002 419.55718994
0.82599998 419.70959473
0.76800001 419.86199951
0.77319998 420.01440430
0.76520002 420.16680908
0.76849997 420.31921387
0.79470003 420.47158813
0.80180001 420.62399292
0.98079997 420.77639771
1.10650003 420.92880249
1.82290006 421.08120728
2.03509998 421.23361206
2.08360004 421.38598633
2.17650008 421.53839111
2.14249992 421.69079590
1.96430004 421.84320068
1.71469998 421.99560547
1.35060000 422.14801025
1.34969997 422.30041504
1.34879994 422.45278931
1.34969997 422.60519409
1.35029995 422.75759888
1.35080004 422.91000366
1.35049999 423.06240845
1.34710002 423.21481323
1.49689996 423.36718750
1.49370003 423.51959229
1.49790001 423.67199707
1.49699998 423.82440186
1.51199996 423.97680664
1.52999997 424.12921143
1.49710000 424.28158569
1.51709998 424.43399048
1.51300001 424.58639526
1.45350003 424.73880005
1.32470000 424.89120483
1.32439995 425.04360962
1.32369995 425.19601440
1.32459998 425.34838867
1.32529998 425.50079346
1.32599998 425.65319824
1.34189999 425.80560303
1.43939996 425.95800781
1.54200006 426.11041260
1.57710004 426.26278687
1.59130001 426.41519165
1.60370004 426.56759644
1.61129999 426.72000122
1.61769998 426.87240601
1.63300002 427.02481079
1.53910005 427.17718506
1.51139998 427.32958984
1.40980005 427.48199463
1.45089996 427.63439941
1.48389995 427.78680420
1.49380004 427.93920898
1.49870002 428.09161377
1.49020004 428.24398804
1.50279999 428.39639282
1.49909997 428.54879761
1.54610002 428.70120239
1.65199995 428.85360718
1.70560002 429.00601196
1.69840002 429.15838623
1.80239999 429.31079102
1.84140003 429.46319580
1.89629996 429.61560059
1.88970006 429.76800537
1.84730005 429.92041016
1.83179998 430.07281494
1.68149996 430.22518921
1.67690003 430.37759399
1.67149997 430.52999878
1.66890001 430.68240356
1.66400003 430.83480835
1.66380000 430.98721313
1.66209996 431.13958740
1.66229999 431.29199219
1.66199994 431.44439697
1.66209996 431.59680176
1.66270006 431.74920654
1.66190004 431.90161133
1.73889995 432.05398560
1.76419997 432.20639038
1.78950000 432.35879517
1.82889998 432.51119995
1.79460001 432.66360474
1.75360000 432.81600952
1.73479998 432.96841431
1.65439999 433.12078857
1.65320003 433.27319336
1.65050006 433.42559814
1.64800000 433.57800293
1.64660001 433.73040771
1.64470005 433.88281250
1.64419997 434.03518677
1.64339995 434.18759155
1.64400005 434.33999634
1.64429998 434.49240112
1.64530003 434.64480591
1.64569998 434.79721069
1.70609999 434.94958496
1.71920002 435.10198975
1.74919999 435.25439453
1.75960004 435.40679932
1.73850000 435.55920410
1.73590004 435.71160889
1.64960003 435.86401367
1.64789999 436.01638794
1.64419997 436.16879272
1.64010000 436.32119751
1.63849998 436.47360229
1.63600004 436.62600708
1.63150001 436.77841187
1.63090003 436.93078613
1.62909997 437.08319092
1.62660003 437.23559570
1.62440002 437.38800049
1.62310004 437.54040527
1.62249994 437.69281006
1.62189996 437.84521484
1.62140000 437.99758911
1.62090003 438.14999390
1.66820002 438.30239868
1.68079996 438.45480347
1.68359995 438.60720825
1.68739998 438.75961304
1.66349995 438.91198730
1.64779997 439.06439209
1.63979995 439.21679688
1.60769999 439.36920166
1.60619998 439.52160645
1.60099995 439.67401123
1.58749998 439.82638550
1.54460001 439.97879028
1.48920000 440.13119507
1.38699996 440.28359985
1.20819998 440.43600464
1.09150004 440.58840942
1.00320005 440.74081421
0.94150001 440.89318848
0.92490000 441.04559326
0.92809999 441.19799805
0.93449998 441.35040283
1.00660002 441.50280762
1.04190004 441.65521240
1.07840002 441.80758667
1.10920000 441.95999146
1.03120005 442.11239624
0.99040002 442.26480103
0.97630000 442.41720581
0.96030003 442.56961060
0.96869999 442.72198486
0.97409999 442.87438965
0.98229998 443.02679443
0.99089998 443.17919922
0.99930000 443.33160400
1.00409997 443.48400879
1.04939997 443.63641357
1.06789994 443.78878784
1.08469999 443.94119263
1.09720004 444.09359741
1.11979997 444.24600220
1.10860002 444.39840698
1.15120006 444.55081177
1.30639994 444.70318604
1.50689995 444.85559082
1.65339994 445.00799561
1.64900005 445.16040039
1.67279994 445.31280518
1.66359997 445.46520996
1.61510003 445.61761475
1.57720006 445.76998901
1.42379999 445.92239380
1.45710003 446.07479858
1.46300006 446.22720337
1.49199998 446.37960815
1.47490001 446.53201294
1.44589996 446.68438721
1.43659997 446.83679199
1.30910003 446.98919678
1.35959995 447.14160156
1.41719997 447.29400635
1.47239995 447.44641113
1.49670005 447.59878540
1.48210001 447.75119019
1.43910003 447.90359497
1.20050001 448.05599976
1.09870005 448.20840454
1.03659999 448.36080933
0.96780002 448.51321411
0.96010000 448.66558838
0.95389998 448.81799316
0.96539998 448.97039795
0.99210000 449.12280273
1.00479996 449.27520752
1.01030004 449.42761230
0.98430002 449.57998657
0.95819998 449.73239136
0.76169997 449.88479614
0.43480000 450.03720093
0.44000000 450.18960571
0.44520000 450.34201050
0.44839999 450.49438477
0.45100001 450.64678955
0.45429999 450.79919434
0.46030000 450.95159912
0.46560001 451.10400391
0.47330001 451.25640869
0.47950000 451.40881348
0.48289999 451.56118774
0.48640001 451.71359253
0.49180001 451.86599731
0.49509999 452.01840210
0.49939999 452.17080688
0.50410002 452.32321167
0.50800002 452.47558594
0.51099998 452.62799072
0.51490003 452.78039551
0.51889998 452.93280029
0.52480000 453.08520508
0.52829999 453.23760986
0.53149998 453.39001465
0.53600001 453.54238892
0.54269999 453.69479370
0.54659998 453.84719849
0.55229998 453.99960327
0.55620003 454.15200806
0.56080002 454.30441284
0.56580001 454.45678711
0.57370001 454.60919189
0.57700002 454.76159668
0.58190000 454.91400146
0.58740002 455.06640625
0.59469998 455.21881104
0.60200000 455.37118530
0.60850000 455.52359009
0.61409998 455.67599487
0.62150002 455.82839966
0.62680000 455.98080444
0.63380003 456.13320923
0.64090002 456.28561401
0.64709997 456.43798828
0.65460002 456.59039307
0.65969998 456.74279785
0.66640002 456.89520264
0.67309999 457.04760742
0.67930001 457.20001221
0.68559998 457.35238647
0.69129997 457.50479126
0.69559997 457.65719604
0.70190001 457.80960083
0.70840001 457.96200562
0.71329999 458.11441040
0.71899998 458.26681519
0.72340000 458.41918945
0.72890002 458.57159424
0.73570001 458.72399902
0.74430001 458.87640381
0.74910003 459.02880859
0.75760001 459.18121338
0.76440001 459.33358765
0.77740002 459.48599243
0.78509998 459.63839722
0.79320002 459.79080200
0.79920000 459.94320679
0.80989999 460.09561157
0.82110000 460.24798584
0.83160001 460.40039062
0.83999997 460.55279541
0.84759998 460.70520020
0.85680002 460.85760498
0.86479998 461.01000977
0.87489998 461.16241455
0.88209999 461.31478882
0.89240003 461.46719360
0.89950001 461.61959839
0.90770000 461.77200317
0.91630000 461.92440796
0.92369998 462.07681274
0.92960000 462.22918701
0.93620002 462.38159180
0.94360000 462.53399658
0.94959998 462.68640137
0.95539999 462.83880615
1.03050005 462.99121094
1.10300004 463.14358521
1.16999996 463.29598999
1.18900001 463.44839478
1.20330000 463.60079956
1.20720005 463.75320435
1.20109999 463.90560913
1.18649995 464.05801392
1.14919996 464.21038818
1.09759998 464.36279297
1.06470001 464.51519775
1.05970001 464.66760254
1.07470000 464.82000732
1.07889998 464.97241211
1.09529996 465.12478638
1.10950005 465.27719116
1.11500001 465.42959595
1.12989998 465.58200073
1.13310003 465.73440552
1.13650000 465.88681030
1.12329996 466.03921509
1.11259997 466.19158936
1.11409998 466.34399414
1.11660004 466.49639893
1.12100005 466.64880371
1.12469995 466.80120850
1.11469996 466.95361328
1.10979998 467.10598755
1.08790004 467.25839233
1.07200003 467.41079712
1.05320001 467.56320190
1.03869998 467.71560669
1.02579999 467.86801147
1.02579999 468.02038574
1.02629995 468.17279053
1.02740002 468.32519531
1.02960002 468.47760010
1.03269994 468.63000488
1.03799999 468.78240967
1.04130006 468.93481445
1.04349995 469.08718872
1.04690003 469.23959351
1.04939997 469.39199829
1.05429995 469.54440308
1.05760002 469.69680786
1.06250000 469.84921265
1.06519997 470.00158691
1.06729996 470.15399170
1.06889999 470.30639648
1.06869996 470.45880127
1.06760001 470.61120605
1.06550002 470.76361084
1.06400001 470.91598511
1.06509995 471.06838989
1.06519997 471.22079468
1.06700003 471.37319946
1.07009995 471.52560425
1.07070005 471.67800903
1.07299995 471.83041382
1.07770002 471.98278809
1.08039999 472.13519287
1.08350003 472.28759766
1.08800006 472.44000244
1.09050000 472.59240723
1.09389997 472.74481201
1.09689999 472.89718628
1.09940004 473.04959106
1.10280001 473.20199585
1.10510004 473.35440063
1.10909998 473.50680542
1.11150002 473.65921021
1.11570001 473.81161499
1.11819994 473.96398926
1.12170005 474.11639404
1.12539995 474.26879883
1.13069999 474.42120361
1.13530004 474.57360840
1.15919995 474.72601318
1.20330000 474.87838745
1.26950002 475.03079224
1.42400002 475.18319702
1.46730006 475.33560181
1.52010000 475.48800659
1.47389996 475.64041138
1.42359996 475.79278564
1.38090003 475.94519043
1.28499997 476.09759521
1.27989995 476.25000000
1.27530003 476.40240479
1.28890002 476.55480957
1.29439998 476.70721436
1.28999996 476.85958862
1.28859997 477.01199341
1.28999996 477.16439819
1.27909994 477.31680298
1.28880000 477.46920776
1.30309999 477.62161255
1.32700002 477.77398682
1.33870006 477.92639160
1.34930003 478.07879639
1.35769999 478.23120117
1.37440002 478.38360596
1.39859998 478.53601074
1.45749998 478.68838501
1.58940005 478.84078979
1.89300001 478.99319458
1.88919997 479.14559937
1.87070000 479.29800415
1.86510003 479.45040894
1.86310005 479.60281372
1.86160004 479.75518799
1.85220003 479.90759277
1.84609997 480.05999756
1.84010005 480.21240234
1.82780004 480.36480713
1.88800001 480.51721191
1.89929998 480.66958618
1.90530002 480.82199097
1.88999999 480.97439575
1.87129998 481.12680054
1.88279998 481.27920532
1.84270000 481.43161011
1.85979998 481.58401489
1.90260005 481.73638916
1.89849997 481.88879395
1.90810001 482.04119873
1.90050006 482.19360352
1.84050000 482.34600830
1.82980001 482.49841309
1.81169999 482.65078735
1.81490004 482.80319214
1.83550000 482.95559692
1.84500003 483.10800171
1.81280005 483.26040649
1.79649997 483.41281128
1.84430003 483.56518555
1.83860004 483.71759033
1.91199994 483.86999512
1.92200005 484.02239990
1.95799994 484.17480469
1.93460000 484.32720947
1.85319996 484.47961426
1.83150005 484.63198853
1.76699996 484.78439331
1.75549996 484.93679810
1.70369995 485.08920288
1.58739996 485.24160767
1.54719996 485.39401245
1.54449999 485.54638672
1.52590001 485.69879150
1.52429998 485.85119629
1.51359999 486.00360107
1.47099996 486.15600586
1.45930004 486.30841064
1.44550002 486.46078491
1.46370006 486.61318970
1.47969997 486.76559448
1.48619998 486.91799927
1.50049996 487.07040405
1.48300004 487.22280884
1.48459995 487.37521362
1.46080005 487.52758789
1.46640003 487.67999268
1.47220004 487.83239746
1.45340002 487.98480225
1.47200000 488.13720703
1.45449996 488.28961182
1.44540000 488.44198608
1.43239999 488.59439087
1.42820001 488.74679565
1.44529998 488.89920044
1.49370003 489.05160522
1.49199998 489.20401001
1.50559998 489.35641479
1.48670006 489.50878906
1.44739997 489.66119385
1.42069995 489.81359863
1.37609994 489.96600342
1.37510002 490.11840820
1.43949997 490.27081299
1.46529996 490.42318726
1.50109994 490.57559204
1.51470006 490.72799683
1.48679996 490.88040161
1.43560004 491.03280640
1.40989995 491.18521118
1.35230005 491.33758545
1.35029995 491.48999023
1.37390006 491.64239502
1.38010001 491.79479980
1.38950002 491.94720459
1.40149999 492.09960938
1.39800000 492.25201416
1.40680003 492.40438843
1.41910005 492.55679321
1.37510002 492.70919800
1.38390005 492.86160278
1.36670005 493.01400757
1.34420002 493.16641235
1.35090005 493.31878662
1.32990003 493.47119141
1.31900001 493.62359619
1.28709996 493.77600098
1.30900002 493.92840576
1.33840001 494.08081055
1.35060000 494.23318481
1.37360001 494.38558960
1.37300003 494.53799438
1.34050000 494.69039917
1.30739999 494.84280396
1.26629996 494.99520874
1.22739995 495.14761353
1.21120000 495.29998779
1.21630001 495.45239258
1.20790005 495.60479736
1.21949995 495.75720215
1.19980001 495.90960693
1.19459999 496.06201172
1.18879998 496.21438599
1.15629995 496.36679077
1.15660000 496.51919556
1.15240002 496.67160034
1.11500001 496.82400513
1.11240005 496.97640991
1.09130001 497.12881470
1.06599998 497.28118896
1.05390000 497.43359375
1.03919995 497.58599854
1.04359996 497.73840332
1.04170001 497.89080811
1.00559998 498.04321289
0.94669998 498.19558716
0.83279997 498.34799194
0.69059998 498.50039673
0.54659998 498.65280151
0.40689999 498.80520630
0.42420000 498.95761108
0.43009999 499.10998535
0.43910000 499.26239014
0.46360001 499.41479492
0.46700001 499.56719971
0.47060001 499.71960449
0.47620001 499.87200928
0.45179999 500.02441406
0.45879999 500.17678833
0.43830001 500.32919312
0.44409999 500.48159790
0.45109999 500.63400269
0.44490001 500.78640747
0.43880001 500.93881226
0.43419999 501.09118652
0.44310001 501.24359131
0.47999999 501.39599609
0.50360000 501.54840088
0.50150001 501.70080566
0.50660002 501.85321045
0.49959999 502.00561523
0.48469999 502.15798950
0.48220000 502.31039429
0.47459999 502.46279907
0.48679999 502.61520386
0.50540000 502.76760864
0.52499998 502.92001343
0.56699997 503.07238770
0.65399998 503.22479248
0.76480001 503.37719727
0.79780000 503.52960205
0.80479997 503.68200684
0.79000002 503.83441162
0.76040000 503.98678589
0.74199998 504.13919067
0.72310001 504.29159546
0.71340001 504.44400024
0.71420002 504.59640503
0.70319998 504.74880981
0.68489999 504.90121460
0.55659997 505.05358887
0.55479997 505.20599365
0.55680001 505.35839844
0.54479998 505.51080322
0.55919999 505.66320801
0.54079998 505.81561279
0.51740003 505.96798706
0.48420000 506.12039185
0.48730001 506.27279663
0.47950000 506.42520142
0.50150001 506.57760620
0.51080000 506.73001099
0.53320003 506.88238525
0.55470002 507.03479004
0.59859997 507.18719482
0.64410001 507.33959961
0.69419998 507.49200439
0.74199998 507.64440918
0.82450002 507.79681396
0.84399998 507.94918823
0.89279997 508.10159302
0.89260000 508.25399780
0.89279997 508.40640259
0.89230001 508.55880737
0.89190000 508.71121216
0.89249998 508.86358643
0.89270002 509.01599121
0.89349997 509.16839600
0.89429998 509.32080078
0.89399999 509.47320557
0.89510000 509.62561035
0.89529997 509.77801514
0.89579999 509.93038940
0.89660001 510.08279419
0.89690000 510.23519897
0.89700001 510.38760376
0.89770001 510.54000854
0.89800000 510.69241333
0.89800000 510.84478760
0.89760000 510.99719238
0.89670002 511.14959717
0.89590001 511.30200195
0.89550000 511.45440674
0.89440000 511.60681152
0.89469999 511.75918579
0.89330000 511.91159058
0.89330000 512.06402588
0.89330000 512.21636963
0.89399999 512.36877441
0.89399999 512.52117920
0.89450002 512.67358398
0.89510000 512.82598877
0.89480001 512.97839355
0.89469999 513.13079834
0.89539999 513.28320312
0.89579999 513.43560791
0.89579999 513.58801270
0.89639997 513.74041748
0.89630002 513.89282227
0.89579999 514.04522705
0.89649999 514.19757080
0.89499998 514.34997559
0.89319998 514.50238037
0.89200002 514.65478516
0.89069998 514.80718994
0.89120001 514.95959473
0.89300001 515.11199951
0.89399999 515.26440430
0.89529997 515.41680908
0.89670002 515.56921387
0.89670002 515.72161865
0.89690000 515.87402344
0.89679998 516.02642822
0.89480001 516.17877197
0.89410001 516.33117676
0.89440000 516.48358154
0.89429998 516.63598633
0.89520001 516.78839111
0.89579999 516.94079590
0.89550000 517.09320068
0.89560002 517.24560547
0.89520001 517.39801025
0.89459997 517.55041504
0.89469999 517.70281982
0.89480001 517.85522461
0.89520001 518.00762939
0.89590001 518.15997314
0.89609998 518.31237793
0.89730000 518.46478271
0.89700001 518.61718750
0.89690000 518.76959229
0.89679998 518.92199707
0.89440000 519.07440186
0.89359999 519.22680664
0.89150000 519.37921143
0.89139998 519.53161621
0.89200002 519.68402100
0.89219999 519.83642578
0.89179999 519.98876953
0.89300001 520.14117432
0.89249998 520.29357910
0.89240003 520.44598389
0.89340001 520.59838867
0.89330000 520.75079346
0.89410001 520.90319824
0.89539999 521.05560303
0.89529997 521.20800781
0.89609998 521.36041260
0.89600003 521.51281738
0.89579999 521.66522217
0.89590001 521.81762695
0.89560002 521.96997070
0.89560002 522.12237549
0.89450002 522.27478027
0.89310002 522.42718506
0.89249998 522.57958984
0.89170003 522.73199463
0.89190000 522.88439941
0.89330000 523.03680420
0.89410001 523.18920898
0.89539999 523.34161377
0.89620000 523.49401855
0.89630002 523.64642334
0.89760000 523.79882812
0.89789999 523.95117188
0.89899999 524.10357666
0.89980000 524.25598145
0.90130001 524.40838623
0.90280002 524.56079102
0.90329999 524.71319580
0.90319997 524.86560059
0.90249997 525.01800537
0.90140003 525.17041016
0.90120000 525.32281494
0.90109998 525.47521973
0.90140003 525.62762451
0.90120000 525.78002930
0.90069997 525.93237305
0.89840001 526.08477783
0.89520001 526.23718262
0.89380002 526.38958740
0.89300001 526.54199219
0.89240003 526.69439697
0.89170003 526.84680176
0.85689998 526.99920654
0.80779999 527.15161133
0.70420003 527.30401611
0.63239998 527.45642090
0.41530001 527.60882568
0.41549999 527.76123047
0.41580001 527.91357422
0.41600001 528.06597900
0.41610000 528.21838379
0.41630000 528.37078857
0.41679999 528.52319336
0.41800001 528.67559814
0.41859999 528.82800293
0.41900000 528.98040771
0.41909999 529.13281250
0.41800001 529.28521729
0.41690001 529.43762207
0.41440001 529.59002686
0.41400000 529.74237061
0.41389999 529.89477539
0.41319999 530.04718018
0.41360000 530.19958496
0.41339999 530.35198975
0.41339999 530.50439453
0.41440001 530.65679932
0.41510001 530.80920410
0.41659999 530.96160889
0.41710001 531.11401367
0.41780001 531.26641846
0.41800001 531.41882324
0.41749999 531.57122803
0.41749999 531.72357178
0.41729999 531.87597656
0.41650000 532.02838135
0.41630000 532.18078613
0.41600001 532.33319092
0.41520000 532.48559570
0.41389999 532.63800049
0.41260001 532.79040527
0.41200000 532.94281006
0.41119999 533.09521484
0.41130000 533.24761963
0.41139999 533.40002441
0.41200000 533.55242920
0.41170001 533.70477295
0.58099997 533.85717773
0.68419999 534.00958252
0.73409998 534.16198730
0.77749997 534.31439209
0.69050002 534.46679688
0.61729997 534.61920166
0.56480002 534.77160645
0.52539998 534.92401123
0.51480001 535.07641602
0.54509997 535.22882080
0.59899998 535.38122559
0.67629999 535.53363037
0.72399998 535.68597412
0.77440000 535.83837891
0.81160003 535.99078369
0.88190001 536.14318848
0.96719998 536.29559326
1.04040003 536.44799805
1.14859998 536.60040283
1.18040001 536.75280762
1.18089998 536.90521240
1.18120003 537.05761719
1.18120003 537.21002197
1.18190002 537.36242676
1.18180001 537.51477051
1.18289995 537.66717529
1.18359995 537.81958008
1.18410003 537.97198486
1.18490005 538.12438965
1.18400002 538.27679443
1.18320000 538.42919922
1.18180001 538.58160400
1.18210006 538.73400879
1.18470001 538.88641357
1.18570006 539.03881836
1.18750000 539.19122314
1.18900001 539.34362793
1.18879998 539.49597168
1.18900001 539.64837646
1.18869996 539.80078125
1.18820000 539.95318604
1.18830001 540.10559082
1.18760002 540.25799561
1.18710005 540.41040039
1.18579996 540.56280518
1.18470001 540.71520996
1.18439996 540.86761475
1.18429995 541.02001953
1.18519998 541.17242432
1.18550003 541.32482910
1.18630004 541.47717285
1.18640006 541.62957764
1.18680000 541.78198242
1.18770003 541.93438721
1.18830001 542.08679199
1.18900001 542.23919678
1.19029999 542.39160156
1.19110000 542.54400635
1.19159997 542.69641113
1.19250000 542.84881592
1.19210005 543.00122070
1.19159997 543.15362549
1.19079995 543.30603027
1.18959999 543.45837402
1.18920004 543.61077881
1.18910003 543.76318359
1.18840003 543.91558838
1.18799996 544.06799316
1.18739998 544.22039795
1.18550003 544.37280273
1.18429995 544.52520752
1.18350005 544.67761230
1.18410003 544.83001709
1.18490005 544.98242188
1.18550003 545.13482666
1.18570006 545.28717041
1.18570006 545.43957520
1.18610001 545.59197998
1.18630004 545.74438477
1.18719995 545.89678955
1.18610001 546.04919434
1.18490005 546.20159912
1.18449998 546.35400391
1.18410003 546.50640869
1.18449998 546.65881348
1.18529999 546.81121826
1.18579996 546.96362305
1.18640006 547.11602783
1.18599999 547.26837158
1.18649995 547.42077637
1.18649995 547.57318115
1.18710005 547.72558594
1.18809998 547.87799072
1.18850005 548.03039551
1.18929994 548.18280029
1.18990004 548.33520508
1.18980002 548.48760986
1.19040000 548.64001465
1.19130003 548.79241943
1.19200003 548.94482422
1.19299996 549.09722900
1.19420004 549.24957275
1.19439995 549.40197754
1.19299996 549.55438232
1.19200003 549.70678711
1.19120002 549.85919189
1.19040000 550.01159668
1.19089997 550.16400146
1.19180000 550.31640625
1.19169998 550.46881104
1.19180000 550.62121582
1.19180000 550.77362061
1.19099998 550.92602539
1.19130003 551.07843018
1.19149995 551.23077393
1.19190001 551.38317871
1.19239998 551.53558350
1.19229996 551.68798828
1.19110000 551.84039307
1.19060004 551.99279785
1.18970001 552.14520264
1.18939996 552.29760742
1.18970001 552.45001221
1.19019997 552.60241699
1.19000006 552.75482178
1.19000006 552.90722656
1.18970001 553.05957031
1.18889999 553.21197510
1.18850005 553.36437988
1.18840003 553.51678467
1.18869996 553.66918945
1.18889999 553.82159424
1.18939996 553.97399902
1.19000006 554.12640381
1.19070005 554.27880859
1.19040000 554.43121338
1.17760003 554.58361816
1.16939998 554.73602295
1.15470004 554.88842773
1.13360000 555.04077148
1.10409999 555.19317627
1.08050001 555.34558105
1.07140005 555.49798584
1.05760002 555.65039062
0.94080001 555.80279541
0.81010002 555.95520020
0.69480002 556.10760498
0.58399999 556.26000977
0.47970000 556.41241455
0.45899999 556.56481934
0.41850001 556.71722412
0.41830000 556.86962891
0.41870001 557.02197266
0.41710001 557.17437744
0.41679999 557.32678223
0.41549999 557.47918701
0.41429999 557.63159180
0.41460001 557.78399658
0.41460001 557.93640137
0.41490000 558.08880615
0.41569999 558.24121094
0.41580001 558.39361572
0.41600001 558.54602051
0.41630000 558.69842529
0.41600001 558.85083008
0.41580001 559.00317383
0.41589999 559.15557861
0.41580001 559.30798340
0.41600001 559.46038818
0.41620001 559.61279297
0.41610000 559.76519775
0.41620001 559.91760254
0.41530001 560.07000732
0.41499999 560.22241211
0.41360000 560.37481689
0.41450000 560.52722168
0.41560000 560.67962646
0.41620001 560.83197021
0.41740000 560.98437500
0.41760001 561.13677979
0.41729999 561.28918457
0.41639999 561.44158936
0.41299999 561.59399414
0.41389999 561.74639893
0.41290000 561.89880371
0.41299999 562.05120850
0.41299999 562.20361328
0.41180000 562.35601807
0.41159999 562.50842285
0.41040000 562.66082764
0.41040000 562.81317139
0.41229999 562.96557617
0.41400000 563.11798096
0.42100000 563.27038574
0.42570001 563.42279053
0.42960000 563.57519531
0.43419999 563.72760010
0.43939999 563.88000488
0.44510001 564.03240967
0.45240000 564.18481445
0.46030000 564.33721924
0.51139998 564.48962402
0.58219999 564.64202881
0.71689999 564.79437256
0.79750001 564.94677734
0.90910000 565.09918213
0.94029999 565.25158691
0.94120002 565.40399170
0.94260001 565.55639648
0.94450003 565.70880127
0.94630003 565.86120605
0.94779998 566.01361084
0.94809997 566.16601562
0.94770002 566.31842041
0.94709998 566.47082520
0.94569999 566.62322998
0.94639999 566.77557373
0.94790000 566.92797852
0.94910002 567.08038330
0.95020002 567.23278809
0.95010000 567.38519287
0.94940001 567.53759766
0.94650000 567.69000244
0.94370002 567.84240723
0.94270003 567.99481201
0.94199997 568.14721680
0.94250000 568.29962158
0.94279999 568.45202637
0.94319999 568.60437012
0.94419998 568.75677490
0.94440001 568.90917969
0.94499999 569.06158447
0.94569999 569.21398926
0.94559997 569.36639404
0.94620001 569.51879883
0.94599998 569.67120361
0.94620001 569.82360840
0.94540000 569.97601318
0.94470000 570.12841797
0.94480002 570.28082275
0.94400001 570.43322754
0.94489998 570.58557129
0.94499999 570.73797607
0.94569999 570.89038086
0.94620001 571.04278564
0.94599998 571.19519043
0.94650000 571.34759521
0.94620001 571.50000000
0.94639999 571.65240479
0.94700003 571.80480957
0.94809997 571.95721436
0.94770002 572.10961914
0.94800001 572.26202393
0.94749999 572.41442871
0.94630003 572.56677246
0.94630003 572.71917725
0.94559997 572.87158203
0.94630003 573.02398682
0.94690001 573.17639160
0.94720000 573.32879639
0.94739997 573.48120117
0.94809997 573.63360596
0.94819999 573.78601074
0.94870001 573.93841553
0.94900000 574.09082031
0.94959998 574.24322510
0.94959998 574.39562988
0.94940001 574.54797363
0.95010000 574.70037842
0.94999999 574.85278320
0.95080000 575.00518799
0.95120001 575.15759277
0.95190001 575.30999756
0.95249999 575.46240234
0.95289999 575.61480713
0.95300001 575.76721191
0.95230001 575.91961670
0.95200002 576.07202148
0.95120001 576.22442627
0.95039999 576.37677002
0.94980001 576.52917480
0.95029998 576.68157959
0.95130002 576.83398438
0.95220000 576.98638916
0.95349997 577.13879395
0.95380002 577.29119873
0.95389998 577.44360352
0.95370001 577.59600830
0.95289999 577.74841309
0.95160002 577.90081787
0.95109999 578.05322266
0.95099998 578.20562744
0.95130002 578.35797119
0.95209998 578.51037598
0.95230001 578.66278076
0.95249999 578.81518555
0.95260000 578.96759033
0.95169997 579.11999512
0.95169997 579.27239990
0.95150000 579.42480469
0.95200002 579.57720947
0.95220000 579.72961426
0.95260000 579.88201904
0.95150000 580.03442383
0.95150000 580.18682861
0.95130002 580.33917236
0.95060003 580.49157715
0.95090002 580.64398193
0.95090002 580.79638672
0.95139998 580.94879150
0.95240003 581.10119629
0.95240003 581.25360107
0.95200002 581.40600586
0.95130002 581.55841064
0.95060003 581.71081543
0.94950002 581.86322021
0.94970000 582.01562500
0.95029998 582.16802979
0.95069999 582.32037354
0.95169997 582.47277832
0.95099998 582.62518311
0.95060003 582.77758789
0.94919997 582.92999268
0.94730002 583.08239746
0.94319999 583.23480225
0.93750000 583.38720703
0.92900002 583.53961182
0.92220002 583.69201660
0.91450000 583.84442139
0.90600002 583.99682617
0.90039998 584.14916992
0.80070001 584.30157471
0.73269999 584.45397949
0.61170000 584.60638428
0.52380002 584.75878906
0.46590000 584.91119385
0.41929999 585.06359863
0.41850001 585.21600342
0.41659999 585.36840820
0.41620001 585.52081299
0.41589999 585.67321777
0.41589999 585.82562256
0.41589999 585.97802734
0.41589999 586.13037109
0.41650000 586.28277588
0.41630000 586.43518066
0.41620001 586.58758545
0.41639999 586.73999023
0.41530001 586.89239502
0.41460001 587.04479980
0.41400000 587.19720459
0.41470000 587.34960938
0.41490000 587.50201416
0.41510001 587.65441895
0.41530001 587.80682373
0.41520000 587.95922852
0.41460001 588.11157227
0.41400000 588.26397705
0.41350001 588.41638184
0.41290000 588.56878662
0.41370001 588.72119141
0.41400000 588.87359619
0.41450000 589.02600098
0.41549999 589.17840576
0.41580001 589.33081055
0.41600001 589.48321533
0.41650000 589.63562012
0.41639999 589.78802490
0.41569999 589.94042969
0.41499999 590.09277344
0.41450000 590.24517822
0.41280001 590.39758301
0.41270000 590.54998779
0.41260001 590.70239258
0.41270000 590.85479736
0.41260001 591.00720215
0.41229999 591.15960693
0.47679999 591.31201172
0.49470001 591.46441650
0.59859997 591.61682129
0.59770000 591.76922607
0.60600001 591.92156982
0.60900003 592.07397461
0.60350001 592.22637939
0.61510003 592.37878418
0.64209998 592.53118896
0.67629999 592.68359375
0.77190000 592.83599854
0.79089999 592.98840332
0.88190001 593.14080811
0.96840000 593.29321289
1.04110003 593.44561768
1.15149999 593.59802246
1.29340005 593.75042725
1.29449999 593.90277100
1.29489994 594.05517578
1.29729998 594.20758057
1.29740000 594.35998535
1.29729998 594.51239014
1.29869998 594.66479492
1.29920006 594.81719971
1.29999995 594.96960449
1.30069995 595.12200928
1.30200005 595.27441406
1.30309999 595.42681885
1.30519998 595.57922363
1.30809999 595.73162842
1.30990005 595.88397217
1.31040001 596.03637695
1.31099999 596.18878174
1.31149995 596.34118652
1.31140006 596.49359131
1.31130004 596.64599609
1.31070006 596.79840088
1.31099999 596.95080566
1.31110001 597.10321045
1.31130004 597.25561523
1.31180000 597.40802002
1.31369996 597.56042480
1.31529999 597.71282959
1.31690001 597.86517334
1.31889999 598.01757812
1.32040000 598.16998291
1.32219994 598.32238770
1.32369995 598.47479248
1.32459998 598.62719727
1.32470000 598.77960205
1.32519996 598.93200684
1.32550001 599.08441162
1.32589996 599.23681641
1.32589996 599.38922119
1.32560003 599.54162598
1.32729995 599.69396973
1.32690001 599.84637451
1.32780004 599.99877930
1.32930005 600.15118408
1.33019996 600.30358887
1.33190000 600.45599365
1.33389997 600.60839844
1.33399999 600.76080322
1.33379996 600.91320801
1.33329999 601.06561279
1.33389997 601.21801758
1.33369994 601.37042236
1.33389997 601.52282715
1.33369994 601.67517090
1.33399999 601.82757568
1.33490002 601.97998047
1.33550000 602.13238525
1.33640003 602.28479004
1.33739996 602.43719482
1.33780003 602.58959961
1.33790004 602.74200439
1.33770001 602.89440918
1.33720005 603.04681396
1.33679998 603.19921875
1.33589995 603.35162354
1.33519995 603.50402832
1.33420002 603.65637207
1.33379996 603.80877686
1.33379996 603.96118164
1.33459997 604.11358643
1.33529997 604.26599121
1.33580005 604.41839600
1.33669996 604.57080078
1.33690000 604.72320557
1.33710003 604.87561035
1.33739996 605.02801514
1.33829999 605.18041992
1.33860004 605.33282471
1.33850002 605.48522949
1.33879995 605.63757324
1.33790004 605.78997803
1.33749998 605.94238281
1.33669996 606.09478760
1.33589995 606.24719238
1.33679998 606.39959717
1.33679998 606.55200195
1.33690000 606.70440674
1.33720005 606.85681152
1.33749998 607.00921631
1.33790004 607.16162109
1.33840001 607.31402588
1.33710003 607.46636963
1.33620000 607.61877441
1.33500004 607.77117920
1.33399999 607.92358398
1.33389997 608.07598877
1.33469999 608.22839355
1.33599997 608.38079834
1.33739996 608.53320312
1.33870006 608.68560791
1.33940005 608.83801270
1.33710003 608.99041748
1.33529997 609.14282227
1.33379996 609.29522705
1.33299994 609.44757080
1.33350003 609.59997559
1.33399999 609.75238037
1.33500004 609.90478516
1.33599997 610.05718994
1.33669996 610.20959473
1.33759999 610.36199951
1.33790004 610.51440430
1.33720005 610.66680908
1.33729994 610.81921387
1.33720005 610.97161865
1.33710003 611.12402344
1.33850002 611.27642822
1.33930004 611.42877197
1.34000003 611.58117676
1.33620000 611.73358154
1.33270001 611.88598633
1.31480002 612.03839111
1.28799999 612.19079590
1.26440001 612.34320068
1.25370002 612.49560547
1.23930001 612.64801025
1.23070002 612.80041504
1.22669995 612.95281982
1.13000000 613.10522461
0.97070003 613.25762939
0.86879998 613.40997314
0.62959999 613.56237793
0.56400001 613.71478271
0.45100001 613.86718750
0.45100001 614.01959229
0.45130000 614.17199707
0.45080000 614.32440186
0.45050001 614.47680664
0.44970000 614.62921143
0.44870001 614.78161621
0.44710001 614.93402100
0.44610000 615.08642578
0.44389999 615.23876953
0.44299999 615.39117432
0.44200000 615.54357910
0.43979999 615.69598389
0.43869999 615.84838867
0.43759999 616.00079346
0.43650001 616.15319824
0.43660000 616.30560303
0.43619999 616.45800781
0.43640000 616.61041260
0.43669999 616.76281738
0.43590000 616.91522217
0.43590000 617.06762695
0.43550000 617.21997070
0.43509999 617.37237549
0.43230000 617.52478027
0.42899999 617.67718506
0.42660001 617.82958984
0.42570001 617.98199463
0.42559999 618.13439941
0.42410001 618.28680420
0.42370000 618.43920898
0.42469999 618.59161377
0.42879999 618.74401855
0.44209999 618.89642334
0.44960001 619.04882812
0.46550000 619.20117188
0.47340000 619.35357666
0.48699999 619.50598145
0.50610000 619.65838623
0.52689999 619.81079102
0.56720001 619.96319580
0.59480000 620.11560059
0.61339998 620.26800537
0.64099997 620.42041016
0.67170000 620.57281494
0.72700000 620.72521973
0.81250000 620.87762451
1.00160003 621.03002930
1.11960006 621.18237305
1.11940002 621.33477783
1.11899996 621.48718262
1.11889994 621.63958740
1.11880004 621.79199219
1.11889994 621.94439697
1.11909997 622.09680176
1.11909997 622.24920654
1.12000000 622.40161133
1.12000000 622.55401611
1.12090003 622.70642090
1.12119997 622.85882568
1.12179995 623.01123047
1.12170005 623.16357422
1.12170005 623.31597900
1.12189996 623.46838379
1.12140000 623.62078857
1.12230003 623.77319336
1.12189996 623.92559814
1.12189996 624.07800293
1.12160003 624.23040771
1.12049997 624.38281250
1.12020004 624.53521729
1.11989999 624.68762207
1.12039995 624.84002686
1.12100005 624.99237061
1.12199998 625.14477539
1.12259996 625.29718018
1.12290001 625.44958496
1.12310004 625.60198975
1.12290001 625.75439453
1.12269998 625.90679932
1.12259996 626.05920410
1.12370002 626.21160889
1.12469995 626.36401367
1.12549996 626.51641846
1.12600005 626.66882324
1.12549996 626.82122803
1.12489998 626.97357178
1.12300003 627.12597656
1.12370002 627.27838135
1.12399995 627.43078613
1.12380004 627.58319092
1.12370002 627.73559570
1.12220001 627.88800049
1.12080002 628.04040527
1.11979997 628.19281006
1.11919999 628.34521484
1.12020004 628.49761963
1.12059999 628.65002441
1.12220001 628.80242920
1.12349999 628.95477295
1.12500000 629.10717773
1.12570000 629.25958252
1.12590003 629.41198730
1.12590003 629.56439209
1.12580001 629.71679688
1.12580001 629.86920166
1.12590003 630.02160645
1.12609994 630.17401123
1.12600005 630.32641602
1.12720001 630.47882080
1.12790000 630.63122559
1.12849998 630.78363037
1.12829995 630.93597412
1.12820005 631.08837891
1.12730002 631.24078369
1.12570000 631.39318848
1.12650001 631.54559326
1.12740004 631.69799805
1.12779999 631.85040283
1.12919998 632.00280762
1.13020003 632.15521240
1.13090003 632.30761719
1.13160002 632.46002197
1.13199997 632.61242676
1.13209999 632.76477051
1.13189995 632.91717529
1.13180006 633.06958008
1.13189995 633.22198486
1.13180006 633.37438965
1.13209999 633.52679443
1.13220000 633.67919922
1.13230002 633.83160400
1.13080001 633.98400879
1.12969995 634.13641357
1.12720001 634.28881836
1.12619996 634.44122314
1.12679994 634.59362793
1.12730002 634.74597168
1.12820005 634.89837646
1.12930000 635.05078125
1.13129997 635.20318604
1.13209999 635.35559082
1.13370001 635.50799561
1.13380003 635.66040039
1.13460004 635.81280518
1.13540006 635.96520996
1.13360000 636.11761475
1.13250005 636.27001953
1.13059998 636.42242432
1.12580001 636.57482910
1.12179995 636.72717285
1.12349999 636.87957764
1.12430000 637.03198242
1.12639999 637.18438721
1.12759995 637.33679199
1.12820005 637.48919678
1.12979996 637.64160156
1.12909997 637.79400635
1.12829995 637.94641113
1.12750006 638.09881592
1.12629998 638.25122070
1.12609994 638.40362549
1.12619996 638.55603027
1.12629998 638.70837402
1.12600005 638.86077881
1.12020004 639.01318359
1.09660006 639.16558838
1.06659997 639.31799316
1.04190004 639.47039795
1.02010000 639.62280273
1.00119996 639.77520752
0.98159999 639.92761230
0.96730000 640.08001709
0.83490002 640.23242188
0.68239999 640.38482666
0.60839999 640.53717041
0.51580000 640.68957520
0.42750001 640.84197998
0.42600000 640.99438477
0.42379999 641.14678955
0.42080000 641.29919434
0.41740000 641.45159912
0.41569999 641.60400391
0.41400000 641.75640869
0.41280001 641.90881348
0.41220000 642.06121826
0.41170001 642.21362305
0.41159999 642.36602783
0.41150001 642.51837158
0.41060001 642.67077637
0.40990001 642.82318115
0.41010001 642.97558594
0.41029999 643.12799072
0.41080001 643.28039551
0.41159999 643.43280029
0.41220000 643.58520508
0.41240001 643.73760986
0.41209999 643.89001465
0.41119999 644.04241943
0.41100001 644.19482422
0.41100001 644.34722900
0.41060001 644.49957275
0.41119999 644.65197754
0.41080001 644.80438232
0.41040000 644.95678711
0.41020000 645.10919189
0.40979999 645.26159668
0.41119999 645.41400146
0.41159999 645.56640625
0.41280001 645.71881104
0.41360000 645.87121582
0.41360000 646.02362061
0.41420001 646.17602539
0.41389999 646.32843018
0.41370001 646.48077393
0.41389999 646.63317871
0.41420001 646.78558350
0.41260001 646.93798828
0.41330001 647.09039307
0.41830000 647.24279785
0.41740000 647.39520264
0.41740000 647.54760742
0.41670001 647.70001221
0.41569999 647.85241699
0.41620001 648.00482178
0.42019999 648.15722656
0.42359999 648.30957031
0.42640001 648.46197510
0.44800001 648.61437988
0.45600000 648.76678467
0.50129998 648.91918945
0.52480000 649.07159424
0.62930000 649.22399902
0.73710001 649.37640381
0.84520000 649.52880859
1.00000000 649.68121338
1.00090003 649.83361816
1.00179994 649.98602295
1.00269997 650.13842773
1.00329995 650.29077148
1.00339997 650.44317627
1.00320005 650.59558105
1.00279999 650.74798584
1.00300002 650.90039062
1.00390005 651.05279541
1.00440001 651.20520020
1.00399995 651.35760498
1.00380003 651.51000977
1.00390005 651.66241455
1.00409997 651.81481934
1.00430000 651.96722412
1.00479996 652.11962891
1.00590003 652.27197266
1.00629997 652.42437744
1.00909996 652.57678223
1.00989997 652.72918701
1.01100004 652.88159180
1.01209998 653.03399658
1.01220000 653.18640137
1.01160002 653.33880615
1.01020002 653.49121094
1.00999999 653.64361572
1.01069999 653.79602051
1.01119995 653.94842529
1.01119995 654.10083008
1.01240003 654.25317383
1.01199996 654.40557861
1.01180005 654.55798340
1.01220000 654.71038818
1.01250005 654.86279297
1.01310003 655.01519775
1.01359999 655.16760254
1.01429999 655.32000732
1.01629996 655.47241211
1.01699996 655.62481689
1.01779997 655.77722168
1.01730001 655.92962646
1.01619995 656.08197021
1.01610005 656.23437500
1.01499999 656.38677979
1.01569998 656.53918457
1.01699996 656.69158936
1.01610005 656.84399414
1.01569998 656.99639893
1.01540005 657.14880371
1.01450002 657.30120850
1.01460004 657.45361328
1.01460004 657.60601807
1.01470006 657.75842285
1.01440001 657.91082764
1.01390004 658.06317139
1.01339996 658.21557617
1.01310003 658.36798096
1.01349998 658.52038574
1.01400006 658.67279053
1.01520002 658.82519531
1.01590002 658.97760010
1.01650000 659.13000488
1.01650000 659.28240967
1.01660001 659.43481445
1.01639998 659.58721924
1.01610005 659.73962402
1.01600003 659.89202881
1.01580000 660.04437256
1.01590002 660.19677734
1.01600003 660.34918213
1.01629996 660.50158691
1.01760006 660.65399170
1.01900005 660.80639648
1.01950002 660.95880127
1.02040005 661.11120605
1.02129996 661.26361084
1.02170002 661.41601562
1.02219999 661.56842041
1.02209997 661.72082520
1.02219999 661.87322998
1.02260005 662.02557373
1.02260005 662.17797852
1.02209997 662.33038330
1.02219999 662.48278809
1.02119994 662.63519287
1.02040005 662.78759766
1.01960003 662.94000244
1.01909995 663.09240723
1.01880002 663.24481201
1.01870000 663.39721680
1.01839995 663.54962158
1.01820004 663.70202637
1.01810002 663.85437012
1.01820004 664.00677490
1.01849997 664.15917969
1.01909995 664.31158447
1.01989996 664.46398926
1.01979995 664.61639404
1.01940000 664.76879883
1.01900005 664.92120361
1.01779997 665.07360840
1.01730001 665.22601318
1.01660001 665.37841797
1.01559997 665.53082275
1.01530004 665.68322754
1.01530004 665.83557129
1.01600003 665.98797607
1.01610005 666.14038086
1.01670003 666.29278564
1.01600003 666.44519043
1.01699996 666.59759521
1.01680005 666.75000000
1.01680005 666.90240479
1.01760006 667.05480957
1.01680005 667.20721436
1.01639998 667.35961914
1.01610005 667.51202393
1.01610005 667.66442871
1.01680005 667.81677246
1.01709998 667.96917725
1.01670003 668.12158203
1.01610005 668.27398682
1.01059997 668.42639160
1.00790000 668.57879639
0.90509999 668.73120117
0.81400001 668.88360596
0.68750000 669.03601074
0.56300002 669.18841553
0.42980000 669.34082031
0.42800000 669.49322510
0.42570001 669.64562988
0.42309999 669.79797363
0.42250001 669.95037842
0.42100000 670.10278320
0.42019999 670.25518799
0.41980001 670.40759277
0.41920000 670.55999756
0.41999999 670.71240234
0.42039999 670.86480713
0.42100000 671.01721191
0.42120001 671.16961670
0.42019999 671.32202148
0.41890001 671.47442627
0.41810000 671.62677002
0.41810000 671.77917480
0.41769999 671.93157959
0.41760001 672.08398438
0.41700000 672.23638916
0.41600001 672.38879395
0.41620001 672.54119873
0.41490000 672.69360352
0.41530001 672.84600830
0.41620001 672.99841309
0.41679999 673.15081787
0.41659999 673.30322266
0.41690001 673.45562744
0.41720000 673.60797119
0.41710001 673.76037598
0.41749999 673.91278076
0.41569999 674.06518555
0.41450000 674.21759033
0.41339999 674.36999512
0.41280001 674.52239990
0.41280001 674.67480469
0.41280001 674.82720947
0.41229999 674.97961426
0.41180000 675.13201904
0.41150001 675.28442383
0.41119999 675.43682861
0.41190001 675.58917236
0.41360000 675.74157715
0.41450000 675.89398193
0.41460001 676.04638672
0.41560000 676.19879150
0.41580001 676.35119629
0.42899999 676.50360107
0.44729999 676.65600586
0.46329999 676.80841064
0.47610000 676.96081543
0.48660001 677.11322021
0.50309998 677.26562500
0.52319998 677.41802979
0.54280001 677.57037354
0.58109999 677.72277832
0.62370002 677.87518311
0.71539998 678.02758789
0.79000002 678.17999268
0.98220003 678.33239746
1.00709999 678.48480225
1.00919998 678.63720703
1.00989997 678.78961182
1.01160002 678.94201660
1.01329994 679.09442139
1.01489997 679.24682617
1.01619995 679.39916992
1.01639998 679.55157471
1.01549995 679.70397949
1.01470006 679.85638428
1.01359999 680.00878906
1.01259995 680.16119385
1.01199996 680.31359863
1.01160002 680.46600342
1.01170003 680.61840820
1.01250005 680.77081299
1.01380002 680.92321777
1.01419997 681.07562256
1.01460004 681.22802734
1.01440001 681.38037109
1.01400006 681.53277588
1.01400006 681.68518066
1.01349998 681.83758545
1.01510000 681.98999023
1.01559997 682.14239502
1.01740003 682.29479980
1.01909995 682.44720459
1.01999998 682.59960938
1.02090001 682.75201416
1.02110004 682.90441895
1.02010000 683.05682373
1.01849997 683.20922852
1.01499999 683.36157227
1.01470006 683.51397705
1.01520002 683.66638184
1.01629996 683.81878662
1.01719999 683.97119141
1.01890004 684.12359619
1.02010000 684.27600098
1.02059996 684.42840576
1.02129996 684.58081055
1.02199996 684.73321533
1.02190006 684.88562012
1.02209997 685.03802490
1.02190006 685.19042969
1.02090001 685.34277344
1.02059996 685.49517822
1.02030003 685.64758301
1.02010000 685.79998779
1.02059996 685.95239258
1.02079999 686.10479736
1.02129996 686.25720215
1.02020001 686.40960693
1.01970005 686.56201172
1.01900005 686.71441650
1.01839995 686.86682129
1.01859999 687.01922607
1.01909995 687.17156982
1.01989996 687.32397461
1.02010000 687.47637939
1.01979995 687.62878418
1.01979995 687.78118896
1.01859999 687.93359375
1.01810002 688.08599854
1.01800001 688.23840332
1.01750004 688.39080811
1.01769996 688.54321289
1.01810002 688.69561768
1.01800001 688.84802246
1.01870000 689.00042725
1.01870000 689.15277100
1.01909995 689.30517578
1.02049994 689.45758057
1.02090001 689.60998535
1.02100003 689.76239014
1.02100003 689.91479492
1.02139997 690.06719971
1.02119994 690.21960449
1.02069998 690.37200928
1.02129996 690.52441406
1.02170002 690.67681885
1.02199996 690.82922363
1.02370000 690.98162842
1.02429998 691.13397217
1.02569997 691.28637695
1.02660000 691.43878174
1.02680004 691.59118652
1.02750003 691.74359131
1.02690005 691.89599609
1.02699995 692.04840088
1.02660000 692.20080566
1.02680004 692.35321045
1.02670002 692.50561523
1.02719998 692.65802002
1.02810001 692.81042480
1.02779996 692.96282959
1.02769995 693.11517334
1.02670002 693.26757812
1.02550006 693.41998291
1.02400005 693.57238770
1.02269995 693.72479248
1.02190006 693.87719727
1.02160001 694.02960205
1.02160001 694.18200684
1.02199996 694.33441162
1.02289999 694.48681641
1.02320004 694.63922119
1.02370000 694.79162598
1.02470005 694.94396973
1.02569997 695.09637451
1.02680004 695.24877930
1.02699995 695.40118408
1.02639997 695.55358887
1.02620006 695.70599365
1.02540004 695.85839844
1.02260005 696.01080322
1.02100003 696.16320801
1.01870000 696.31561279
1.01479995 696.46801758
1.00650001 696.62042236
0.98699999 696.77282715
0.97130001 696.92517090
0.93409997 697.07757568
0.90990001 697.22998047
0.88940001 697.38238525
0.83759999 697.53479004
0.79130000 697.68719482
0.66100001 697.83959961
0.58279997 697.99200439
0.46349999 698.14440918
0.42170000 698.29681396
0.42120001 698.44921875
0.41960001 698.60162354
0.41880000 698.75402832
0.41800001 698.90637207
0.41729999 699.05877686
0.41720000 699.21118164
0.41700000 699.36358643
0.41679999 699.51599121
0.41650000 699.66839600
0.41650000 699.82080078
0.41630000 699.97320557
0.41650000 700.12561035
0.41639999 700.27801514
0.41650000 700.43041992
0.41490000 700.58282471
0.41409999 700.73522949
0.41339999 700.88757324
0.41350001 701.03997803
0.41409999 701.19238281
0.41380000 701.34478760
0.41389999 701.49719238
0.41310000 701.64959717
0.41150001 701.80200195
0.41150001 701.95440674
0.41049999 702.10681152
0.41139999 702.25921631
0.41159999 702.41162109
0.41180000 702.56402588
0.41220000 702.71636963
0.41229999 702.86877441
0.41229999 703.02117920
0.41360000 703.17358398
0.41460001 703.32598877
0.41560000 703.47839355
0.41630000 703.63079834
0.41409999 703.78320312
0.54409999 703.93560791
0.71050000 704.08801270
0.79890001 704.24041748
0.77859998 704.39282227
0.73110002 704.54522705
0.67379999 704.69757080
0.53049999 704.84997559
0.41049999 705.00238037
0.41069999 705.15478516
0.41190001 705.30718994
0.41330001 705.45959473
0.41960001 705.61199951
0.42300001 705.76440430
0.43180001 705.91680908
0.43750000 706.06921387
0.48420000 706.22161865
0.53310001 706.37402344
0.61659998 706.52642822
0.69950002 706.67877197
0.76330000 706.83117676
0.85579997 706.98358154
0.87190002 707.13598633
0.87029999 707.28839111
0.85360003 707.44079590
0.84630001 707.59320068
0.78079998 707.74560547
0.78179997 707.89801025
0.78280002 708.05041504
0.78289998 708.20281982
0.78340000 708.35522461
0.78280002 708.50762939
0.84310001 708.65997314
0.86269999 708.81237793
0.87459999 708.96478271
0.92119998 709.11718750
0.93660003 709.26959229
0.94489998 709.42199707
0.96130002 709.57440186
0.91159999 709.72680664
0.88470000 709.87921143
0.86000001 710.03161621
0.78820002 710.18402100
0.78799999 710.33642578
0.78789997 710.48876953
0.78799999 710.64117432
0.78810000 710.79357910
0.78729999 710.94598389
0.78509998 711.09838867
0.83920002 711.25079346
0.85149997 711.40319824
0.87760001 711.55560303
0.88010001 711.70800781
0.86409998 711.86041260
0.84420002 712.01281738
0.83069998 712.16522217
0.78630000 712.31762695
0.78689998 712.46997070
0.78750002 712.62237549
0.78740001 712.77478027
0.78570002 712.92718506
0.78500003 713.07958984
0.78359997 713.23199463
0.78560001 713.38439941
0.78649998 713.53680420
0.78820002 713.68920898
0.83340001 713.84161377
0.85979998 713.99401855
0.87709999 714.14642334
0.88050002 714.29882812
0.86350000 714.45117188
0.84789997 714.60357666
0.79799998 714.75598145
0.79920000 714.90838623
0.80119997 715.06079102
0.80239999 715.21319580
0.80360001 715.36560059
0.80449998 715.51800537
0.80640000 715.67041016
0.80809999 715.82281494
0.81070000 715.97521973
0.81140000 716.12762451
0.85329998 716.28002930
0.86460000 716.43237305
0.88529998 716.58477783
0.90100002 716.73718262
0.89200002 716.88958740
0.87360001 717.04199219
0.86089998 717.19439697
0.81739998 717.34680176
0.81870002 717.49920654
0.81819999 717.65161133
0.81750000 717.80401611
0.81449997 717.95642090
0.81550002 718.10882568
0.81569999 718.26123047
0.81580001 718.41357422
0.81580001 718.56597900
0.81629997 718.71838379
0.85210001 718.87078857
0.86129999 719.02319336
0.87059999 719.17559814
0.88609999 719.32800293
0.87970001 719.48040771
0.86820000 719.63281250
0.86140001 719.78521729
0.82789999 719.93762207
0.82840002 720.09002686
0.82950002 720.24237061
0.82969999 720.39477539
0.83080000 720.54718018
0.83200002 720.69958496
0.83240002 720.85198975
0.83359998 721.00439453
0.83520001 721.15679932
0.83579999 721.30920410
0.83690000 721.46160889
0.86830002 721.61401367
0.87959999 721.76641846
0.88700002 721.91882324
0.90679997 722.07122803
0.88830000 722.22357178
0.87690002 722.37597656
0.86619997 722.52838135
0.83870000 722.68078613
0.84039998 722.83319092
0.84230000 722.98559570
0.84350002 723.13800049
0.84609997 723.29040527
0.84729999 723.44281006
0.85030001 723.59521484
0.85180002 723.74761963
0.85420001 723.90002441
0.85500002 724.05242920
0.85769999 724.20477295
0.88529998 724.35717773
0.89579999 724.50958252
0.91329998 724.66198730
0.92000002 724.81439209
0.91149998 724.96679688
0.89859998 725.11920166
0.89109999 725.27160645
0.86290002 725.42401123
0.85900003 725.57641602
0.85110003 725.72882080
0.84280002 725.88122559
0.80870003 726.03363037
0.74150002 726.18597412
0.66939998 726.33837891
0.60790002 726.49078369
0.56980002 726.64318848
0.52270001 726.79559326
0.52350003 726.94799805
0.53930002 727.10040283
0.54650003 727.25280762
0.54750001 727.40521240
0.53509998 727.55761719
0.52429998 727.71002197
0.52170002 727.86242676
0.49739999 728.01477051
0.49559999 728.16717529
0.49280000 728.31958008
0.49230000 728.47198486
0.49210000 728.62438965
0.49230000 728.77679443
0.51849997 728.92919922
0.52460003 729.08160400
0.53490001 729.23400879
0.54259998 729.38641357
0.54769999 729.53881836
0.54320002 729.69122314
0.53570002 729.84362793
0.54470003 729.99597168
0.59230000 730.14837646
0.60320002 730.30078125
0.63400000 730.45318604
0.66130000 730.60559082
0.66039997 730.75799561
0.65689999 730.91040039
0.66509998 731.06280518
0.67940003 731.21520996
0.77350003 731.36761475
1.04359996 731.52001953
1.06449997 731.67242432
1.05289996 731.82482910
1.04400003 731.97717285
1.00290000 732.12957764
0.97799999 732.28198242
0.96480000 732.43438721
0.93049997 732.58679199
0.92369998 732.73919678
0.90189999 732.89160156
0.87970001 733.04400635
0.87599999 733.19641113
0.86199999 733.34881592
0.84939998 733.50122070
0.85790002 733.65362549
0.84030002 733.80603027
0.80070001 733.95837402
0.77200001 734.11077881
0.70130002 734.26318359
0.65710002 734.41558838
0.63040000 734.56799316
0.61669999 734.72039795
0.63010001 734.87280273
0.67229998 735.02520752
0.71920002 735.17761230
0.83789998 735.33001709
0.96160001 735.48242188
1.12890005 735.63482666
1.25580001 735.78717041
1.28009999 735.93957520
1.31669998 736.09197998
1.32089996 736.24438477
1.31889999 736.39678955
1.30280006 736.54919434
1.28380001 736.70159912
1.30550003 736.85400391
1.30830002 737.00640869
1.28310001 737.15881348
1.29949999 737.31121826
1.27540004 737.46362305
1.24880004 737.61602783
1.23580003 737.76837158
1.19319999 737.92077637
1.23950005 738.07318115
1.26380002 738.22558594
1.28740001 738.37799072
1.28050005 738.53039551
1.26929998 738.68280029
1.29050004 738.83520508
1.24720001 738.98760986
1.27820003 739.14001465
1.32280004 739.29241943
1.29470003 739.44482422
1.30030000 739.59722900
1.25300002 739.74957275
1.22979999 739.90197754
1.21980000 740.05438232
1.16960001 740.20678711
1.16910005 740.35919189
1.16869998 740.51159668
1.16760004 740.66400146
1.16630006 740.81640625
1.16320002 740.96881104
1.16250002 741.12121582
1.21459997 741.27362061
1.25989997 741.42602539
1.29279995 741.57843018
1.28359997 741.73077393
1.29900002 741.88317871
1.26619995 742.03558350
1.21169996 742.18798828
1.20220006 742.34039307
1.15129995 742.49279785
1.14849997 742.64520264
1.14849997 742.79760742
1.14769995 742.95001221
1.14569998 743.10241699
1.14409995 743.25482178
1.14279997 743.40722656
1.13940001 743.55957031
1.13730001 743.71197510
1.13569999 743.86437988
1.19169998 744.01678467
1.24619997 744.16918945
1.25450003 744.32159424
1.28620005 744.47399902
1.28690004 744.62640381
1.28620005 744.77880859
1.30980003 744.93121338
1.12969995 745.08361816
1.12500000 745.23602295
1.12170005 745.38842773
1.11829996 745.54077148
1.11500001 745.69317627
1.11170006 745.84558105
1.11170006 745.99798584
1.11339998 746.15039062
1.11389995 746.30279541
1.15849996 746.45520020
1.15769994 746.60760498
1.17030001 746.76000977
1.18570006 746.91241455
1.18799996 747.06481934
1.19910002 747.21722412
1.20519996 747.36962891
1.19149995 747.52197266
1.16659999 747.67437744
1.15160000 747.82678223
1.13909996 747.97918701
1.10360003 748.13159180
1.10290003 748.28399658
1.10210001 748.43640137
1.10000002 748.58880615
1.09909999 748.74121094
1.09819996 748.89361572
1.13909996 749.04602051
1.15330005 749.19842529
1.16740000 749.35083008
1.19459999 749.50317383
1.16110003 749.65557861
1.14269996 749.80798340
1.12730002 749.96038818
1.12820005 750.11279297
1.13540006 750.26519775
1.14559996 750.41760254
1.14409995 750.57000732
1.13020003 750.72241211
1.13209999 750.87481689
1.08770001 751.02722168
1.08739996 751.17962646
1.08710003 751.33197021
1.08700001 751.48437500
1.08690000 751.63677979
1.11590004 751.78918457
1.12899995 751.94158936
1.13929999 752.09399414
1.15380001 752.24639893
1.13989997 752.39880371
1.12059999 752.55120850
1.11530006 752.70361328
1.08319998 752.85601807
1.11119998 753.00842285
1.12170005 753.16082764
1.13530004 753.31317139
1.13619995 753.46557617
1.11849999 753.61798096
1.10520005 753.77038574
1.06930006 753.92279053
1.05929995 754.07519531
1.05089998 754.22760010
1.03690004 754.38000488
1.04089999 754.53240967
1.03620005 754.68481445
1.03789997 754.83721924
1.05659997 754.98962402
1.06169999 755.14202881
1.06980002 755.29437256
0.77560002 755.44677734
0.43889999 755.59918213
0.41130000 755.75158691
0.43099999 755.90399170
0.43660000 756.05639648
0.41830000 756.20880127
0.40810001 756.36120605
0.39320001 756.51361084
0.38159999 756.66601562
0.37700000 756.81842041
0.36440000 756.97082520
0.37549999 757.12322998
0.37950000 757.27557373
0.37869999 757.42797852
0.38990000 757.58038330
0.38800001 757.73278809
0.40990001 757.88519287
0.43110001 758.03759766
0.39250001 758.19000244
0.31029999 758.34240723
0.31310001 758.49481201
0.31320000 758.64721680
0.34180000 758.79962158
0.34610000 758.95202637
0.37329999 759.10437012
0.38130000 759.25677490
0.37639999 759.40917969
0.38220000 759.56158447
0.38929999 759.71398926
0.40930000 759.86639404
0.48519999 760.01879883
0.65230000 760.17120361
0.68019998 760.32360840
0.69250000 760.47601318
0.68779999 760.62841797
0.66769999 760.78082275
0.65130001 760.93322754
0.63419998 761.08557129
0.60479999 761.23797607
0.59670001 761.39038086
0.59179997 761.54278564
0.55839998 761.69519043
0.53410000 761.84759521
0.49149999 762.00000000
0.44880000 762.15240479
0.44749999 762.30480957
0.44569999 762.45721436
0.45600000 762.60961914
0.45879999 762.76202393
0.45840001 762.91442871
0.44650000 763.06677246
0.42550001 763.21917725
0.42429999 763.37158203
0.41630000 763.52398682
0.44279999 763.67639160
0.45739999 763.82879639
0.50080001 763.98120117
0.56019998 764.13360596
0.67000002 764.28601074
0.75129998 764.43841553
0.78740001 764.59082031
0.78969997 764.74322510
0.79350001 764.89562988
0.79560000 765.04797363
0.79750001 765.20037842
0.83890003 765.35278320
1.05620003 765.50518799
1.15840006 765.65759277
1.20309997 765.80999756
1.27820003 765.96240234
1.23599994 766.11480713
1.19700003 766.26721191
1.15859997 766.41961670
0.99220002 766.57202148
0.96270001 766.72442627
0.97060001 766.87677002
1.03069997 767.02917480
1.10510004 767.18157959
1.15530002 767.33398438
1.19099998 767.48638916
1.12759995 767.63879395
1.09800005 767.79119873
1.04530001 767.94360352
1.03069997 768.09600830
1.02950001 768.24841309
1.06330001 768.40081787
1.01329994 768.55322266
1.02390003 768.70562744
0.98379999 768.85797119
0.94809997 769.01037598
0.88270003 769.16278076
0.86769998 769.31518555
0.80620003 769.46759033
0.80610001 769.61999512
0.87690002 769.77239990
0.89969999 769.92480469
0.92049998 770.07720947
0.95220000 770.22961426
0.92510003 770.38201904
0.88529998 770.53442383
0.86589998 770.68682861
0.80699998 770.83917236
0.80729997 770.99157715
0.80839998 771.14398193
0.80879998 771.29638672
0.87379998 771.44879150
0.89090002 771.60119629
0.90920001 771.75360107
0.91490000 771.90600586
0.89260000 772.05841064
0.88330001 772.21081543
0.86659998 772.36322021
0.80729997 772.51562500
0.80720001 772.66802979
0.80710000 772.82037354
0.80640000 772.97277832
0.87629998 773.12518311
0.88990003 773.27758789
0.91250002 773.42999268
0.93489999 773.58239746
0.90130001 773.73480225
0.87849998 773.88720703
0.86440003 774.03961182
0.80620003 774.19201660
0.80540001 774.34442139
0.80549997 774.49682617
0.80610001 774.64916992
0.85949999 774.80157471
0.87669998 774.95397949
0.89850003 775.10638428
0.93290001 775.25878906
0.90530002 775.41119385
0.89279997 775.56359863
0.87279999 775.71600342
0.81169999 775.86840820
0.81190002 776.02081299
0.81169999 776.17321777
0.81140000 776.32562256
0.81120002 776.47802734
0.87849998 776.63037109
0.90799999 776.78277588
0.91850001 776.93518066
0.93400002 777.08758545
0.89829999 777.23999023
0.92339998 777.39239502
0.87550002 777.54479980
0.87980002 777.69720459
0.94000000 777.84960938
0.94819999 778.00201416
0.95359999 778.15441895
0.94739997 778.30682373
0.89740002 778.45922852
0.86619997 778.61157227
0.81050003 778.76397705
0.81040001 778.91638184
0.81040001 779.06878662
0.81040001 779.22119141
0.81040001 779.37359619
0.81070000 779.52600098
0.81099999 779.67840576
0.86729997 779.83081055
0.87680000 779.98321533
0.89490002 780.13562012
0.90450001 780.28802490
0.87010002 780.44042969
0.85600001 780.59277344
0.81620002 780.74517822
0.81680000 780.89758301
0.81999999 781.04998779
0.82099998 781.20239258
0.82230002 781.35479736
0.82340002 781.50720215
0.82349998 781.65960693
0.87980002 781.81201172
0.91880000 781.96441650
0.96060002 782.11682129
0.97549999 782.26922607
0.90689999 782.42156982
0.87800002 782.57397461
0.81550002 782.72637939
0.80980003 782.87878418
0.80320001 783.03118896
0.79449999 783.18359375
0.71619999 783.33599854
0.68049997 783.48840332
0.60839999 783.64080811
0.56199998 783.79321289
0.51620001 783.94561768
0.46239999 784.09802246
0.43169999 784.25042725
0.41119999 784.40277100
0.39539999 784.55517578
0.39690000 784.70758057
0.41020000 784.85998535
0.42899999 785.01239014
0.42539999 785.16479492
0.41790000 785.31719971
0.39629999 785.46960449
0.35810000 785.62200928
0.38550001 785.77441406
0.39359999 785.92681885
0.40799999 786.07922363
0.41960001 786.23162842
0.42980000 786.38397217
0.42469999 786.53637695
0.48989999 786.68878174
0.56790000 786.84118652
0.63230002 786.99359131
0.67379999 787.14599609
0.60949999 787.29840088
0.56620002 787.45080566
0.50430000 787.60321045
0.40860000 787.75561523
0.41760001 787.90802002
0.41209999 788.06042480
0.40329999 788.21282959
0.39309999 788.36517334
0.36359999 788.51757812
0.38929999 788.66998291
0.39860001 788.82238770
0.41049999 788.97479248
0.42240000 789.12719727
0.41220000 789.27960205
0.45289999 789.43200684
0.57880002 789.58441162
0.81260002 789.73681641
0.84130001 789.88922119
0.84960002 790.04162598
0.85149997 790.19396973
0.83450001 790.34637451
0.82340002 790.49877930
0.81080002 790.65118408
0.76670003 790.80358887
0.75749999 790.95599365
0.76340002 791.10839844
0.76059997 791.26080322
0.76349998 791.41320801
0.70539999 791.56561279
0.66450000 791.71801758
0.60920000 791.87042236
0.55729997 792.02282715
0.55750000 792.17517090
0.55790001 792.32757568
0.57529998 792.47998047
0.60100001 792.63238525
0.61290002 792.78479004
0.62730002 792.93719482
0.65300000 793.08959961
0.67330003 793.24200439
0.71640003 793.39440918
0.81440002 793.54681396
0.89319998 793.69921875
1.02180004 793.85162354
1.05289996 794.00402832
1.05429995 794.15637207
1.05509996 794.30877686
1.05589998 794.46118164
1.05659997 794.61358643
1.05710006 794.76599121
1.05750000 794.91839600
1.05809999 795.07080078
1.05840003 795.22320557
1.05879998 795.37561035
1.05920005 795.52801514
1.05960000 795.68041992
1.06110001 795.83282471
1.06190002 795.98522949
1.06289995 796.13757324
1.06280005 796.28997803
1.06270003 796.44238281
1.06299996 796.59478760
1.06169999 796.74719238
1.06140006 796.89959717
1.06149995 797.05200195
1.06110001 797.20440674
1.06099999 797.35681152
1.06099999 797.50921631
1.06079996 797.66162109
1.06040001 797.81402588
1.05980003 797.96636963
1.05920005 798.11877441
1.05859995 798.27117920
1.05850005 798.42358398
1.06060004 798.57598877
1.06110001 798.72839355
1.06180000 798.88079834
1.06180000 799.03320312
1.06099999 799.18560791
1.06089997 799.33801270
1.06110001 799.49041748
1.06200004 799.64282227
1.06270003 799.79522705
1.06439996 799.94757080
1.06379998 800.09997559
1.06389999 800.25238037
1.06340003 800.40478516
1.06149995 800.55718994
1.06050003 800.70959473
1.05830002 800.86199951
1.05499995 801.01440430
1.05299997 801.16680908
1.05280006 801.31921387
1.05209994 801.47161865
1.05289996 801.62402344
1.05420005 801.77642822
1.05530000 801.92877197
1.05659997 802.08117676
1.05630004 802.23358154
1.05460000 802.38598633
1.05250001 802.53839111
1.04980004 802.69079590
1.04770005 802.84320068
1.04659998 802.99560547
1.04600000 803.14801025
1.04480004 803.30041504
1.04400003 803.45281982
1.04369998 803.60522461
1.04279995 803.75762939
1.04170001 803.90997314
1.04089999 804.06237793
1.03989995 804.21478271
1.03919995 804.36718750
1.03840005 804.51959229
1.03810000 804.67199707
1.03779995 804.82440186
1.03729999 804.97680664
1.03690004 805.12921143
1.03620005 805.28161621
1.03559995 805.43402100
1.03499997 805.58642578
1.03489995 805.73876953
1.03470004 805.89117432
1.03390002 806.04357910
1.03340006 806.19598389
1.03299999 806.34838867
1.03299999 806.50079346
1.03330004 806.65319824
1.03369999 806.80560303
1.03450000 806.95800781
1.03450000 807.11041260
1.03359997 807.26281738
1.03230000 807.41522217
1.03020000 807.56762695
1.02769995 807.71997070
1.02540004 807.87237549
1.02359998 808.02478027
1.02110004 808.17718506
1.01919997 808.32958984
1.01769996 808.48199463
1.01750004 808.63439941
1.01719999 808.78680420
1.01719999 808.93920898
1.01650000 809.09161377
1.01569998 809.24401855
1.01470006 809.39642334
1.01429999 809.54882812
1.01450002 809.70117188
1.01540005 809.85357666
1.01329994 810.00598145
1.01010001 810.15838623
1.00610006 810.31079102
1.00500000 810.46319580
1.00569999 810.61560059
1.00629997 810.76800537
1.00590003 810.92041016
1.00559998 811.07281494
1.00349998 811.22521973
1.00179994 811.37762451
0.99849999 811.53002930
0.99739999 811.68237305
0.99550003 811.83477783
0.98290002 811.98718262
0.96550000 812.13958740
0.95179999 812.29199219
0.94610000 812.44439697
0.94019997 812.59680176
0.93790001 812.74920654
0.80409998 812.90161133
0.63239998 813.05401611
0.48809999 813.20642090
0.39109999 813.35882568
0.33160001 813.51123047
0.32990000 813.66357422
0.32769999 813.81597900
0.32550001 813.96838379
0.32490000 814.12078857
0.32440001 814.27319336
0.32400000 814.42559814
0.32460001 814.57800293
0.32550001 814.73040771
0.32600001 814.88281250
0.32679999 815.03521729
0.32820001 815.18762207
0.32870001 815.34002686
0.32990000 815.49237061
0.33080000 815.64477539
0.33080000 815.79718018
0.33100000 815.94958496
0.33190000 816.10198975
0.33180001 816.25439453
0.33260000 816.40679932
0.33460000 816.55920410
0.33489999 816.71160889
0.33550000 816.86401367
0.33570001 817.01641846
0.33520001 817.16882324
0.33460000 817.32122803
0.33390000 817.47357178
0.33510000 817.62597656
0.33550000 817.77838135
0.33600000 817.93078613
0.33579999 818.08319092
0.33590001 818.23559570
0.33559999 818.38800049
0.33539999 818.54040527
0.33550000 818.69281006
0.33559999 818.84521484
0.33530000 818.99761963
0.33520001 819.15002441
0.33410001 819.30242920
0.33289999 819.45477295
0.33250001 819.60717773
0.33180001 819.75958252
0.33170000 819.91198730
0.33180001 820.06439209
0.33180001 820.21679688
0.33170000 820.36920166
0.33039999 820.52160645
0.32990000 820.67401123
0.32929999 820.82641602
0.32980001 820.97882080
0.33039999 821.13122559
0.33309999 821.28363037
0.33450001 821.43597412
0.33590001 821.58837891
0.39109999 821.74078369
0.47999999 821.89318848
0.56790000 822.04559326
0.64800000 822.19799805
0.70950001 822.35040283
0.71789998 822.50280762
0.74710000 822.65521240
0.74970001 822.80761719
0.75019997 822.96002197
0.75070000 823.11242676
0.75139999 823.26477051
0.75110000 823.41717529
0.75169998 823.56958008
0.75199997 823.72198486
0.75250000 823.87438965
0.75340003 824.02679443
0.75309998 824.17919922
0.75290000 824.33160400
0.75340003 824.48400879
0.75309998 824.63641357
0.75349998 824.78881836
0.75389999 824.94122314
0.75370002 825.09362793
0.75370002 825.24597168
0.75389999 825.39837646
0.75379997 825.55078125
0.75400001 825.70318604
0.75480002 825.85559082
0.75540000 826.00799561
0.75620002 826.16040039
0.75660002 826.31280518
0.75660002 826.46520996
0.75599998 826.61761475
0.75559998 826.77001953
0.75500000 826.92242432
0.75529999 827.07482910
0.75540000 827.22717285
0.75580001 827.37957764
0.75629997 827.53198242
0.75639999 827.68438721
0.75700003 827.83679199
0.75720000 827.98919678
0.75720000 828.14160156
0.75739998 828.29400635
0.75779998 828.44641113
0.75779998 828.59881592
0.75800002 828.75122070
0.75860000 828.90362549
0.75860000 829.05603027
0.75940001 829.20837402
0.75989997 829.36077881
0.76090002 829.51318359
0.76200002 829.66558838
0.76260000 829.81799316
0.76279998 829.97039795
0.76330000 830.12280273
0.76310003 830.27520752
0.76160002 830.42761230
0.76109999 830.58001709
0.76040000 830.73242188
0.75970000 830.88482666
0.76059997 831.03717041
0.76099998 831.18957520
0.76120001 831.34197998
0.76220000 831.49438477
0.76209998 831.64678955
0.76220000 831.79919434
0.76239997 831.95159912
0.76239997 832.10400391
0.76249999 832.25640869
0.76220000 832.40881348
0.76300001 832.56121826
0.76270002 832.71362305
0.76270002 832.86602783
0.76289999 833.01837158
0.76150000 833.17077637
0.76029998 833.32318115
0.75849998 833.47558594
0.75760001 833.62799072
0.75800002 833.78039551
0.75809997 833.93280029
0.75830001 834.08520508
0.75830001 834.23760986
0.75809997 834.39001465
0.75809997 834.54241943
0.75599998 834.69482422
0.75459999 834.84722900
0.75349998 834.99957275
0.75230002 835.15197754
0.75070000 835.30438232
0.75120002 835.45678711
0.75129998 835.60919189
0.75180000 835.76159668
0.75199997 835.91400146
0.75319999 836.06640625
0.75400001 836.21881104
0.75590003 836.37121582
0.75760001 836.52362061
0.75849998 836.67602539
0.76010001 836.82843018
0.76260000 836.98077393
0.76340002 837.13317871
0.76490003 837.28558350
0.76529998 837.43798828
0.76580000 837.59039307
0.76670003 837.74279785
0.76789999 837.89520264
0.77060002 838.04760742
0.77340001 838.20001221
0.77509999 838.35241699
0.77670002 838.50482178
0.77689999 838.65722656
0.77740002 838.80957031
0.77759999 838.96197510
0.77780002 839.11437988
0.77810001 839.26678467
0.77840000 839.41918945
0.77880001 839.57159424
0.77869999 839.72399902
0.77899998 839.87640381
0.78070003 840.02880859
0.78109998 840.18121338
0.78170002 840.33361816
0.78210002 840.48602295
0.78130001 840.63842773
0.78100002 840.79077148
0.77999997 840.94317627
0.77960002 841.09558105
0.77910000 841.24798584
0.77869999 841.40039062
0.77770001 841.55279541
0.67060000 841.70520020
0.57080001 841.85760498
0.47200000 842.01000977
0.41749999 842.16241455
0.36849999 842.31481934
0.36820000 842.46722412
0.36739999 842.61962891
0.36780000 842.77197266
0.36829999 842.92437744
0.36840001 843.07678223
0.36800000 843.22918701
0.36710000 843.38159180
0.36600000 843.53399658
0.36469999 843.68640137
0.36340001 843.83880615
0.36219999 843.99121094
0.36140001 844.14361572
0.36149999 844.29602051
0.36109999 844.44842529
0.36070001 844.60083008
0.36129999 844.75317383
0.36059999 844.90557861
0.36140001 845.05798340
0.36160001 845.21038818
0.36109999 845.36279297
0.36109999 845.51519775
0.36059999 845.66760254
0.36059999 845.82000732
0.36080000 845.97241211
0.36129999 846.12481689
0.36199999 846.27722168
0.36309999 846.42962646
0.36410001 846.58197021
0.36489999 846.73437500
0.36559999 846.88677979
0.36440000 847.03918457
0.36309999 847.19158936
0.36160001 847.34399414
0.36059999 847.49639893
0.36109999 847.64880371
0.36190000 847.80120850
0.36309999 847.95361328
0.36449999 848.10601807
0.36550000 848.25842285
0.36600000 848.41082764
0.36719999 848.56317139
0.36750001 848.71557617
0.36739999 848.86798096
0.36770001 849.02038574
0.36780000 849.17279053
0.36820000 849.32519531
0.36849999 849.47760010
0.36860001 849.63000488
0.36890000 849.78240967
0.37029999 849.93481445
0.37200001 850.08721924
0.39890000 850.23962402
0.44949999 850.39202881
0.47940001 850.54437256
0.56930000 850.69677734
0.64910001 850.84918213
0.69309998 851.00158691
0.77160001 851.15399170
0.77289999 851.30639648
0.77380002 851.45880127
0.77340001 851.61120605
0.77249998 851.76361084
0.77310002 851.91601562
0.77389997 852.06842041
0.77399999 852.22082520
0.77450001 852.37322998
0.77509999 852.52557373
0.77609998 852.67797852
0.77679998 852.83038330
0.77810001 852.98278809
0.77840000 853.13519287
0.77840000 853.28759766
0.77840000 853.44000244
0.77789998 853.59240723
0.77770001 853.74481201
0.77759999 853.89721680
0.77759999 854.04962158
0.77789998 854.20202637
0.77800000 854.35437012
0.77890003 854.50677490
0.77980000 854.65917969
0.78070003 854.81158447
0.78149998 854.96398926
0.78299999 855.11639404
0.78359997 855.26879883
0.78439999 855.42120361
0.78479999 855.57360840
0.78500003 855.72601318
0.78509998 855.87841797
0.78439999 856.03082275
0.78359997 856.18322754
0.78280002 856.33557129
0.78160000 856.48797607
0.77920002 856.64038086
0.77740002 856.79278564
0.77460003 856.94519043
0.77200001 857.09759521
0.76999998 857.25000000
0.76880002 857.40240479
0.76730001 857.55480957
0.76529998 857.70721436
0.76359999 857.85961914
0.76260000 858.01202393
0.76169997 858.16442871
0.76169997 858.31677246
0.76160002 858.46917725
0.76200002 858.62158203
0.76220000 858.77398682
0.76200002 858.92639160
0.76209998 859.07879639
0.76150000 859.23120117
0.76069999 859.38360596
0.76020002 859.53601074
0.75959998 859.68841553
0.75919998 859.84082031
0.75970000 859.99322510
0.76050001 860.14562988
0.76099998 860.29797363
0.76249999 860.45037842
0.76289999 860.60278320
0.76209998 860.75518799
0.76179999 860.90759277
0.76099998 861.05999756
0.75980002 861.21240234
0.76020002 861.36480713
0.76050001 861.51721191
0.76050001 861.66961670
0.76029998 861.82202148
0.75959998 861.97442627
0.75919998 862.12677002
0.75910002 862.27917480
0.75870001 862.43157959
0.75880003 862.58398438
0.75900000 862.73638916
0.75910002 862.88879395
0.75940001 863.04119873
0.75950003 863.19360352
0.75989997 863.34600830
0.76010001 863.49841309
0.76040000 863.65081787
0.76029998 863.80322266
0.76020002 863.95562744
0.75980002 864.10797119
0.75959998 864.26037598
0.75929999 864.41278076
0.75910002 864.56518555
0.75910002 864.71759033
0.75910002 864.86999512
0.75819999 865.02239990
0.75830001 865.17480469
0.75779998 865.32720947
0.75760001 865.47961426
0.75749999 865.63201904
0.75700003 865.78442383
0.75669998 865.93682861
0.75599998 866.08917236
0.75580001 866.24157715
0.75510001 866.39398193
0.75459999 866.54638672
0.75470001 866.69879150
0.75480002 866.85119629
0.75480002 867.00360107
0.75449997 867.15600586
0.75459999 867.30841064
0.75459999 867.46081543
0.75470001 867.61322021
0.75470001 867.76562500
0.75440001 867.91802979
0.75500000 868.07037354
0.75489998 868.22277832
0.75459999 868.37518311
0.75520003 868.52758789
0.75500000 868.67999268
0.75489998 868.83239746
0.75440001 868.98480225
0.75290000 869.13720703
0.75260001 869.28961182
0.75190002 869.44201660
0.75220001 869.59442139
0.75239998 869.74682617
0.75279999 869.89916992
0.71749997 870.05157471
0.65319997 870.20397949
0.57290000 870.35638428
0.49540001 870.50878906
0.41700000 870.66119385
0.40009999 870.81359863
0.36379999 870.96600342
0.36230001 871.11840820
0.36039999 871.27081299
0.35740000 871.42321777
0.35409999 871.57562256
0.35290000 871.72802734
0.35089999 871.88037109
0.34970000 872.03277588
0.34920001 872.18518066
0.34959999 872.33758545
0.34880000 872.48999023
0.34900001 872.64239502
0.34900001 872.79479980
0.34860000 872.94720459
0.34869999 873.09960938
0.34869999 873.25201416
0.34830001 873.40441895
0.34869999 873.55682373
0.34889999 873.70922852
0.34860000 873.86157227
0.34860000 874.01397705
0.34819999 874.16638184
0.34709999 874.31878662
0.34619999 874.47119141
0.34540001 874.62359619
0.34410000 874.77600098
0.34470001 874.92840576
0.34490001 875.08081055
0.34509999 875.23321533
0.34520000 875.38562012
0.34509999 875.53802490
0.34470001 875.69042969
0.34410000 875.84277344
0.34419999 875.99517822
0.34400001 876.14758301
0.34380001 876.29998779
0.34360000 876.45239258
0.34320000 876.60479736
0.34320000 876.75720215
0.34330001 876.90960693
0.34279999 877.06201172
0.34380001 877.21441650
0.34369999 877.36682129
0.34450001 877.51922607
0.34580001 877.67156982
0.34770000 877.82397461
0.34959999 877.97637939
0.35220000 878.12878418
0.35429999 878.28118896
0.35749999 878.43359375
0.36120000 878.58599854
0.36289999 878.73840332
0.38569999 878.89080811
0.44170001 879.04321289
0.49500000 879.19561768
0.57249999 879.34802246
0.64170003 879.50042725
0.69809997 879.65277100
0.69859999 879.80517578
0.69880003 879.95758057
0.69800001 880.10998535
0.69840002 880.26239014
0.69849998 880.41479492
0.69919997 880.56719971
0.70039999 880.71960449
0.70090002 880.87200928
0.70200002 881.02441406
0.70150000 881.17681885
0.70050001 881.32922363
0.70010000 881.48162842
0.69999999 881.63397217
0.70029998 881.78637695
0.70090002 881.93878174
0.70130002 882.09118652
0.70130002 882.24359131
0.70209998 882.39599609
0.70220000 882.54840088
0.70240003 882.70080566
0.70279998 882.85321045
0.70289999 883.00561523
0.70330000 883.15802002
0.70380002 883.31042480
0.70410001 883.46282959
0.70429999 883.61517334
0.70510000 883.76757812
0.70520002 883.91998291
0.70660001 884.07238770
0.70730001 884.22479248
0.70760000 884.37719727
0.70819998 884.52960205
0.70850003 884.68200684
0.70870000 884.83441162
0.70880002 884.98681641
0.70870000 885.13922119
0.70880002 885.29162598
0.70819998 885.44396973
0.70840001 885.59637451
0.70789999 885.74877930
0.70789999 885.90118408
0.70789999 886.05358887
0.70840001 886.20599365
0.70859998 886.35839844
0.71010000 886.51080322
0.71079999 886.66320801
0.71160001 886.81561279
0.71230000 886.96801758
0.71219999 887.12042236
0.71200001 887.27282715
0.71139997 887.42517090
0.71039999 887.57757568
0.71020001 887.72998047
0.70990002 887.88238525
0.70899999 888.03479004
0.70899999 888.18719482
0.70810002 888.33959961
0.70770001 888.49200439
0.70719999 888.64440918
0.70649999 888.79681396
0.70670003 888.94921875
0.70639998 889.10162354
0.70630002 889.25402832
0.70630002 889.40637207
0.70560002 889.55877686
0.70539999 889.71118164
0.70490003 889.86358643
0.70420003 890.01599121
0.70359999 890.16839600
0.70340002 890.32080078
0.70330000 890.47320557
0.70330000 890.62561035
0.70349997 890.77801514
0.70349997 890.93041992
0.70319998 891.08282471
0.70319998 891.23522949
0.70289999 891.38757324
0.70260000 891.53997803
0.70240003 891.69238281
0.70340002 891.84478760
0.70389998 891.99719238
0.70459998 892.14959717
0.70510000 892.30200195
0.70459998 892.45440674
0.70499998 892.60681152
0.70429999 892.75921631
0.70469999 892.91162109
0.70499998 893.06402588
0.70529997 893.21636963
0.70649999 893.36877441
0.70700002 893.52117920
0.70749998 893.67358398
0.70899999 893.82598877
0.70980000 893.97839355
0.71109998 894.13079834
0.71170002 894.28320312
0.71390003 894.43560791
0.71480000 894.58801270
0.71590000 894.74041748
0.71719998 894.89282227
0.71759999 895.04522705
0.71850002 895.19757080
0.71840000 895.34997559
0.71840000 895.50238037
