0.00000000 365.76000977
-0.01510000 365.91241455
-0.01410000 366.06478882
-0.01970000 366.21719360
-0.02130000 366.36959839
-0.02760000 366.52200317
-0.03160000 366.67440796
-0.03610000 366.82681274
-0.04160000 366.97918701
-0.04270000 367.13159180
-0.04240000 367.28399658
-0.03530000 367.43640137
-0.03110000 367.58880615
-0.03050000 367.74121094
-0.02840000 367.89358521
-0.03260000 368.04598999
-0.03160000 368.19839478
-0.03030000 368.35079956
-0.03430000 368.50320435
-0.03070000 368.65560913
-0.03570000 368.80801392
-0.04010000 368.96038818
-0.03710000 369.11279297
-0.03820000 369.26519775
-0.04150000 369.41760254
-0.04300000 369.57000732
-0.04690000 369.72241211
-0.04940000 369.87478638
-0.05330000 370.02719116
-0.05730000 370.17959595
-0.06090000 370.33200073
-0.06810000 370.48440552
-0.08180000 370.63681030
-0.09470000 370.78921509
-0.09500000 370.94158936
-0.09170000 371.09399414
-0.08520000 371.24639893
-0.08320000 371.39880371
-0.08080000 371.55120850
-0.07800000 371.70361328
-0.07470000 371.85598755
-0.07410000 372.00839233
-0.07030000 372.16079712
-0.07310000 372.31320190
-0.06580000 372.46560669
-0.06450000 372.61801147
-0.05950000 372.77038574
-0.05910000 372.92279053
-0.05820000 373.07519531
-0.05620000 373.22760010
-0.05480000 373.38000488
-0.05440000 373.53240967
-0.04920000 373.68481445
-0.04720000 373.83718872
-0.04010000 373.98959351
-0.03440000 374.14199829
-0.03280000 374.29440308
-0.03160000 374.44680786
-0.03680000 374.59921265
-0.04170000 374.75158691
-0.04610000 374.90399170
-0.05050000 375.05639648
-0.05180000 375.20880127
-0.05330000 375.36120605
-0.05410000 375.51361084
-0.05380000 375.66598511
-0.05310000 375.81838989
-0.04220000 375.97079468
-0.03420000 376.12319946
-0.03450000 376.27560425
-0.03660000 376.42800903
-0.03500000 376.58041382
-0.03370000 376.73278809
-0.03400000 376.88519287
-0.03760000 377.03759766
-0.04320000 377.19000244
-0.05000000 377.34240723
-0.05370000 377.49481201
-0.05530000 377.64718628
-0.05560000 377.79959106
-0.05450000 377.95199585
-0.05260000 378.10440063
-0.05020000 378.25680542
-0.04550000 378.40921021
-0.04010000 378.56161499
-0.02860000 378.71398926
-0.02560000 378.86639404
-0.02840000 379.01879883
-0.02310000 379.17120361
-0.02140000 379.32360840
-0.02190000 379.47601318
-0.01910000 379.62838745
-0.01850000 379.78079224
-0.01810000 379.93319702
-0.01690000 380.08560181
-0.01610000 380.23800659
-0.01650000 380.39041138
-0.01670000 380.54278564
-0.01620000 380.69519043
-0.01780000 380.84759521
-0.02040000 381.00000000
-0.02330000 381.15240479
-0.03210000 381.30480957
-0.03010000 381.45721436
-0.02380000 381.60958862
-0.02800000 381.76199341
-0.02710000 381.91439819
-0.02560000 382.06680298
-0.02920000 382.21920776
-0.02930000 382.37161255
-0.02910000 382.52398682
-0.02450000 382.67639160
-0.02480000 382.82879639
-0.01770000 382.98120117
-0.02410000 383.13360596
-0.02440000 383.28601074
-0.02370000 383.43838501
-0.02430000 383.59078979
-0.02100000 383.74319458
-0.01760000 383.89559937
-0.01490000 384.04800415
-0.01440000 384.20040894
-0.01080000 384.35281372
-0.01930000 384.50518799
-0.01610000 384.65759277
-0.01650000 384.80999756
-0.02380000 384.96240234
-0.01830000 385.11480713
-0.01990000 385.26721191
-0.02270000 385.41958618
-0.01310000 385.57199097
-0.02200000 385.72439575
-0.02460000 385.87680054
-0.02310000 386.02920532
-0.03100000 386.18161011
-0.03230000 386.33401489
-0.02460000 386.48638916
-0.02540000 386.63879395
-0.01240000 386.79119873
-0.00850000 386.94360352
-0.00600000 387.09600830
-0.00590000 387.24841309
-0.00890000 387.40078735
-0.01140000 387.55319214
-0.01240000 387.70559692
-0.00870000 387.85800171
-0.00570000 388.01040649
0.00000000 388.16281128
0.00000000 388.31518555
-0.00430000 388.46759033
-0.00570000 388.61999512
-0.00750000 388.77239990
-0.01280000 388.92480469
-0.01050000 389.07720947
-0.01250000 389.22961426
-0.01450000 389.38198853
-0.01200000 389.53439331
-0.01190000 389.68679810
-0.00530000 389.83920288
-0.00360000 389.99160767
-0.00260000 390.14401245
-0.00140000 390.29638672
-0.00150000 390.44879150
-0.00080000 390.60119629
-0.00130000 390.75360107
-0.00320000 390.90600586
-0.00720000 391.05841064
-0.00920000 391.21078491
-0.01000000 391.36318970
-0.01060000 391.51559448
-0.01030000 391.66799927
-0.01020000 391.82040405
-0.00800000 391.97280884
-0.00330000 392.12521362
-0.00040000 392.27758789
0.00000000 392.42999268
0.00000000 392.58239746
0.00000000 392.73480225
0.00000000 392.88720703
0.00000000 393.03961182
0.00000000 393.19198608
0.00000000 393.34439087
0.00000000 393.49679565
0.00000000 393.64920044
0.00000000 393.80160522
0.00000000 393.95401001
0.00000000 394.10641479
0.00000000 394.25878906
0.00000000 394.41119385
0.00000000 394.56359863
0.00000000 394.71600342
0.00000000 394.86840820
0.00000000 395.02081299
0.00000000 395.17318726
0.00000000 395.32559204
0.00000000 395.47799683
0.00000000 395.63040161
0.00000000 395.78280640
0.00000000 395.93521118
0.00000000 396.08758545
0.00000000 396.23999023
0.00000000 396.39239502
0.00000000 396.54479980
0.00000000 396.69720459
0.00000000 396.84960938
0.00000000 397.00201416
0.00000000 397.15438843
0.00000000 397.30679321
0.00000000 397.45919800
0.00000000 397.61160278
0.00000000 397.76400757
0.00000000 397.91641235
0.00000000 398.06878662
0.00000000 398.22119141
0.00000000 398.37359619
0.00000000 398.52600098
0.00000000 398.67840576
0.00000000 398.83081055
0.00000000 398.98318481
0.00000000 399.13558960
0.00000000 399.28799438
0.00000000 399.44039917
0.00000000 399.59280396
0.00000000 399.74520874
0.00000000 399.89761353
0.00000000 400.04998779
0.00000000 400.20239258
0.00000000 400.35479736
0.00000000 400.50720215
0.00000000 400.65960693
0.00000000 400.81201172
0.00000000 400.96438599
0.00000000 401.11679077
0.00000000 401.26919556
0.00000000 401.42160034
0.00000000 401.57400513
0.00000000 401.72640991
0.00000000 401.87881470
0.00000000 402.03118896
0.00000000 402.18359375
0.00000000 402.33599854
0.00000000 402.48840332
0.00000000 402.64080811
0.00000000 402.79321289
0.00000000 402.94558716
0.00000000 403.09799194
0.00000000 403.25039673
0.00000000 403.40280151
0.00000000 403.55520630
0.00000000 403.70761108
0.00000000 403.85998535
0.00000000 404.01239014
0.00000000 404.16479492
0.00000000 404.31719971
0.00000000 404.46960449
0.00000000 404.62200928
0.00000000 404.77441406
0.00000000 404.92678833
0.00000000 405.07919312
0.00000000 405.23159790
0.00000000 405.38400269
0.00000000 405.53640747
0.00000000 405.68881226
0.00000000 405.84118652
0.00000000 405.99359131
0.00000000 406.14599609
0.00000000 406.29840088
0.00000000 406.45080566
0.00000000 406.60321045
0.00000000 406.75561523
0.00000000 406.90798950
0.00000000 407.06039429
0.00000000 407.21279907
0.00000000 407.36520386
0.00000000 407.51760864
0.00000000 407.67001343
0.00000000 407.82238770
0.00000000 407.97479248
0.00000000 408.12719727
0.00000000 408.27960205
0.00000000 408.43200684
0.00000000 408.58441162
0.00000000 408.73678589
0.00000000 408.88919067
0.00000000 409.04159546
0.00000000 409.19400024
0.00000000 409.34640503
0.00000000 409.49880981
0.00000000 409.65121460
0.00000000 409.80358887
0.00000000 409.95599365
0.00000000 410.10839844
0.00000000 410.26080322
0.00000000 410.41320801
0.00000000 410.56561279
0.00000000 410.71798706
0.00000000 410.87039185
0.00000000 411.02279663
0.00000000 411.17520142
0.00000000 411.32760620
0.00000000 411.48001099
0.00000000 411.63238525
0.00000000 411.78479004
0.00000000 411.93719482
0.00000000 412.08959961
0.00000000 412.24200439
0.00000000 412.39440918
0.00000000 412.54681396
0.00000000 412.69918823
0.00000000 412.85159302
0.00000000 413.00399780
0.00000000 413.15640259
0.00000000 413.30880737
0.00000000 413.46121216
0.00000000 413.61358643
0.00000000 413.76599121
0.00000000 413.91839600
0.00000000 414.07080078
0.00000000 414.22320557
0.00000000 414.37561035
0.00000000 414.52801514
0.00000000 414.68038940
0.00000000 414.83279419
0.00000000 414.98519897
0.00000000 415.13760376
0.00000000 415.29000854
0.00000000 415.44241333
0.00000000 415.59478760
0.00000000 415.74719238
0.00000000 415.89959717
0.00000000 416.05200195
0.00000000 416.20440674
0.00000000 416.35681152
0.00000000 416.50918579
0.00000000 416.66159058
0.00000000 416.81399536
0.00000000 416.96640015
0.00000000 417.11880493
0.00000000 417.27120972
0.00000000 417.42361450
0.00000000 417.57598877
0.00000000 417.72839355
0.00000000 417.88079834
0.00000000 418.03320312
0.00000000 418.18560791
0.00000000 418.33801270
0.00000000 418.49038696
0.00000000 418.64279175
0.00000000 418.79519653
0.00000000 418.94760132
0.00000000 419.10000610
0.00000000 419.25241089
0.00000000 419.40478516
0.00000000 419.55718994
0.00000000 419.70959473
-0.00100000 419.86199951
0.00210000 420.01440430
0.00640000 420.16680908
0.03010000 420.31921387
0.02190000 420.47158813
0.02210000 420.62399292
0.01870000 420.77639771
0.01570000 420.92880249
0.01530000 421.08120728
0.00560000 421.23361206
0.00610000 421.38598633
0.00500000 421.53839111
0.00020000 421.69079590
-0.00250000 421.84320068
-0.00340000 421.99560547
-0.00330000 422.14801025
-0.00360000 422.30041504
-0.00380000 422.45278931
-0.00240000 422.60519409
-0.00190000 422.75759888
-0.00140000 422.91000366
-0.00070000 423.06240845
-0.00070000 423.21481323
-0.00120000 423.36718750
-0.00100000 423.51959229
-0.00290000 423.67199707
-0.00610000 423.82440186
-0.01200000 423.97680664
-0.01150000 424.12921143
-0.01490000 424.28158569
-0.01550000 424.43399048
-0.01340000 424.58639526
-0.01370000 424.73880005
-0.01110000 424.89120483
-0.00920000 425.04360962
-0.00780000 425.19601440
-0.00550000 425.34838867
-0.00540000 425.50079346
-0.00450000 425.65319824
-0.00490000 425.80560303
-0.00250000 425.95800781
-0.00450000 426.11041260
-0.00510000 426.26278687
-0.00490000 426.41519165
-0.00600000 426.56759644
-0.00530000 426.72000122
-0.00520000 426.87240601
-0.00370000 427.02481079
-0.00530000 427.17718506
-0.00550000 427.32958984
-0.00600000 427.48199463
-0.00570000 427.63439941
-0.00410000 427.78680420
-0.00280000 427.93920898
-0.00100000 428.09161377
-0.00110000 428.24398804
-0.00130000 428.39639282
-0.00170000 428.54879761
-0.00150000 428.70120239
-0.00080000 428.85360718
-0.00040000 429.00601196
-0.00030000 429.15838623
-0.00030000 429.31079102
-0.00030000 429.46319580
-0.00030000 429.61560059
-0.00040000 429.76800537
-0.00050000 429.92041016
-0.00210000 430.07281494
-0.00340000 430.22518921
-0.00500000 430.37759399
-0.00460000 430.52999878
-0.00360000 430.68240356
-0.00250000 430.83480835
-0.00180000 430.98721313
-0.00090000 431.13958740
-0.00070000 431.29199219
0.00000000 431.44439697
0.00000000 431.59680176
0.00000000 431.74920654
0.00000000 431.90161133
0.00000000 432.05398560
0.00000000 432.20639038
-0.00170000 432.35879517
-0.00230000 432.51119995
-0.00330000 432.66360474
-0.00470000 432.81600952
-0.00440000 432.96841431
-0.00350000 433.12078857
-0.00270000 433.27319336
0.00000000 433.42559814
0.00000000 433.57800293
0.00000000 433.73040771
0.00000000 433.88281250
-0.00240000 434.03518677
-0.00320000 434.18759155
-0.00370000 434.33999634
-0.00300000 434.49240112
-0.00370000 434.64480591
-0.00350000 434.79721069
-0.00260000 434.94958496
-0.00390000 435.10198975
-0.00300000 435.25439453
-0.00210000 435.40679932
-0.00150000 435.55920410
0.00000000 435.71160889
0.00000000 435.86401367
0.00000000 436.01638794
0.00000000 436.16879272
0.00000000 436.32119751
0.00000000 436.47360229
0.00000000 436.62600708
0.00000000 436.77841187
0.00000000 436.93078613
-0.00170000 437.08319092
-0.00200000 437.23559570
-0.00250000 437.38800049
-0.00390000 437.54040527
-0.00320000 437.69281006
-0.00310000 437.84521484
-0.00330000 437.99758911
-0.00290000 438.14999390
-0.00300000 438.30239868
-0.00350000 438.45480347
-0.00310000 438.60720825
-0.00290000 438.75961304
-0.00650000 438.91198730
-0.00660000 439.06439209
-0.01050000 439.21679688
-0.01260000 439.36920166
-0.01710000 439.52160645
-0.01980000 439.67401123
-0.01790000 439.82638550
-0.01720000 439.97879028
-0.01440000 440.13119507
-0.01470000 440.28359985
-0.01470000 440.43600464
-0.01640000 440.58840942
-0.01770000 440.74081421
-0.01650000 440.89318848
-0.01730000 441.04559326
-0.01420000 441.19799805
-0.01110000 441.35040283
-0.01300000 441.50280762
-0.01180000 441.65521240
-0.01340000 441.80758667
-0.01490000 441.95999146
-0.01510000 442.11239624
-0.01560000 442.26480103
-0.01490000 442.41720581
-0.01240000 442.56961060
-0.01300000 442.72198486
-0.00930000 442.87438965
-0.01270000 443.02679443
-0.01330000 443.17919922
-0.01430000 443.33160400
-0.01720000 443.48400879
-0.01690000 443.63641357
-0.01700000 443.78878784
-0.01780000 443.94119263
-0.01650000 444.09359741
-0.01640000 444.24600220
-0.01330000 444.39840698
-0.01260000 444.55081177
-0.01530000 444.70318604
-0.01580000 444.85559082
-0.01610000 445.00799561
-0.01340000 445.16040039
-0.01240000 445.31280518
-0.01290000 445.46520996
-0.01460000 445.61761475
-0.01560000 445.76998901
-0.01770000 445.92239380
-0.01850000 446.07479858
-0.02070000 446.22720337
-0.02180000 446.37960815
-0.02000000 446.53201294
-0.02050000 446.68438721
-0.02130000 446.83679199
-0.02010000 446.98919678
-0.01780000 447.14160156
-0.01790000 447.29400635
-0.01410000 447.44641113
-0.01450000 447.59878540
-0.01450000 447.75119019
0.00140000 447.90359497
0.00020000 448.05599976
0.00210000 448.20840454
0.00330000 448.36080933
0.00180000 448.51321411
0.00220000 448.66558838
-0.00060000 448.81799316
0.03600000 448.97039795
0.03770000 449.12280273
0.04790000 449.27520752
0.05560000 449.42761230
0.04850000 449.57998657
0.05240000 449.73239136
0.05490000 449.88479614
0.02190000 450.03720093
0.02210000 450.18960571
-0.00570000 450.34201050
-0.01450000 450.49438477
-0.01580000 450.64678955
-0.01830000 450.79919434
-0.02370000 450.95159912
-0.02680000 451.10400391
-0.02650000 451.25640869
-0.02890000 451.40881348
-0.02940000 451.56118774
-0.03230000 451.71359253
-0.03710000 451.86599731
-0.04180000 452.01840210
-0.04560000 452.17080688
-0.04890000 452.32321167
-0.04690000 452.47558594
-0.04390000 452.62799072
-0.02780000 452.78039551
-0.00220000 452.93280029
0.00000000 453.08520508
0.00000000 453.23760986
0.00000000 453.39001465
0.00000000 453.54238892
0.00000000 453.69479370
0.00000000 453.84719849
0.00000000 453.99960327
0.00000000 454.15200806
0.00000000 454.30441284
0.00000000 454.45678711
0.00000000 454.60919189
0.00000000 454.76159668
0.00000000 454.91400146
0.00000000 455.06640625
0.00000000 455.21881104
0.00000000 455.37118530
0.00000000 455.52359009
0.00000000 455.67599487
0.00000000 455.82839966
-0.00130000 455.98080444
-0.00180000 456.13320923
-0.00250000 456.28561401
-0.00250000 456.43798828
-0.00180000 456.59039307
-0.00330000 456.74279785
-0.00270000 456.89520264
-0.00350000 457.04760742
-0.00480000 457.20001221
-0.00370000 457.35238647
-0.00710000 457.50479126
-0.00820000 457.65719604
-0.01000000 457.80960083
-0.01610000 457.96200562
-0.01720000 458.11441040
-0.01900000 458.26681519
-0.01830000 458.41918945
-0.01910000 458.57159424
-0.02080000 458.72399902
-0.02300000 458.87640381
-0.02460000 459.02880859
-0.02440000 459.18121338
-0.02260000 459.33358765
-0.01670000 459.48599243
-0.01530000 459.63839722
-0.01620000 459.79080200
-0.01730000 459.94320679
-0.02360000 460.09561157
-0.03050000 460.24798584
-0.03720000 460.40039062
-0.04800000 460.55279541
-0.05310000 460.70520020
-0.05680000 460.85760498
-0.05480000 461.01000977
-0.04820000 461.16241455
-0.04690000 461.31478882
-0.04290000 461.46719360
-0.04620000 461.61959839
-0.05030000 461.77200317
-0.05350000 461.92440796
-0.05790000 462.07681274
-0.05830000 462.22918701
-0.05970000 462.38159180
-0.05870000 462.53399658
-0.05650000 462.68640137
-0.05510000 462.83880615
-0.05430000 462.99121094
-0.05260000 463.14358521
-0.05510000 463.29598999
-0.05400000 463.44839478
-0.05740000 463.60079956
-0.06340000 463.75320435
-0.06990000 463.90560913
-0.08150000 464.05801392
-0.08900000 464.21038818
-0.09570000 464.36279297
-0.09800000 464.51519775
-0.09770000 464.66760254
-0.09760000 464.82000732
-0.09680000 464.97241211
-0.09710000 465.12478638
-0.09770000 465.27719116
-0.09740000 465.42959595
-0.09880000 465.58200073
-0.09840000 465.73440552
-0.09020000 465.88681030
-0.06450000 466.03921509
-0.03530000 466.19158936
-0.02740000 466.34399414
-0.02380000 466.49639893
-0.02160000 466.64880371
-0.02270000 466.80120850
-0.02640000 466.95361328
-0.03510000 467.10598755
-0.05370000 467.25839233
-0.06590000 467.41079712
-0.06830000 467.56320190
-0.06570000 467.71560669
-0.06240000 467.86801147
-0.05930000 468.02038574
-0.05640000 468.17279053
-0.05130000 468.32519531
-0.04420000 468.47760010
-0.03370000 468.63000488
-0.02000000 468.78240967
-0.00390000 468.93481445
0.00000000 469.08718872
0.00000000 469.23959351
0.00000000 469.39199829
0.00000000 469.54440308
0.00000000 469.69680786
0.00000000 469.84921265
0.00000000 470.00158691
0.00000000 470.15399170
0.00000000 470.30639648
0.00000000 470.45880127
0.00000000 470.61120605
0.00000000 470.76361084
0.00000000 470.91598511
0.00000000 471.06838989
0.00000000 471.22079468
0.00000000 471.37319946
0.00000000 471.52560425
0.00000000 471.67800903
0.00000000 471.83041382
0.00000000 471.98278809
0.00000000 472.13519287
0.00000000 472.28759766
0.00000000 472.44000244
0.00000000 472.59240723
0.00000000 472.74481201
0.00000000 472.89718628
0.00000000 473.04959106
0.00000000 473.20199585
0.00000000 473.35440063
0.00000000 473.50680542
0.00000000 473.65921021
0.00000000 473.81161499
0.00000000 473.96398926
0.00000000 474.11639404
0.00000000 474.26879883
0.00000000 474.42120361
0.00000000 474.57360840
0.00000000 474.72601318
0.00000000 474.87838745
0.00000000 475.03079224
0.00000000 475.18319702
0.00000000 475.33560181
0.00000000 475.48800659
0.00000000 475.64041138
0.00000000 475.79278564
0.00000000 475.94519043
0.00000000 476.09759521
0.00000000 476.25000000
0.00000000 476.40240479
0.00000000 476.55480957
0.00000000 476.70721436
0.00000000 476.85958862
0.00000000 477.01199341
0.00000000 477.16439819
0.00000000 477.31680298
0.00000000 477.46920776
0.00000000 477.62161255
0.00000000 477.77398682
0.00000000 477.92639160
0.00000000 478.07879639
-0.00050000 478.23120117
-0.00060000 478.38360596
-0.00080000 478.53601074
-0.00120000 478.68838501
-0.00120000 478.84078979
-0.00130000 478.99319458
-0.00160000 479.14559937
-0.00180000 479.29800415
-0.00160000 479.45040894
-0.00180000 479.60281372
-0.00120000 479.75518799
-0.00060000 479.90759277
-0.00050000 480.05999756
0.00000000 480.21240234
0.00000000 480.36480713
-0.00080000 480.51721191
-0.00240000 480.66958618
-0.00670000 480.82199097
-0.00910000 480.97439575
-0.01230000 481.12680054
-0.01630000 481.27920532
-0.01830000 481.43161011
-0.02390000 481.58401489
-0.02380000 481.73638916
0.00000000 481.88879395
0.00000000 482.04119873
0.00000000 482.19360352
0.00000000 482.34600830
0.00000000 482.49841309
0.00000000 482.65078735
0.00000000 482.80319214
0.00000000 482.95559692
0.00000000 483.10800171
0.00000000 483.26040649
0.00000000 483.41281128
0.00000000 483.56518555
0.00000000 483.71759033
0.00000000 483.86999512
0.00000000 484.02239990
0.00000000 484.17480469
0.00000000 484.32720947
0.00000000 484.47961426
0.00000000 484.63198853
0.00000000 484.78439331
0.00000000 484.93679810
0.00000000 485.08920288
0.00000000 485.24160767
0.00000000 485.39401245
0.00000000 485.54638672
0.00000000 485.69879150
0.00000000 485.85119629
0.00000000 486.00360107
0.00000000 486.15600586
0.00000000 486.30841064
0.00000000 486.46078491
0.00000000 486.61318970
0.00000000 486.76559448
0.00000000 486.91799927
0.00000000 487.07040405
0.00000000 487.22280884
0.00000000 487.37521362
0.00000000 487.52758789
0.00000000 487.67999268
0.00000000 487.83239746
0.00000000 487.98480225
0.00000000 488.13720703
0.00000000 488.28961182
0.00000000 488.44198608
0.00000000 488.59439087
0.00000000 488.74679565
0.00000000 488.89920044
0.00000000 489.05160522
0.00000000 489.20401001
0.00000000 489.35641479
0.00000000 489.50878906
0.00000000 489.66119385
0.00000000 489.81359863
0.00000000 489.96600342
0.00000000 490.11840820
0.00000000 490.27081299
0.00000000 490.42318726
0.00000000 490.57559204
0.00000000 490.72799683
0.00000000 490.88040161
0.00000000 491.03280640
0.00000000 491.18521118
0.00000000 491.33758545
0.00000000 491.48999023
0.00000000 491.64239502
0.00000000 491.79479980
0.00000000 491.94720459
0.00000000 492.09960938
0.00000000 492.25201416
0.00000000 492.40438843
0.00000000 492.55679321
0.00000000 492.70919800
0.00000000 492.86160278
0.00000000 493.01400757
0.00000000 493.16641235
0.00000000 493.31878662
0.00000000 493.47119141
0.00000000 493.62359619
0.00000000 493.77600098
0.00000000 493.92840576
0.00000000 494.08081055
0.00000000 494.23318481
0.00000000 494.38558960
0.00000000 494.53799438
0.00000000 494.69039917
0.00000000 494.84280396
0.00000000 494.99520874
0.00000000 495.14761353
0.00000000 495.29998779
0.00000000 495.45239258
0.00000000 495.60479736
0.00000000 495.75720215
0.00000000 495.90960693
0.00000000 496.06201172
0.00000000 496.21438599
0.00000000 496.36679077
0.00000000 496.51919556
0.00000000 496.67160034
0.00000000 496.82400513
0.00000000 496.97640991
0.00000000 497.12881470
0.00000000 497.28118896
0.00000000 497.43359375
0.00000000 497.58599854
0.00000000 497.73840332
0.00000000 497.89080811
0.00000000 498.04321289
0.00000000 498.19558716
0.00000000 498.34799194
0.00000000 498.50039673
0.00000000 498.65280151
0.00000000 498.80520630
0.00000000 498.95761108
0.00000000 499.10998535
0.00000000 499.26239014
0.00000000 499.41479492
0.00000000 499.56719971
0.00000000 499.71960449
0.00000000 499.87200928
0.00000000 500.02441406
0.00000000 500.17678833
0.00000000 500.32919312
0.00000000 500.48159790
0.00000000 500.63400269
0.00000000 500.78640747
0.00000000 500.93881226
0.00000000 501.09118652
0.00000000 501.24359131
0.00000000 501.39599609
0.00000000 501.54840088
0.00000000 501.70080566
0.00000000 501.85321045
0.00000000 502.00561523
0.00000000 502.15798950
0.00000000 502.31039429
0.00000000 502.46279907
0.00000000 502.61520386
0.00000000 502.76760864
0.00000000 502.92001343
0.00000000 503.07238770
0.00000000 503.22479248
0.00000000 503.37719727
0.00000000 503.52960205
0.00000000 503.68200684
0.00000000 503.83441162
0.00000000 503.98678589
0.00000000 504.13919067
-0.00210000 504.29159546
-0.00270000 504.44400024
-0.00340000 504.59640503
-0.00310000 504.74880981
-0.00210000 504.90121460
-0.00150000 505.05358887
0.00000000 505.20599365
0.00000000 505.35839844
0.00000000 505.51080322
0.00000000 505.66320801
0.00000000 505.81561279
0.00000000 505.96798706
0.00000000 506.12039185
0.00000000 506.27279663
0.00190000 506.42520142
0.00820000 506.57760620
0.01310000 506.73001099
0.03170000 506.88238525
0.06870000 507.03479004
0.08330000 507.18719482
0.10940000 507.33959961
0.11640000 507.49200439
0.11850000 507.64440918
0.12899999 507.79681396
0.04560000 507.94918823
0.00000000 508.10159302
0.00000000 508.25399780
0.00000000 508.40640259
0.00000000 508.55880737
0.00000000 508.71121216
0.00000000 508.86358643
0.00000000 509.01599121
0.00000000 509.16839600
0.00000000 509.32080078
0.00000000 509.47320557
0.00000000 509.62561035
0.00000000 509.77801514
0.00000000 509.93038940
0.00000000 510.08279419
0.00000000 510.23519897
0.00000000 510.38760376
0.00000000 510.54000854
0.00000000 510.69241333
0.00000000 510.84478760
0.00000000 510.99719238
0.00000000 511.14959717
0.00000000 511.30200195
0.00000000 511.45440674
0.00000000 511.60681152
0.00000000 511.75918579
0.00000000 511.91159058
0.00000000 512.06402588
0.00000000 512.21636963
0.00000000 512.36877441
0.00000000 512.52117920
0.00000000 512.67358398
0.00000000 512.82598877
0.00000000 512.97839355
0.00000000 513.13079834
0.00000000 513.28320312
0.00000000 513.43560791
0.00000000 513.58801270
0.00000000 513.74041748
0.00000000 513.89282227
0.00000000 514.04522705
0.00000000 514.19757080
0.00000000 514.34997559
0.00000000 514.50238037
0.00000000 514.65478516
0.00000000 514.80718994
0.00000000 514.95959473
0.00000000 515.11199951
0.00000000 515.26440430
0.00000000 515.41680908
0.00000000 515.56921387
0.00000000 515.72161865
0.00000000 515.87402344
0.00000000 516.02642822
0.00000000 516.17877197
0.00000000 516.33117676
0.00000000 516.48358154
0.00000000 516.63598633
0.00000000 516.78839111
0.00000000 516.94079590
0.00000000 517.09320068
0.00000000 517.24560547
0.00000000 517.39801025
0.00000000 517.55041504
0.00000000 517.70281982
0.00000000 517.85522461
0.00000000 518.00762939
0.00000000 518.15997314
0.00000000 518.31237793
0.00000000 518.46478271
0.00000000 518.61718750
0.00000000 518.76959229
0.00000000 518.92199707
0.00000000 519.07440186
0.00000000 519.22680664
0.00000000 519.37921143
0.00000000 519.53161621
0.00000000 519.68402100
0.00000000 519.83642578
0.00000000 519.98876953
0.00000000 520.14117432
0.00000000 520.29357910
0.00000000 520.44598389
0.00000000 520.59838867
0.00000000 520.75079346
0.00000000 520.90319824
0.00000000 521.05560303
0.00000000 521.20800781
0.00000000 521.36041260
0.00000000 521.51281738
0.00000000 521.66522217
0.00000000 521.81762695
0.00000000 521.96997070
0.00000000 522.12237549
0.00000000 522.27478027
0.00000000 522.42718506
0.00000000 522.57958984
0.00000000 522.73199463
0.00000000 522.88439941
0.00000000 523.03680420
0.00000000 523.18920898
0.00000000 523.34161377
0.00000000 523.49401855
0.00000000 523.64642334
0.00000000 523.79882812
0.00000000 523.95117188
0.00000000 524.10357666
0.00000000 524.25598145
0.00000000 524.40838623
0.00000000 524.56079102
0.00000000 524.71319580
0.00000000 524.86560059
0.00000000 525.01800537
0.00000000 525.17041016
0.00000000 525.32281494
0.00000000 525.47521973
0.00000000 525.62762451
0.00000000 525.78002930
0.00000000 525.93237305
0.00000000 526.08477783
0.00000000 526.23718262
0.00000000 526.38958740
0.00000000 526.54199219
0.00000000 526.69439697
0.00000000 526.84680176
0.00000000 526.99920654
0.00000000 527.15161133
0.00000000 527.30401611
0.00000000 527.45642090
0.00000000 527.60882568
0.00000000 527.76123047
0.00000000 527.91357422
0.00000000 528.06597900
-0.00220000 528.21838379
-0.00290000 528.37078857
-0.00390000 528.52319336
-0.00420000 528.67559814
-0.00300000 528.82800293
-0.00230000 528.98040771
0.00000000 529.13281250
0.00000000 529.28521729
0.00000000 529.43762207
0.00000000 529.59002686
0.00000000 529.74237061
-0.00190000 529.89477539
-0.00280000 530.04718018
-0.00600000 530.19958496
-0.00730000 530.35198975
-0.00740000 530.50439453
-0.00640000 530.65679932
-0.00300000 530.80920410
-0.00210000 530.96160889
0.00000000 531.11401367
0.00000000 531.26641846
0.00000000 531.41882324
0.00000000 531.57122803
0.00000000 531.72357178
0.00000000 531.87597656
0.00000000 532.02838135
0.00000000 532.18078613
0.00000000 532.33319092
0.00000000 532.48559570
0.00000000 532.63800049
0.00000000 532.79040527
0.00000000 532.94281006
0.00000000 533.09521484
0.00000000 533.24761963
0.00000000 533.40002441
0.00000000 533.55242920
0.00000000 533.70477295
0.00000000 533.85717773
0.00000000 534.00958252
0.00000000 534.16198730
0.00000000 534.31439209
0.00000000 534.46679688
0.00000000 534.61920166
0.00000000 534.77160645
0.00000000 534.92401123
0.00000000 535.07641602
0.00000000 535.22882080
0.00000000 535.38122559
0.00000000 535.53363037
0.00000000 535.68597412
0.00000000 535.83837891
0.00000000 535.99078369
0.00000000 536.14318848
0.00000000 536.29559326
0.00000000 536.44799805
0.00000000 536.60040283
0.00000000 536.75280762
0.00000000 536.90521240
0.00000000 537.05761719
0.00000000 537.21002197
-0.00100000 537.36242676
-0.00440000 537.51477051
-0.00750000 537.66717529
-0.00970000 537.81958008
-0.01280000 537.97198486
-0.01530000 538.12438965
-0.01560000 538.27679443
-0.01470000 538.42919922
-0.01320000 538.58160400
-0.01020000 538.73400879
-0.00850000 538.88641357
-0.00650000 539.03881836
-0.00280000 539.19122314
-0.00170000 539.34362793
-0.00110000 539.49597168
0.00000000 539.64837646
0.00000000 539.80078125
0.00000000 539.95318604
0.00000000 540.10559082
0.00000000 540.25799561
0.00000000 540.41040039
0.00000000 540.56280518
0.00000000 540.71520996
0.00000000 540.86761475
0.00000000 541.02001953
0.00000000 541.17242432
0.00000000 541.32482910
0.00000000 541.47717285
0.00000000 541.62957764
0.00000000 541.78198242
0.00000000 541.93438721
0.00000000 542.08679199
0.00000000 542.23919678
0.00000000 542.39160156
0.00000000 542.54400635
0.00000000 542.69641113
0.00000000 542.84881592
0.00000000 543.00122070
0.00000000 543.15362549
0.00000000 543.30603027
0.00000000 543.45837402
0.00000000 543.61077881
0.00000000 543.76318359
0.00000000 543.91558838
0.00000000 544.06799316
0.00000000 544.22039795
0.00000000 544.37280273
0.00000000 544.52520752
0.00000000 544.67761230
0.00000000 544.83001709
0.00000000 544.98242188
0.00000000 545.13482666
0.00000000 545.28717041
0.00000000 545.43957520
0.00000000 545.59197998
0.00000000 545.74438477
0.00000000 545.89678955
0.00000000 546.04919434
0.00000000 546.20159912
0.00000000 546.35400391
0.00000000 546.50640869
0.00000000 546.65881348
0.00000000 546.81121826
0.00000000 546.96362305
0.00000000 547.11602783
0.00000000 547.26837158
0.00000000 547.42077637
0.00000000 547.57318115
0.00000000 547.72558594
0.00000000 547.87799072
0.00000000 548.03039551
0.00000000 548.18280029
0.00000000 548.33520508
0.00000000 548.48760986
0.00000000 548.64001465
0.00000000 548.79241943
0.00000000 548.94482422
0.00000000 549.09722900
0.00000000 549.24957275
0.00000000 549.40197754
0.00000000 549.55438232
0.00000000 549.70678711
0.00000000 549.85919189
0.00000000 550.01159668
0.00000000 550.16400146
-0.00330000 550.31640625
-0.00420000 550.46881104
-0.00860000 550.62121582
-0.01090000 550.77362061
-0.01260000 550.92602539
-0.01400000 551.07843018
-0.01500000 551.23077393
-0.01550000 551.38317871
-0.01920000 551.53558350
-0.02350000 551.68798828
-0.02630000 551.84039307
-0.02830000 551.99279785
-0.02850000 552.14520264
-0.03050000 552.29760742
-0.02800000 552.45001221
-0.03500000 552.60241699
-0.04070000 552.75482178
-0.05120000 552.90722656
-0.05970000 553.05957031
-0.06180000 553.21197510
-0.05920000 553.36437988
-0.05740000 553.51678467
-0.05290000 553.66918945
-0.04520000 553.82159424
-0.04320000 553.97399902
-0.04160000 554.12640381
-0.04440000 554.27880859
-0.05030000 554.43121338
-0.05150000 554.58361816
-0.05800000 554.73602295
-0.05800000 554.88842773
-0.05470000 555.04077148
-0.04920000 555.19317627
-0.04310000 555.34558105
-0.04070000 555.49798584
-0.03890000 555.65039062
-0.04010000 555.80279541
-0.03870000 555.95520020
-0.03710000 556.10760498
-0.03380000 556.26000977
-0.02870000 556.41241455
-0.02180000 556.56481934
-0.01790000 556.71722412
-0.01570000 556.86962891
-0.01860000 557.02197266
-0.01860000 557.17437744
-0.01670000 557.32678223
-0.01560000 557.47918701
-0.01120000 557.63159180
-0.00730000 557.78399658
-0.00650000 557.93640137
-0.00380000 558.08880615
-0.00290000 558.24121094
-0.00210000 558.39361572
0.00000000 558.54602051
0.00000000 558.69842529
0.00000000 558.85083008
0.00000000 559.00317383
0.00000000 559.15557861
0.00000000 559.30798340
0.00000000 559.46038818
0.00000000 559.61279297
0.00000000 559.76519775
0.00000000 559.91760254
0.00000000 560.07000732
-0.00220000 560.22241211
-0.00510000 560.37481689
-0.00630000 560.52722168
-0.00660000 560.67962646
-0.00610000 560.83197021
-0.00450000 560.98437500
-0.00210000 561.13677979
-0.00160000 561.28918457
0.00000000 561.44158936
0.00000000 561.59399414
-0.00190000 561.74639893
-0.00470000 561.89880371
-0.00620000 562.05120850
-0.00950000 562.20361328
-0.00920000 562.35601807
-0.00850000 562.50842285
-0.00910000 562.66082764
-0.00530000 562.81317139
-0.00580000 562.96557617
-0.00350000 563.11798096
-0.00250000 563.27038574
-0.00180000 563.42279053
0.00000000 563.57519531
0.00000000 563.72760010
0.00000000 563.88000488
0.00000000 564.03240967
0.00000000 564.18481445
0.00000000 564.33721924
-0.00210000 564.48962402
-0.00260000 564.64202881
-0.00340000 564.79437256
-0.00380000 564.94677734
-0.00280000 565.09918213
-0.00200000 565.25158691
0.00000000 565.40399170
0.00000000 565.55639648
0.00000000 565.70880127
0.00000000 565.86120605
0.00000000 566.01361084
-0.00310000 566.16601562
-0.00740000 566.31842041
-0.01030000 566.47082520
-0.01440000 566.62322998
-0.02270000 566.77557373
-0.02840000 566.92797852
-0.03750000 567.08038330
-0.04170000 567.23278809
-0.03970000 567.38519287
-0.03510000 567.53759766
-0.02250000 567.69000244
-0.01390000 567.84240723
-0.00620000 567.99481201
0.00000000 568.14721680
0.00000000 568.29962158
0.00000000 568.45202637
0.00000000 568.60437012
0.00000000 568.75677490
0.00000000 568.90917969
0.00000000 569.06158447
0.00000000 569.21398926
0.00000000 569.36639404
0.00000000 569.51879883
0.00000000 569.67120361
0.00000000 569.82360840
0.00000000 569.97601318
0.00000000 570.12841797
0.00000000 570.28082275
0.00000000 570.43322754
0.00000000 570.58557129
0.00000000 570.73797607
0.00000000 570.89038086
0.00000000 571.04278564
0.00000000 571.19519043
0.00000000 571.34759521
0.00000000 571.50000000
0.00000000 571.65240479
0.00000000 571.80480957
0.00000000 571.95721436
0.00000000 572.10961914
0.00000000 572.26202393
-0.00170000 572.41442871
-0.00210000 572.56677246
-0.00300000 572.71917725
-0.00400000 572.87158203
-0.00560000 573.02398682
-0.00560000 573.17639160
-0.00560000 573.32879639
-0.00350000 573.48120117
-0.00240000 573.63360596
-0.00170000 573.78601074
0.00000000 573.93841553
0.00000000 574.09082031
-0.00380000 574.24322510
-0.00530000 574.39562988
-0.00790000 574.54797363
-0.00740000 574.70037842
-0.00570000 574.85278320
-0.00420000 575.00518799
0.00000000 575.15759277
0.00000000 575.30999756
0.00000000 575.46240234
0.00000000 575.61480713
0.00000000 575.76721191
0.00000000 575.91961670
0.00000000 576.07202148
-0.00180000 576.22442627
-0.00250000 576.37677002
-0.00360000 576.52917480
-0.00390000 576.68157959
-0.00310000 576.83398438
-0.00220000 576.98638916
-0.00220000 577.13879395
-0.00270000 577.29119873
-0.00340000 577.44360352
-0.00350000 577.59600830
-0.00240000 577.74841309
-0.00170000 577.90081787
0.00000000 578.05322266
-0.00150000 578.20562744
-0.00230000 578.35797119
-0.00580000 578.51037598
-0.01190000 578.66278076
-0.01530000 578.81518555
-0.01550000 578.96759033
-0.01390000 579.11999512
-0.01080000 579.27239990
-0.00900000 579.42480469
-0.01240000 579.57720947
-0.01460000 579.72961426
-0.01970000 579.88201904
-0.02170000 580.03442383
-0.01970000 580.18682861
-0.02390000 580.33917236
-0.03040000 580.49157715
-0.04010000 580.64398193
-0.05840000 580.79638672
-0.07340000 580.94879150
-0.08050000 581.10119629
-0.08300000 581.25360107
-0.07930000 581.40600586
-0.07750000 581.55841064
-0.07090000 581.71081543
-0.07140000 581.86322021
-0.07060000 582.01562500
-0.06990000 582.16802979
-0.07500000 582.32037354
-0.07530000 582.47277832
-0.07990000 582.62518311
-0.08360000 582.77758789
-0.08050000 582.92999268
-0.07820000 583.08239746
-0.07400000 583.23480225
-0.07320000 583.38720703
-0.07610000 583.53961182
-0.07970000 583.69201660
-0.08450000 583.84442139
-0.08810000 583.99682617
-0.08860000 584.14916992
-0.08690000 584.30157471
-0.08410000 584.45397949
-0.07950000 584.60638428
-0.07980000 584.75878906
-0.08380000 584.91119385
-0.07870000 585.06359863
-0.07980000 585.21600342
-0.07470000 585.36840820
-0.06710000 585.52081299
-0.06670000 585.67321777
-0.06540000 585.82562256
-0.06470000 585.97802734
-0.06830000 586.13037109
-0.06780000 586.28277588
-0.07020000 586.43518066
-0.07170000 586.58758545
-0.07130000 586.73999023
-0.07510000 586.89239502
-0.07700000 587.04479980
-0.07750000 587.19720459
-0.07360000 587.34960938
-0.06890000 587.50201416
-0.06200000 587.65441895
-0.05590000 587.80682373
-0.05110000 587.95922852
-0.04910000 588.11157227
-0.04810000 588.26397705
-0.05440000 588.41638184
-0.05620000 588.56878662
-0.06020000 588.72119141
-0.06350000 588.87359619
-0.06300000 589.02600098
-0.06760000 589.17840576
-0.06900000 589.33081055
-0.06880000 589.48321533
-0.07700000 589.63562012
-0.07320000 589.78802490
-0.06840000 589.94042969
-0.06750000 590.09277344
-0.06220000 590.24517822
-0.06300000 590.39758301
-0.06550000 590.54998779
-0.07060000 590.70239258
-0.07420000 590.85479736
-0.07700000 591.00720215
-0.08000000 591.15960693
-0.08250000 591.31201172
-0.08160000 591.46441650
-0.08650000 591.61682129
-0.08430000 591.76922607
-0.08340000 591.92156982
-0.08080000 592.07397461
-0.07440000 592.22637939
-0.07560000 592.37878418
-0.07590000 592.53118896
-0.07590000 592.68359375
-0.08250000 592.83599854
-0.08570000 592.98840332
-0.08810000 593.14080811
-0.09090000 593.29321289
-0.08640000 593.44561768
-0.08540000 593.59802246
-0.08420000 593.75042725
-0.08420000 593.90277100
-0.08260000 594.05517578
-0.08280000 594.20758057
-0.08140000 594.35998535
-0.07610000 594.51239014
-0.07850000 594.66479492
-0.07640000 594.81719971
-0.07660000 594.96960449
-0.07800000 595.12200928
-0.07610000 595.27441406
-0.07650000 595.42681885
-0.07480000 595.57922363
-0.06890000 595.73162842
-0.06850000 595.88397217
-0.05980000 596.03637695
-0.05120000 596.18878174
-0.04290000 596.34118652
-0.02950000 596.49359131
-0.01740000 596.64599609
-0.01130000 596.79840088
-0.00880000 596.95080566
-0.00990000 597.10321045
-0.00890000 597.25561523
-0.01090000 597.40802002
-0.01070000 597.56042480
-0.01190000 597.71282959
-0.01670000 597.86517334
-0.01880000 598.01757812
-0.02580000 598.16998291
-0.03250000 598.32238770
-0.03940000 598.47479248
-0.04260000 598.62719727
-0.04100000 598.77960205
-0.04220000 598.93200684
-0.03800000 599.08441162
-0.03810000 599.23681641
-0.04080000 599.38922119
-0.04100000 599.54162598
-0.04870000 599.69396973
-0.05100000 599.84637451
-0.05540000 599.99877930
-0.06080000 600.15118408
-0.06240000 600.30358887
-0.06270000 600.45599365
-0.06670000 600.60839844
-0.06670000 600.76080322
-0.06360000 600.91320801
-0.06130000 601.06561279
-0.06200000 601.21801758
-0.05910000 601.37042236
-0.06340000 601.52282715
-0.06590000 601.67517090
-0.06250000 601.82757568
-0.06180000 601.97998047
-0.05880000 602.13238525
-0.05470000 602.28479004
-0.05970000 602.43719482
-0.06680000 602.58959961
-0.07450000 602.74200439
-0.08090000 602.89440918
-0.08100000 603.04681396
-0.08160000 603.19921875
-0.08120000 603.35162354
-0.07820000 603.50402832
-0.08240000 603.65637207
-0.07820000 603.80877686
-0.07840000 603.96118164
-0.08040000 604.11358643
-0.08240000 604.26599121
-0.08890000 604.41839600
-0.09440000 604.57080078
-0.09860000 604.72320557
-0.10000000 604.87561035
-0.10000000 605.02801514
-0.10000000 605.18041992
-0.10000000 605.33282471
-0.10000000 605.48522949
-0.10000000 605.63757324
-0.10000000 605.78997803
-0.10000000 605.94238281
-0.10000000 606.09478760
-0.10000000 606.24719238
-0.10000000 606.39959717
-0.10000000 606.55200195
-0.10000000 606.70440674
-0.10000000 606.85681152
-0.10000000 607.00921631
-0.10000000 607.16162109
-0.10000000 607.31402588
-0.10000000 607.46636963
-0.10000000 607.61877441
-0.10000000 607.77117920
-0.10000000 607.92358398
-0.10000000 608.07598877
-0.10000000 608.22839355
-0.10000000 608.38079834
-0.10000000 608.53320312
-0.10000000 608.68560791
-0.10000000 608.83801270
-0.10000000 608.99041748
-0.10000000 609.14282227
-0.10000000 609.29522705
-0.10000000 609.44757080
-0.10000000 609.59997559
-0.10000000 609.75238037
-0.10000000 609.90478516
-0.10000000 610.05718994
-0.10000000 610.20959473
-0.10000000 610.36199951
-0.10000000 610.51440430
-0.10000000 610.66680908
-0.10000000 610.81921387
-0.10000000 610.97161865
-0.10000000 611.12402344
-0.10000000 611.27642822
-0.10000000 611.42877197
-0.10000000 611.58117676
-0.10000000 611.73358154
-0.10000000 611.88598633
-0.10000000 612.03839111
-0.10000000 612.19079590
-0.10000000 612.34320068
-0.10000000 612.49560547
-0.10000000 612.64801025
-0.10000000 612.80041504
-0.10000000 612.95281982
-0.10000000 613.10522461
-0.10000000 613.25762939
-0.10000000 613.40997314
-0.10000000 613.56237793
-0.10000000 613.71478271
-0.10000000 613.86718750
-0.10000000 614.01959229
-0.09820000 614.17199707
-0.09580000 614.32440186
-0.09410000 614.47680664
-0.09010000 614.62921143
-0.08830000 614.78161621
-0.08670000 614.93402100
-0.08760000 615.08642578
-0.09150000 615.23876953
-0.09360000 615.39117432
-0.09740000 615.54357910
-0.10000000 615.69598389
-0.10000000 615.84838867
-0.10000000 616.00079346
-0.10000000 616.15319824
-0.10000000 616.30560303
-0.10000000 616.45800781
-0.10000000 616.61041260
-0.10000000 616.76281738
-0.10000000 616.91522217
-0.10000000 617.06762695
-0.10000000 617.21997070
-0.10000000 617.37237549
-0.09800000 617.52478027
-0.09730000 617.67718506
-0.09620000 617.82958984
-0.09650000 617.98199463
-0.09740000 618.13439941
-0.09590000 618.28680420
-0.09700000 618.43920898
-0.09550000 618.59161377
-0.09470000 618.74401855
-0.09430000 618.89642334
-0.09530000 619.04882812
-0.09670000 619.20117188
-0.09700000 619.35357666
-0.09770000 619.50598145
-0.09830000 619.65838623
-0.10000000 619.81079102
-0.10000000 619.96319580
-0.10000000 620.11560059
-0.10000000 620.26800537
-0.10000000 620.42041016
-0.09760000 620.57281494
-0.09690000 620.72521973
-0.09600000 620.87762451
-0.09620000 621.03002930
-0.09750000 621.18237305
-0.09810000 621.33477783
-0.09830000 621.48718262
-0.09680000 621.63958740
-0.09570000 621.79199219
-0.09680000 621.94439697
-0.09760000 622.09680176
-0.09840000 622.24920654
-0.09910000 622.40161133
-0.09940000 622.55401611
-0.09980000 622.70642090
-0.09970000 622.85882568
-0.09920000 623.01123047
-0.09720000 623.16357422
-0.09360000 623.31597900
-0.08760000 623.46838379
-0.07250000 623.62078857
-0.04760000 623.77319336
-0.00570000 623.92559814
0.06790000 624.07800293
0.07060000 624.23040771
0.07190000 624.38281250
0.07190000 624.53521729
0.06830000 624.68762207
0.06220000 624.84002686
0.05760000 624.99237061
0.05340000 625.14477539
0.05330000 625.29718018
0.05150000 625.44958496
0.04660000 625.60198975
0.04270000 625.75439453
0.04020000 625.90679932
0.03200000 626.05920410
0.03620000 626.21160889
0.03920000 626.36401367
0.03720000 626.51641846
0.03510000 626.66882324
0.02830000 626.82122803
0.02310000 626.97357178
0.01780000 627.12597656
0.01690000 627.27838135
0.01720000 627.43078613
0.02050000 627.58319092
0.02530000 627.73559570
0.02350000 627.88800049
0.02710000 628.04040527
0.03040000 628.19281006
0.02900000 628.34521484
0.02900000 628.49761963
0.02690000 628.65002441
0.02600000 628.80242920
0.02160000 628.95477295
0.01710000 629.10717773
0.01250000 629.25958252
0.00930000 629.41198730
0.01020000 629.56439209
0.00620000 629.71679688
0.00900000 629.86920166
0.01310000 630.02160645
0.01500000 630.17401123
0.01760000 630.32641602
0.01760000 630.47882080
0.01690000 630.63122559
0.01500000 630.78363037
0.01110000 630.93597412
0.00520000 631.08837891
0.00530000 631.24078369
0.00660000 631.39318848
0.00860000 631.54559326
0.01120000 631.69799805
0.01210000 631.85040283
0.01100000 632.00280762
0.01070000 632.15521240
0.00800000 632.30761719
0.00800000 632.46002197
0.01120000 632.61242676
0.01360000 632.76477051
0.01640000 632.91717529
0.01850000 633.06958008
0.01520000 633.22198486
0.01290000 633.37438965
0.00910000 633.52679443
0.00440000 633.67919922
0.00220000 633.83160400
0.00000000 633.98400879
0.00000000 634.13641357
0.00000000 634.28881836
0.00000000 634.44122314
0.00000000 634.59362793
0.00000000 634.74597168
0.00000000 634.89837646
0.00000000 635.05078125
0.00000000 635.20318604
0.00000000 635.35559082
0.00000000 635.50799561
0.00000000 635.66040039
0.00000000 635.81280518
0.00000000 635.96520996
0.00000000 636.11761475
0.00000000 636.27001953
0.00000000 636.42242432
0.00000000 636.57482910
0.00000000 636.72717285
0.00000000 636.87957764
0.00000000 637.03198242
0.00000000 637.18438721
0.00000000 637.33679199
0.00000000 637.48919678
0.00000000 637.64160156
0.00000000 637.79400635
0.00000000 637.94641113
0.00160000 638.09881592
0.00220000 638.25122070
0.00330000 638.40362549
0.00490000 638.55603027
0.00380000 638.70837402
0.00290000 638.86077881
0.00230000 639.01318359
0.00000000 639.16558838
0.00000000 639.31799316
0.00000000 639.47039795
0.00000000 639.62280273
0.00000000 639.77520752
0.00000000 639.92761230
0.00000000 640.08001709
0.00210000 640.23242188
0.00270000 640.38482666
0.00360000 640.53717041
0.00390000 640.68957520
0.00280000 640.84197998
0.00210000 640.99438477
0.00000000 641.14678955
0.00000000 641.29919434
0.00000000 641.45159912
0.00000000 641.60400391
0.00000000 641.75640869
0.00000000 641.90881348
0.00330000 642.06121826
0.00440000 642.21362305
0.00620000 642.36602783
0.00790000 642.51837158
0.00620000 642.67077637
0.00490000 642.82318115
0.00370000 642.97558594
0.00000000 643.12799072
0.00000000 643.28039551
0.00000000 643.43280029
0.00000000 643.58520508
0.00000000 643.73760986
0.00220000 643.89001465
0.00320000 644.04241943
0.00520000 644.19482422
0.00520000 644.34722900
0.00640000 644.49957275
0.00660000 644.65197754
0.00470000 644.80438232
0.00460000 644.95678711
0.00320000 645.10919189
0.00220000 645.26159668
0.00000000 645.41400146
0.00000000 645.56640625
0.00000000 645.71881104
0.00000000 645.87121582
0.00000000 646.02362061
0.00170000 646.17602539
0.00210000 646.32843018
0.00280000 646.48077393
0.00280000 646.63317871
0.00240000 646.78558350
0.00220000 646.93798828
0.00000000 647.09039307
0.00320000 647.24279785
0.00560000 647.39520264
0.00590000 647.54760742
0.00700000 647.70001221
0.00490000 647.85241699
0.00300000 648.00482178
0.00190000 648.15722656
0.00000000 648.30957031
0.00000000 648.46197510
0.00000000 648.61437988
0.00000000 648.76678467
0.00000000 648.91918945
0.00000000 649.07159424
0.00000000 649.22399902
0.00000000 649.37640381
0.00000000 649.52880859
0.00000000 649.68121338
0.00000000 649.83361816
0.00000000 649.98602295
0.00000000 650.13842773
0.00000000 650.29077148
0.00000000 650.44317627
0.00000000 650.59558105
0.00000000 650.74798584
0.00000000 650.90039062
0.00000000 651.05279541
0.00000000 651.20520020
0.00140000 651.35760498
0.00200000 651.51000977
0.00480000 651.66241455
0.00820000 651.81481934
0.01170000 651.96722412
0.02400000 652.11962891
0.04040000 652.27197266
0.05930000 652.42437744
0.08840000 652.57678223
0.08940000 652.72918701
0.09370000 652.88159180
0.09300000 653.03399658
0.09170000 653.18640137
0.09280000 653.33880615
0.09040000 653.49121094
0.08840000 653.64361572
0.08930000 653.79602051
0.08630000 653.94842529
0.07730000 654.10083008
0.07330000 654.25317383
0.07000000 654.40557861
0.06440000 654.55798340
0.06770000 654.71038818
0.07020000 654.86279297
0.07180000 655.01519775
0.07130000 655.16760254
0.06960000 655.32000732
0.06450000 655.47241211
0.06080000 655.62481689
0.05450000 655.77722168
0.05510000 655.92962646
0.05550000 656.08197021
0.05900000 656.23437500
0.05280000 656.38677979
0.05560000 656.53918457
0.05360000 656.69158936
0.05130000 656.84399414
0.05270000 656.99639893
0.05070000 657.14880371
0.05520000 657.30120850
0.05510000 657.45361328
0.05320000 657.60601807
0.05500000 657.75842285
0.04810000 657.91082764
0.04760000 658.06317139
0.04140000 658.21557617
0.03530000 658.36798096
0.03500000 658.52038574
0.02800000 658.67279053
0.02630000 658.82519531
0.02530000 658.97760010
0.02250000 659.13000488
0.02420000 659.28240967
0.02320000 659.43481445
0.02190000 659.58721924
0.02120000 659.73962402
0.01710000 659.89202881
0.01440000 660.04437256
0.01680000 660.19677734
0.01960000 660.34918213
0.02130000 660.50158691
0.02200000 660.65399170
0.01920000 660.80639648
0.02210000 660.95880127
0.02620000 661.11120605
0.02830000 661.26361084
0.03100000 661.41601562
0.03420000 661.56842041
0.03300000 661.72082520
0.02990000 661.87322998
0.02940000 662.02557373
0.02370000 662.17797852
0.01870000 662.33038330
0.01620000 662.48278809
0.00930000 662.63519287
0.00840000 662.78759766
0.00850000 662.94000244
0.00630000 663.09240723
0.00480000 663.24481201
0.00210000 663.39721680
0.00000000 663.54962158
0.00000000 663.70202637
0.00000000 663.85437012
0.00000000 664.00677490
0.00000000 664.15917969
0.00000000 664.31158447
0.00000000 664.46398926
0.00000000 664.61639404
0.00000000 664.76879883
0.00000000 664.92120361
0.00000000 665.07360840
0.00000000 665.22601318
0.00000000 665.37841797
0.00000000 665.53082275
0.00000000 665.68322754
0.00000000 665.83557129
0.00000000 665.98797607
0.00000000 666.14038086
0.00000000 666.29278564
0.00000000 666.44519043
0.00000000 666.59759521
0.00000000 666.75000000
0.00000000 666.90240479
0.00000000 667.05480957
0.00000000 667.20721436
0.00000000 667.35961914
0.00000000 667.51202393
0.00000000 667.66442871
0.00000000 667.81677246
0.00000000 667.96917725
0.00000000 668.12158203
0.00000000 668.27398682
0.00000000 668.42639160
0.00000000 668.57879639
0.00000000 668.73120117
0.00000000 668.88360596
0.00000000 669.03601074
0.00000000 669.18841553
0.00000000 669.34082031
0.00000000 669.49322510
0.00000000 669.64562988
0.00000000 669.79797363
0.00000000 669.95037842
0.00000000 670.10278320
0.00000000 670.25518799
0.00000000 670.40759277
0.00000000 670.55999756
0.00000000 670.71240234
0.00000000 670.86480713
0.00000000 671.01721191
0.00000000 671.16961670
0.00200000 671.32202148
0.00280000 671.47442627
0.00360000 671.62677002
0.00320000 671.77917480
0.00240000 671.93157959
0.00330000 672.08398438
0.00220000 672.23638916
0.00320000 672.38879395
0.00440000 672.54119873
0.00360000 672.69360352
0.00270000 672.84600830
0.00200000 672.99841309
0.00000000 673.15081787
0.00000000 673.30322266
0.00000000 673.45562744
0.00000000 673.60797119
0.00160000 673.76037598
0.00230000 673.91278076
0.00330000 674.06518555
0.00720000 674.21759033
0.00840000 674.36999512
0.01250000 674.52239990
0.01340000 674.67480469
0.01100000 674.82720947
0.01050000 674.97961426
0.00690000 675.13201904
0.00450000 675.28442383
0.00220000 675.43682861
0.00000000 675.58917236
0.00000000 675.74157715
0.00000000 675.89398193
0.00000000 676.04638672
0.00190000 676.19879150
0.00240000 676.35119629
0.00300000 676.50360107
0.00400000 676.65600586
0.00310000 676.80841064
0.00220000 676.96081543
0.00360000 677.11322021
0.00240000 677.26562500
0.00320000 677.41802979
0.00420000 677.57037354
0.00330000 677.72277832
0.00470000 677.87518311
0.00870000 678.02758789
0.00890000 678.17999268
0.01130000 678.33239746
0.01140000 678.48480225
0.00810000 678.63720703
0.00660000 678.78961182
0.00440000 678.94201660
0.00220000 679.09442139
0.00260000 679.24682617
0.00160000 679.39916992
0.00080000 679.55157471
0.00070000 679.70397949
0.00040000 679.85638428
0.00040000 680.00878906
0.00040000 680.16119385
0.00030000 680.31359863
0.00110000 680.46600342
0.00190000 680.61840820
0.00590000 680.77081299
0.01780000 680.92321777
0.02920000 681.07562256
0.05890000 681.22802734
0.07050000 681.38037109
0.07100000 681.53277588
0.06390000 681.68518066
0.05800000 681.83758545
0.04470000 681.98999023
0.04250000 682.14239502
0.04080000 682.29479980
0.04030000 682.44720459
0.04610000 682.59960938
0.04520000 682.75201416
0.04370000 682.90441895
0.03830000 683.05682373
0.03270000 683.20922852
0.02790000 683.36157227
0.02170000 683.51397705
0.02070000 683.66638184
0.01900000 683.81878662
0.01950000 683.97119141
0.01960000 684.12359619
0.02020000 684.27600098
0.02130000 684.42840576
0.02060000 684.58081055
0.01930000 684.73321533
0.01560000 684.88562012
0.01430000 685.03802490
0.01250000 685.19042969
0.00960000 685.34277344
0.01000000 685.49517822
0.00950000 685.64758301
0.01050000 685.79998779
0.00790000 685.95239258
0.01040000 686.10479736
0.00760000 686.25720215
0.00940000 686.40960693
0.01010000 686.56201172
0.00780000 686.71441650
0.00800000 686.86682129
0.00790000 687.01922607
0.00780000 687.17156982
0.00890000 687.32397461
0.00750000 687.47637939
0.00610000 687.62878418
0.00470000 687.78118896
0.00330000 687.93359375
0.00000000 688.08599854
0.00000000 688.23840332
0.00000000 688.39080811
0.00000000 688.54321289
0.00000000 688.69561768
0.00000000 688.84802246
0.00000000 689.00042725
0.00000000 689.15277100
0.00000000 689.30517578
0.00000000 689.45758057
0.00000000 689.60998535
0.00220000 689.76239014
0.00280000 689.91479492
0.00550000 690.06719971
0.00650000 690.21960449
0.00560000 690.37200928
0.00550000 690.52441406
0.00270000 690.67681885
0.00210000 690.82922363
0.00160000 690.98162842
0.00000000 691.13397217
0.00000000 691.28637695
0.00000000 691.43878174
0.00000000 691.59118652
0.00000000 691.74359131
0.00210000 691.89599609
0.00290000 692.04840088
0.00410000 692.20080566
0.00400000 692.35321045
0.00300000 692.50561523
0.00240000 692.65802002
0.00000000 692.81042480
0.00000000 692.96282959
0.00000000 693.11517334
0.00000000 693.26757812
0.00000000 693.41998291
0.00000000 693.57238770
0.00000000 693.72479248
0.00000000 693.87719727
0.00000000 694.02960205
0.00000000 694.18200684
0.00000000 694.33441162
0.00000000 694.48681641
0.00000000 694.63922119
0.00000000 694.79162598
0.00000000 694.94396973
0.00000000 695.09637451
0.00000000 695.24877930
0.00000000 695.40118408
0.00000000 695.55358887
0.00000000 695.70599365
0.00000000 695.85839844
0.00000000 696.01080322
0.00000000 696.16320801
0.00000000 696.31561279
0.00000000 696.46801758
0.00000000 696.62042236
0.00000000 696.77282715
0.00000000 696.92517090
0.00000000 697.07757568
0.00000000 697.22998047
0.00000000 697.38238525
0.00000000 697.53479004
0.00000000 697.68719482
0.00000000 697.83959961
0.00000000 697.99200439
0.00000000 698.14440918
0.00000000 698.29681396
0.00000000 698.44921875
0.00000000 698.60162354
0.00000000 698.75402832
0.00000000 698.90637207
0.00000000 699.05877686
0.00000000 699.21118164
0.00000000 699.36358643
0.00000000 699.51599121
0.00000000 699.66839600
0.00000000 699.82080078
0.00000000 699.97320557
0.00000000 700.12561035
0.00000000 700.27801514
0.00000000 700.43041992
0.00000000 700.58282471
0.00000000 700.73522949
0.00000000 700.88757324
0.00000000 701.03997803
0.00000000 701.19238281
0.00000000 701.34478760
0.00000000 701.49719238
0.00000000 701.64959717
0.00000000 701.80200195
0.00000000 701.95440674
0.00000000 702.10681152
0.00000000 702.25921631
0.00000000 702.41162109
0.00000000 702.56402588
0.00000000 702.71636963
0.00000000 702.86877441
0.00000000 703.02117920
0.00000000 703.17358398
0.00000000 703.32598877
0.00000000 703.47839355
0.00000000 703.63079834
0.00000000 703.78320312
0.00000000 703.93560791
0.00000000 704.08801270
0.00000000 704.24041748
0.00000000 704.39282227
0.00000000 704.54522705
0.00000000 704.69757080
0.00000000 704.84997559
0.00000000 705.00238037
0.00000000 705.15478516
0.00000000 705.30718994
0.00000000 705.45959473
0.00000000 705.61199951
0.00000000 705.76440430
0.00000000 705.91680908
0.00000000 706.06921387
0.00000000 706.22161865
0.00000000 706.37402344
0.00000000 706.52642822
0.00000000 706.67877197
0.00000000 706.83117676
0.00000000 706.98358154
0.00000000 707.13598633
0.00000000 707.28839111
0.00000000 707.44079590
0.00000000 707.59320068
0.00000000 707.74560547
0.00000000 707.89801025
0.00000000 708.05041504
0.00000000 708.20281982
0.00000000 708.35522461
0.00000000 708.50762939
0.00000000 708.65997314
0.00000000 708.81237793
0.00000000 708.96478271
0.00000000 709.11718750
0.00170000 709.26959229
0.00820000 709.42199707
0.01520000 709.57440186
0.02270000 709.72680664
0.03340000 709.87921143
0.03530000 710.03161621
0.03810000 710.18402100
0.03430000 710.33642578
0.03290000 710.48876953
0.03630000 710.64117432
0.03400000 710.79357910
0.03820000 710.94598389
0.04250000 711.09838867
0.04050000 711.25079346
0.04170000 711.40319824
0.03830000 711.55560303
0.02850000 711.70800781
0.02770000 711.86041260
0.02200000 712.01281738
0.02060000 712.16522217
0.02620000 712.31762695
0.02620000 712.46997070
0.02480000 712.62237549
0.02290000 712.77478027
0.01860000 712.92718506
0.01530000 713.07958984
0.01350000 713.23199463
0.01400000 713.38439941
0.01350000 713.53680420
0.01300000 713.68920898
0.01030000 713.84161377
0.00760000 713.99401855
0.00670000 714.14642334
0.00500000 714.29882812
0.00280000 714.45117188
0.00300000 714.60357666
0.00360000 714.75598145
0.00340000 714.90838623
0.00240000 715.06079102
0.00480000 715.21319580
0.00460000 715.36560059
0.00490000 715.51800537
0.00580000 715.67041016
0.00440000 715.82281494
0.00430000 715.97521973
0.00390000 716.12762451
0.00290000 716.28002930
0.00380000 716.43237305
0.00340000 716.58477783
0.00370000 716.73718262
0.00240000 716.88958740
0.00310000 717.04199219
0.00330000 717.19439697
0.00250000 717.34680176
0.00500000 717.49920654
0.00500000 717.65161133
0.00530000 717.80401611
0.00410000 717.95642090
0.00180000 718.10882568
0.00130000 718.26123047
0.00000000 718.41357422
0.00000000 718.56597900
0.00000000 718.71838379
0.00000000 718.87078857
0.00000000 719.02319336
0.00000000 719.17559814
0.00000000 719.32800293
0.00000000 719.48040771
0.00000000 719.63281250
0.00000000 719.78521729
0.00000000 719.93762207
0.00000000 720.09002686
0.00000000 720.24237061
0.00000000 720.39477539
0.00000000 720.54718018
0.00000000 720.69958496
0.00000000 720.85198975
0.00000000 721.00439453
0.00000000 721.15679932
0.00000000 721.30920410
0.00000000 721.46160889
0.00000000 721.61401367
0.00000000 721.76641846
0.00000000 721.91882324
0.00000000 722.07122803
0.00000000 722.22357178
0.00000000 722.37597656
0.00000000 722.52838135
0.00000000 722.68078613
0.00000000 722.83319092
0.00000000 722.98559570
0.00000000 723.13800049
0.00000000 723.29040527
0.00000000 723.44281006
0.00000000 723.59521484
0.00000000 723.74761963
0.00000000 723.90002441
0.00000000 724.05242920
0.00000000 724.20477295
0.00000000 724.35717773
0.00000000 724.50958252
0.00000000 724.66198730
0.00000000 724.81439209
0.00000000 724.96679688
0.00000000 725.11920166
0.00000000 725.27160645
0.00000000 725.42401123
0.00000000 725.57641602
0.00000000 725.72882080
0.00000000 725.88122559
0.00000000 726.03363037
0.00000000 726.18597412
0.00000000 726.33837891
0.00000000 726.49078369
0.00000000 726.64318848
0.00000000 726.79559326
0.00000000 726.94799805
0.00000000 727.10040283
0.00000000 727.25280762
0.00150000 727.40521240
0.00210000 727.55761719
0.00290000 727.71002197
0.00320000 727.86242676
0.00240000 728.01477051
0.00160000 728.16717529
0.00120000 728.31958008
0.00000000 728.47198486
0.00000000 728.62438965
0.00000000 728.77679443
0.00000000 728.92919922
0.00000000 729.08160400
0.00000000 729.23400879
0.00000000 729.38641357
0.00000000 729.53881836
0.00000000 729.69122314
0.00000000 729.84362793
0.00000000 729.99597168
0.00000000 730.14837646
0.00000000 730.30078125
0.00000000 730.45318604
0.00000000 730.60559082
0.00000000 730.75799561
0.00000000 730.91040039
0.00000000 731.06280518
0.00000000 731.21520996
0.00000000 731.36761475
0.00000000 731.52001953
0.00000000 731.67242432
0.00000000 731.82482910
0.00000000 731.97717285
0.00000000 732.12957764
0.00000000 732.28198242
0.00000000 732.43438721
0.00000000 732.58679199
0.00000000 732.73919678
0.00000000 732.89160156
0.00810000 733.04400635
0.03920000 733.19641113
0.06900000 733.34881592
0.08930000 733.50122070
0.11700000 733.65362549
0.12010000 733.80603027
0.11770000 733.95837402
0.11020000 734.11077881
0.09450000 734.26318359
0.05610000 734.41558838
0.05170000 734.56799316
0.04220000 734.72039795
0.02820000 734.87280273
0.02090000 735.02520752
0.02660000 735.17761230
0.02750000 735.33001709
0.03300000 735.48242188
0.03970000 735.63482666
0.03960000 735.78717041
0.03370000 735.93957520
0.01920000 736.09197998
0.00140000 736.24438477
0.00070000 736.39678955
0.00120000 736.54919434
0.00150000 736.70159912
0.00140000 736.85400391
0.00090000 737.00640869
0.00030000 737.15881348
0.00000000 737.31121826
0.00000000 737.46362305
0.00000000 737.61602783
0.00000000 737.76837158
0.00090000 737.92077637
0.00150000 738.07318115
0.00430000 738.22558594
0.00760000 738.37799072
0.00910000 738.53039551
0.01200000 738.68280029
0.00840000 738.83520508
0.00800000 738.98760986
0.01160000 739.14001465
0.01410000 739.29241943
0.01710000 739.44482422
0.01920000 739.59722900
0.02470000 739.74957275
0.02320000 739.90197754
0.02470000 740.05438232
0.02340000 740.20678711
0.01930000 740.35919189
0.01630000 740.51159668
0.00960000 740.66400146
0.00390000 740.81640625
0.00170000 740.96881104
0.00000000 741.12121582
0.00170000 741.27362061
0.00220000 741.42602539
0.00310000 741.57843018
0.00440000 741.73077393
0.00330000 741.88317871
0.00260000 742.03558350
0.00180000 742.18798828
0.00000000 742.34039307
0.00000000 742.49279785
0.00000000 742.64520264
0.00180000 742.79760742
0.00250000 742.95001221
0.00350000 743.10241699
0.00410000 743.25482178
0.00310000 743.40722656
0.00230000 743.55957031
0.00190000 743.71197510
0.00000000 743.86437988
0.00210000 744.01678467
0.00270000 744.16918945
0.00350000 744.32159424
0.00480000 744.47399902
0.00360000 744.62640381
0.00270000 744.77880859
0.00200000 744.93121338
0.00000000 745.08361816
0.00000000 745.23602295
0.00000000 745.38842773
0.00000000 745.54077148
0.00000000 745.69317627
0.00000000 745.84558105
0.00000000 745.99798584
0.00000000 746.15039062
0.00000000 746.30279541
0.00000000 746.45520020
0.00000000 746.60760498
0.00000000 746.76000977
0.00000000 746.91241455
0.00000000 747.06481934
0.00000000 747.21722412
0.00000000 747.36962891
0.00000000 747.52197266
0.00000000 747.67437744
0.00000000 747.82678223
0.00000000 747.97918701
0.00000000 748.13159180
0.00000000 748.28399658
0.00000000 748.43640137
0.00000000 748.58880615
0.00000000 748.74121094
0.00000000 748.89361572
0.00000000 749.04602051
0.00000000 749.19842529
0.00000000 749.35083008
0.00000000 749.50317383
0.00000000 749.65557861
0.00000000 749.80798340
0.00000000 749.96038818
0.00000000 750.11279297
0.00000000 750.26519775
0.00000000 750.41760254
0.00000000 750.57000732
0.00000000 750.72241211
0.00000000 750.87481689
0.00000000 751.02722168
0.00000000 751.17962646
0.00000000 751.33197021
0.00000000 751.48437500
0.00000000 751.63677979
0.00000000 751.78918457
0.00000000 751.94158936
0.00000000 752.09399414
0.00000000 752.24639893
0.00000000 752.39880371
0.00000000 752.55120850
0.00000000 752.70361328
0.00000000 752.85601807
0.00000000 753.00842285
0.00000000 753.16082764
0.00000000 753.31317139
0.00000000 753.46557617
0.00000000 753.61798096
0.00000000 753.77038574
0.00000000 753.92279053
0.00000000 754.07519531
0.00000000 754.22760010
0.00000000 754.38000488
0.00000000 754.53240967
0.00000000 754.68481445
0.00000000 754.83721924
0.00000000 754.98962402
0.00000000 755.14202881
0.00000000 755.29437256
0.00000000 755.44677734
0.00000000 755.59918213
0.00000000 755.75158691
0.00000000 755.90399170
0.00000000 756.05639648
0.00000000 756.20880127
0.00000000 756.36120605
0.00000000 756.51361084
0.00000000 756.66601562
0.00000000 756.81842041
0.00000000 756.97082520
0.00000000 757.12322998
0.00000000 757.27557373
0.00000000 757.42797852
0.00000000 757.58038330
0.00000000 757.73278809
0.00000000 757.88519287
0.00000000 758.03759766
0.00000000 758.19000244
0.00000000 758.34240723
0.00000000 758.49481201
0.00000000 758.64721680
0.00000000 758.79962158
0.00000000 758.95202637
0.00000000 759.10437012
0.00000000 759.25677490
0.00000000 759.40917969
0.00000000 759.56158447
0.00000000 759.71398926
0.00000000 759.86639404
0.00000000 760.01879883
0.00000000 760.17120361
0.00000000 760.32360840
0.00000000 760.47601318
0.00000000 760.62841797
0.00000000 760.78082275
0.00000000 760.93322754
0.00000000 761.08557129
0.00000000 761.23797607
0.00000000 761.39038086
0.00000000 761.54278564
0.00000000 761.69519043
0.00000000 761.84759521
0.00000000 762.00000000
0.00000000 762.15240479
0.00000000 762.30480957
0.00000000 762.45721436
0.00000000 762.60961914
0.00000000 762.76202393
0.00000000 762.91442871
0.05940000 763.06677246
0.05530000 763.21917725
0.05660000 763.37158203
0.05440000 763.52398682
0.04650000 763.67639160
0.04580000 763.82879639
0.04760000 763.98120117
0.04450000 764.13360596
0.05350000 764.28601074
0.05610000 764.43841553
0.05940000 764.59082031
0.04210000 764.74322510
0.00360000 764.89562988
0.00000000 765.04797363
0.00000000 765.20037842
0.00000000 765.35278320
0.00000000 765.50518799
0.00000000 765.65759277
0.00000000 765.80999756
0.00000000 765.96240234
0.00000000 766.11480713
0.00000000 766.26721191
0.00000000 766.41961670
0.00000000 766.57202148
0.00000000 766.72442627
0.00000000 766.87677002
0.00000000 767.02917480
0.00000000 767.18157959
0.00000000 767.33398438
0.00000000 767.48638916
0.00000000 767.63879395
0.00000000 767.79119873
0.00000000 767.94360352
0.00000000 768.09600830
0.00000000 768.24841309
0.00000000 768.40081787
0.00000000 768.55322266
0.00080000 768.70562744
0.00090000 768.85797119
0.00120000 769.01037598
0.00190000 769.16278076
0.00160000 769.31518555
0.00170000 769.46759033
0.00140000 769.61999512
0.00000000 769.77239990
0.00000000 769.92480469
0.00000000 770.07720947
0.00000000 770.22961426
0.00000000 770.38201904
0.00000000 770.53442383
0.00000000 770.68682861
0.00000000 770.83917236
0.00000000 770.99157715
0.00000000 771.14398193
0.00000000 771.29638672
0.00000000 771.44879150
0.00000000 771.60119629
0.00000000 771.75360107
0.00000000 771.90600586
0.00000000 772.05841064
0.00000000 772.21081543
0.00000000 772.36322021
0.00000000 772.51562500
0.00000000 772.66802979
0.00000000 772.82037354
0.00000000 772.97277832
0.00000000 773.12518311
0.00000000 773.27758789
0.00000000 773.42999268
0.00000000 773.58239746
0.00000000 773.73480225
0.00000000 773.88720703
0.00000000 774.03961182
0.00190000 774.19201660
0.00250000 774.34442139
0.00350000 774.49682617
0.00430000 774.64916992
0.00360000 774.80157471
0.00240000 774.95397949
0.00180000 775.10638428
0.00000000 775.25878906
0.00000000 775.41119385
0.00000000 775.56359863
0.00000000 775.71600342
0.00000000 775.86840820
0.00000000 776.02081299
0.00000000 776.17321777
0.00000000 776.32562256
0.00000000 776.47802734
0.00000000 776.63037109
0.00000000 776.78277588
0.00000000 776.93518066
0.00000000 777.08758545
0.00000000 777.23999023
0.00000000 777.39239502
0.00000000 777.54479980
0.00000000 777.69720459
0.00000000 777.84960938
0.00000000 778.00201416
0.00000000 778.15441895
0.00000000 778.30682373
0.00000000 778.45922852
0.00000000 778.61157227
0.00000000 778.76397705
0.00000000 778.91638184
0.00000000 779.06878662
0.00000000 779.22119141
0.00000000 779.37359619
0.00000000 779.52600098
0.00000000 779.67840576
0.00000000 779.83081055
0.00000000 779.98321533
0.00000000 780.13562012
0.00000000 780.28802490
0.00000000 780.44042969
0.00000000 780.59277344
0.00000000 780.74517822
0.00000000 780.89758301
0.00000000 781.04998779
0.00000000 781.20239258
0.00000000 781.35479736
0.00000000 781.50720215
0.00000000 781.65960693
0.00000000 781.81201172
0.00000000 781.96441650
0.00000000 782.11682129
0.00000000 782.26922607
0.00000000 782.42156982
0.00000000 782.57397461
0.00000000 782.72637939
0.00000000 782.87878418
0.00000000 783.03118896
0.00000000 783.18359375
0.00000000 783.33599854
0.00000000 783.48840332
0.00000000 783.64080811
0.00000000 783.79321289
0.00000000 783.94561768
0.00000000 784.09802246
0.00000000 784.25042725
0.00000000 784.40277100
0.00000000 784.55517578
0.00000000 784.70758057
0.00000000 784.85998535
0.00000000 785.01239014
0.00000000 785.16479492
0.00000000 785.31719971
0.00000000 785.46960449
0.00000000 785.62200928
0.00000000 785.77441406
0.00000000 785.92681885
0.00000000 786.07922363
0.00000000 786.23162842
0.00000000 786.38397217
0.00000000 786.53637695
0.00000000 786.68878174
0.00000000 786.84118652
0.00000000 786.99359131
0.00000000 787.14599609
0.00000000 787.29840088
0.00000000 787.45080566
0.00000000 787.60321045
0.00000000 787.75561523
0.00000000 787.90802002
0.00000000 788.06042480
0.00000000 788.21282959
0.00000000 788.36517334
0.00000000 788.51757812
0.00000000 788.66998291
0.00000000 788.82238770
0.00000000 788.97479248
0.00000000 789.12719727
0.00000000 789.27960205
0.00000000 789.43200684
0.00000000 789.58441162
0.00000000 789.73681641
0.00000000 789.88922119
0.00000000 790.04162598
0.00000000 790.19396973
0.00000000 790.34637451
0.00000000 790.49877930
0.00000000 790.65118408
0.00000000 790.80358887
0.00000000 790.95599365
0.00000000 791.10839844
0.00000000 791.26080322
0.00000000 791.41320801
0.00000000 791.56561279
0.00000000 791.71801758
0.00000000 791.87042236
0.00000000 792.02282715
0.00000000 792.17517090
0.00000000 792.32757568
0.00000000 792.47998047
0.04870000 792.63238525
0.04010000 792.78479004
0.03670000 792.93719482
0.04270000 793.08959961
0.03950000 793.24200439
0.04300000 793.39440918
0.05140000 793.54681396
0.05040000 793.69921875
0.06490000 793.85162354
0.05440000 794.00402832
0.02680000 794.15637207
0.00690000 794.30877686
0.00000000 794.46118164
0.00000000 794.61358643
0.00000000 794.76599121
0.00000000 794.91839600
0.00000000 795.07080078
0.00000000 795.22320557
0.00000000 795.37561035
0.00000000 795.52801514
0.00000000 795.68041992
0.00000000 795.83282471
0.00000000 795.98522949
0.00000000 796.13757324
0.00000000 796.28997803
0.00000000 796.44238281
0.00000000 796.59478760
0.00000000 796.74719238
0.00000000 796.89959717
0.00000000 797.05200195
0.00000000 797.20440674
0.00000000 797.35681152
0.00000000 797.50921631
0.00000000 797.66162109
0.00000000 797.81402588
0.00000000 797.96636963
0.00000000 798.11877441
0.00000000 798.27117920
0.00210000 798.42358398
0.00300000 798.57598877
0.00380000 798.72839355
0.00460000 798.88079834
0.00340000 799.03320312
0.00240000 799.18560791
0.00200000 799.33801270
0.00000000 799.49041748
0.00000000 799.64282227
0.00000000 799.79522705
0.00000000 799.94757080
0.00000000 800.09997559
0.00000000 800.25238037
0.00000000 800.40478516
0.00000000 800.55718994
0.00000000 800.70959473
0.00000000 800.86199951
0.00000000 801.01440430
0.00000000 801.16680908
0.00000000 801.31921387
0.00000000 801.47161865
0.00000000 801.62402344
0.00000000 801.77642822
0.00000000 801.92877197
0.00000000 802.08117676
0.00000000 802.23358154
0.00000000 802.38598633
0.00000000 802.53839111
0.00000000 802.69079590
0.00000000 802.84320068
0.00000000 802.99560547
0.00000000 803.14801025
0.00000000 803.30041504
0.00000000 803.45281982
0.00000000 803.60522461
0.00000000 803.75762939
0.00000000 803.90997314
0.00000000 804.06237793
0.00000000 804.21478271
0.00000000 804.36718750
0.00000000 804.51959229
0.00000000 804.67199707
0.00000000 804.82440186
0.00000000 804.97680664
0.00000000 805.12921143
0.00000000 805.28161621
0.00000000 805.43402100
0.00000000 805.58642578
0.00000000 805.73876953
0.00000000 805.89117432
0.00000000 806.04357910
0.00000000 806.19598389
0.00000000 806.34838867
0.00000000 806.50079346
0.00000000 806.65319824
0.00000000 806.80560303
0.00000000 806.95800781
0.00000000 807.11041260
0.00000000 807.26281738
0.00000000 807.41522217
0.00000000 807.56762695
0.00000000 807.71997070
0.00000000 807.87237549
0.00000000 808.02478027
0.00000000 808.17718506
0.00000000 808.32958984
0.00000000 808.48199463
0.00000000 808.63439941
0.00000000 808.78680420
0.00000000 808.93920898
0.00000000 809.09161377
0.00000000 809.24401855
0.00000000 809.39642334
0.00000000 809.54882812
0.00000000 809.70117188
0.00000000 809.85357666
0.00000000 810.00598145
0.00000000 810.15838623
0.00000000 810.31079102
0.00000000 810.46319580
0.00000000 810.61560059
0.00000000 810.76800537
0.00000000 810.92041016
0.00000000 811.07281494
0.00000000 811.22521973
0.00000000 811.37762451
0.00000000 811.53002930
0.00000000 811.68237305
0.00000000 811.83477783
0.00000000 811.98718262
0.00000000 812.13958740
0.00000000 812.29199219
0.00000000 812.44439697
0.00000000 812.59680176
0.00000000 812.74920654
0.00000000 812.90161133
0.00000000 813.05401611
0.00000000 813.20642090
0.00000000 813.35882568
0.00000000 813.51123047
0.00000000 813.66357422
0.00000000 813.81597900
0.00000000 813.96838379
0.00000000 814.12078857
0.00000000 814.27319336
0.00000000 814.42559814
0.00000000 814.57800293
0.00000000 814.73040771
0.00000000 814.88281250
0.00000000 815.03521729
0.00000000 815.18762207
0.00000000 815.34002686
0.00000000 815.49237061
0.00000000 815.64477539
0.00000000 815.79718018
0.00000000 815.94958496
0.00000000 816.10198975
0.00000000 816.25439453
0.00000000 816.40679932
0.00000000 816.55920410
0.00000000 816.71160889
0.00000000 816.86401367
0.00000000 817.01641846
0.00000000 817.16882324
0.00000000 817.32122803
0.00000000 817.47357178
0.00000000 817.62597656
0.00000000 817.77838135
0.00000000 817.93078613
0.00000000 818.08319092
0.00000000 818.23559570
0.00000000 818.38800049
0.00000000 818.54040527
0.00000000 818.69281006
0.00000000 818.84521484
0.00000000 818.99761963
0.00000000 819.15002441
0.00000000 819.30242920
0.00000000 819.45477295
0.00000000 819.60717773
0.00000000 819.75958252
0.00000000 819.91198730
0.00000000 820.06439209
0.00000000 820.21679688
0.00000000 820.36920166
0.00000000 820.52160645
0.00000000 820.67401123
0.00000000 820.82641602
0.00000000 820.97882080
0.00000000 821.13122559
0.00000000 821.28363037
0.00000000 821.43597412
0.00000000 821.58837891
0.00000000 821.74078369
0.00000000 821.89318848
0.00000000 822.04559326
0.00000000 822.19799805
0.00000000 822.35040283
0.00000000 822.50280762
0.00000000 822.65521240
0.00000000 822.80761719
0.00000000 822.96002197
0.00000000 823.11242676
0.00000000 823.26477051
0.00000000 823.41717529
0.00000000 823.56958008
0.00000000 823.72198486
0.00000000 823.87438965
0.00000000 824.02679443
0.00000000 824.17919922
0.00000000 824.33160400
0.00000000 824.48400879
0.00000000 824.63641357
0.00000000 824.78881836
0.00000000 824.94122314
0.00000000 825.09362793
0.00000000 825.24597168
0.00000000 825.39837646
0.00000000 825.55078125
0.00000000 825.70318604
0.00000000 825.85559082
0.00000000 826.00799561
0.00000000 826.16040039
0.00000000 826.31280518
0.00000000 826.46520996
0.00000000 826.61761475
0.00000000 826.77001953
0.00000000 826.92242432
0.00000000 827.07482910
0.00000000 827.22717285
0.00000000 827.37957764
0.00000000 827.53198242
0.00000000 827.68438721
0.00000000 827.83679199
0.00000000 827.98919678
0.00000000 828.14160156
0.00000000 828.29400635
0.00000000 828.44641113
0.00000000 828.59881592
0.00000000 828.75122070
0.00000000 828.90362549
0.00000000 829.05603027
0.00000000 829.20837402
0.00000000 829.36077881
0.00000000 829.51318359
0.00000000 829.66558838
0.00000000 829.81799316
0.00000000 829.97039795
0.00000000 830.12280273
0.00000000 830.27520752
0.00000000 830.42761230
0.00000000 830.58001709
0.00000000 830.73242188
0.00000000 830.88482666
0.00000000 831.03717041
0.00000000 831.18957520
0.00000000 831.34197998
0.00000000 831.49438477
0.00000000 831.64678955
0.00000000 831.79919434
0.00000000 831.95159912
0.00000000 832.10400391
0.00000000 832.25640869
0.00000000 832.40881348
0.00000000 832.56121826
0.00000000 832.71362305
0.00000000 832.86602783
0.00000000 833.01837158
0.00000000 833.17077637
0.00000000 833.32318115
0.00000000 833.47558594
0.00000000 833.62799072
0.00000000 833.78039551
0.00000000 833.93280029
0.00000000 834.08520508
0.00000000 834.23760986
0.00000000 834.39001465
0.00000000 834.54241943
0.00000000 834.69482422
0.00000000 834.84722900
0.00000000 834.99957275
0.00000000 835.15197754
0.00000000 835.30438232
0.00000000 835.45678711
0.00000000 835.60919189
0.00000000 835.76159668
0.00000000 835.91400146
0.00000000 836.06640625
0.00000000 836.21881104
0.00000000 836.37121582
0.00000000 836.52362061
0.00000000 836.67602539
0.00000000 836.82843018
0.00000000 836.98077393
0.00000000 837.13317871
0.00000000 837.28558350
0.00000000 837.43798828
0.00000000 837.59039307
0.00000000 837.74279785
0.00000000 837.89520264
0.00000000 838.04760742
0.00000000 838.20001221
0.00000000 838.35241699
0.00000000 838.50482178
0.00000000 838.65722656
0.00000000 838.80957031
0.00000000 838.96197510
0.00000000 839.11437988
0.00000000 839.26678467
0.00000000 839.41918945
0.00000000 839.57159424
0.00000000 839.72399902
0.00000000 839.87640381
0.00000000 840.02880859
0.00000000 840.18121338
0.00000000 840.33361816
0.00000000 840.48602295
0.00000000 840.63842773
0.00000000 840.79077148
0.00000000 840.94317627
0.00000000 841.09558105
0.00000000 841.24798584
0.00000000 841.40039062
0.00000000 841.55279541
0.00000000 841.70520020
0.00000000 841.85760498
0.00000000 842.01000977
0.00000000 842.16241455
0.00000000 842.31481934
0.00000000 842.46722412
0.00000000 842.61962891
0.00000000 842.77197266
0.00000000 842.92437744
0.00000000 843.07678223
0.00000000 843.22918701
0.00000000 843.38159180
0.00000000 843.53399658
0.00000000 843.68640137
0.00000000 843.83880615
0.00000000 843.99121094
0.00000000 844.14361572
0.00000000 844.29602051
0.00000000 844.44842529
0.00000000 844.60083008
0.00000000 844.75317383
0.00000000 844.90557861
0.00000000 845.05798340
0.00000000 845.21038818
0.00000000 845.36279297
0.00000000 845.51519775
0.00000000 845.66760254
0.00000000 845.82000732
0.00000000 845.97241211
0.00000000 846.12481689
0.00000000 846.27722168
0.00000000 846.42962646
0.00000000 846.58197021
0.00000000 846.73437500
0.00000000 846.88677979
0.00000000 847.03918457
0.00000000 847.19158936
0.00000000 847.34399414
0.00000000 847.49639893
0.00000000 847.64880371
0.00000000 847.80120850
0.00000000 847.95361328
0.00000000 848.10601807
0.00000000 848.25842285
0.00000000 848.41082764
0.00000000 848.56317139
0.00000000 848.71557617
0.00000000 848.86798096
0.00000000 849.02038574
0.00000000 849.17279053
0.00000000 849.32519531
0.00000000 849.47760010
0.00000000 849.63000488
0.00000000 849.78240967
0.00000000 849.93481445
0.00000000 850.08721924
0.00000000 850.23962402
0.00000000 850.39202881
0.00000000 850.54437256
0.00000000 850.69677734
0.00000000 850.84918213
0.00000000 851.00158691
0.00000000 851.15399170
0.00000000 851.30639648
0.00000000 851.45880127
0.00000000 851.61120605
0.00000000 851.76361084
0.00000000 851.91601562
0.00000000 852.06842041
0.00000000 852.22082520
0.00000000 852.37322998
0.00000000 852.52557373
0.00000000 852.67797852
0.00000000 852.83038330
0.00000000 852.98278809
0.00000000 853.13519287
0.00000000 853.28759766
0.00000000 853.44000244
0.00000000 853.59240723
0.00000000 853.74481201
0.00000000 853.89721680
0.00000000 854.04962158
0.00000000 854.20202637
0.00000000 854.35437012
0.00000000 854.50677490
0.00000000 854.65917969
0.00000000 854.81158447
0.00000000 854.96398926
0.00000000 855.11639404
0.00000000 855.26879883
0.00000000 855.42120361
0.00000000 855.57360840
0.00000000 855.72601318
0.00000000 855.87841797
0.00000000 856.03082275
0.00000000 856.18322754
0.00000000 856.33557129
0.00000000 856.48797607
0.00000000 856.64038086
0.00000000 856.79278564
0.00000000 856.94519043
0.00000000 857.09759521
0.00000000 857.25000000
0.00000000 857.40240479
0.00000000 857.55480957
0.00000000 857.70721436
0.00000000 857.85961914
0.00000000 858.01202393
0.00000000 858.16442871
0.00000000 858.31677246
0.00000000 858.46917725
0.00000000 858.62158203
0.00000000 858.77398682
0.00000000 858.92639160
0.00000000 859.07879639
0.00000000 859.23120117
0.00000000 859.38360596
0.00000000 859.53601074
0.00000000 859.68841553
0.00000000 859.84082031
0.00000000 859.99322510
0.00000000 860.14562988
0.00000000 860.29797363
0.00000000 860.45037842
0.00000000 860.60278320
0.00000000 860.75518799
0.00000000 860.90759277
0.00000000 861.05999756
0.00000000 861.21240234
0.00000000 861.36480713
0.00000000 861.51721191
0.00000000 861.66961670
0.00000000 861.82202148
0.00000000 861.97442627
0.00000000 862.12677002
0.00000000 862.27917480
0.00000000 862.43157959
0.00000000 862.58398438
0.00000000 862.73638916
0.00000000 862.88879395
0.00000000 863.04119873
0.00000000 863.19360352
0.00000000 863.34600830
0.00000000 863.49841309
0.00000000 863.65081787
0.00000000 863.80322266
0.00000000 863.95562744
0.00000000 864.10797119
0.00000000 864.26037598
0.00000000 864.41278076
0.00000000 864.56518555
0.00000000 864.71759033
0.00000000 864.86999512
0.00000000 865.02239990
0.00000000 865.17480469
0.00000000 865.32720947
0.00000000 865.47961426
0.00000000 865.63201904
0.00000000 865.78442383
0.00000000 865.93682861
0.00000000 866.08917236
0.00000000 866.24157715
0.00000000 866.39398193
0.00000000 866.54638672
0.00000000 866.69879150
0.00000000 866.85119629
0.00000000 867.00360107
0.00000000 867.15600586
0.00000000 867.30841064
0.00000000 867.46081543
0.00000000 867.61322021
0.00000000 867.76562500
0.00000000 867.91802979
0.00000000 868.07037354
0.00000000 868.22277832
0.00000000 868.37518311
0.00000000 868.52758789
0.00000000 868.67999268
0.00000000 868.83239746
0.00000000 868.98480225
0.00000000 869.13720703
0.00000000 869.28961182
0.00000000 869.44201660
0.00000000 869.59442139
0.00000000 869.74682617
0.00000000 869.89916992
0.00000000 870.05157471
0.00000000 870.20397949
0.00000000 870.35638428
0.00000000 870.50878906
0.00000000 870.66119385
0.00000000 870.81359863
0.00000000 870.96600342
0.00000000 871.11840820
0.00000000 871.27081299
0.00000000 871.42321777
0.00000000 871.57562256
0.00000000 871.72802734
0.00000000 871.88037109
0.00000000 872.03277588
0.00000000 872.18518066
0.00000000 872.33758545
0.00000000 872.48999023
0.00000000 872.64239502
0.00000000 872.79479980
0.00000000 872.94720459
0.00000000 873.09960938
0.00000000 873.25201416
0.00000000 873.40441895
0.00000000 873.55682373
0.00000000 873.70922852
0.00000000 873.86157227
0.00000000 874.01397705
0.00000000 874.16638184
0.00000000 874.31878662
0.00000000 874.47119141
0.00000000 874.62359619
0.00000000 874.77600098
0.00000000 874.92840576
0.00000000 875.08081055
0.00000000 875.23321533
0.00000000 875.38562012
0.00000000 875.53802490
0.00000000 875.69042969
0.00000000 875.84277344
0.00000000 875.99517822
0.00000000 876.14758301
0.00000000 876.29998779
0.00000000 876.45239258
0.00000000 876.60479736
0.00000000 876.75720215
0.00000000 876.90960693
0.00000000 877.06201172
0.00000000 877.21441650
0.00000000 877.36682129
0.00000000 877.51922607
0.00000000 877.67156982
0.00000000 877.82397461
0.00000000 877.97637939
0.00000000 878.12878418
0.00000000 878.28118896
0.00000000 878.43359375
0.00000000 878.58599854
0.00000000 878.73840332
0.00000000 878.89080811
0.00000000 879.04321289
0.00000000 879.19561768
0.00000000 879.34802246
0.00000000 879.50042725
0.00000000 879.65277100
0.00000000 879.80517578
0.00000000 879.95758057
0.00000000 880.10998535
0.00000000 880.26239014
0.00000000 880.41479492
0.00000000 880.56719971
0.00000000 880.71960449
0.00000000 880.87200928
0.00000000 881.02441406
0.00000000 881.17681885
0.00000000 881.32922363
0.00000000 881.48162842
0.00000000 881.63397217
0.00000000 881.78637695
0.00000000 881.93878174
0.00000000 882.09118652
0.00000000 882.24359131
0.00000000 882.39599609
0.00000000 882.54840088
0.00000000 882.70080566
0.00000000 882.85321045
0.00000000 883.00561523
0.00000000 883.15802002
0.00000000 883.31042480
0.00000000 883.46282959
0.00000000 883.61517334
0.00000000 883.76757812
0.00000000 883.91998291
0.00000000 884.07238770
0.00000000 884.22479248
0.00000000 884.37719727
0.00000000 884.52960205
0.00000000 884.68200684
0.00000000 884.83441162
0.00000000 884.98681641
0.00000000 885.13922119
0.00000000 885.29162598
0.00000000 885.44396973
0.00000000 885.59637451
0.00000000 885.74877930
0.00000000 885.90118408
0.00000000 886.05358887
0.00000000 886.20599365
0.00000000 886.35839844
0.00000000 886.51080322
0.00000000 886.66320801
0.00000000 886.81561279
0.00000000 886.96801758
0.00000000 887.12042236
0.00000000 887.27282715
0.00000000 887.42517090
0.00000000 887.57757568
0.00000000 887.72998047
0.00000000 887.88238525
0.00000000 888.03479004
0.00000000 888.18719482
0.00000000 888.33959961
0.00000000 888.49200439
0.00000000 888.64440918
0.00000000 888.79681396
0.00000000 888.94921875
0.00000000 889.10162354
0.00000000 889.25402832
0.00000000 889.40637207
0.00000000 889.55877686
0.00000000 889.71118164
0.00000000 889.86358643
0.00000000 890.01599121
0.00000000 890.16839600
0.00000000 890.32080078
0.00000000 890.47320557
0.00000000 890.62561035
0.00000000 890.77801514
0.00000000 890.93041992
0.00000000 891.08282471
0.00000000 891.23522949
0.00000000 891.38757324
0.00000000 891.53997803
0.00000000 891.69238281
0.00000000 891.84478760
0.00000000 891.99719238
0.00000000 892.14959717
0.00000000 892.30200195
0.00000000 892.45440674
0.00000000 892.60681152
0.00000000 892.75921631
0.00000000 892.91162109
0.00000000 893.06402588
0.00000000 893.21636963
0.00000000 893.36877441
0.00000000 893.52117920
0.00000000 893.67358398
0.00000000 893.82598877
0.00000000 893.97839355
0.00000000 894.13079834
0.00000000 894.28320312
0.00000000 894.43560791
0.00000000 894.58801270
0.00000000 894.74041748
0.00000000 894.89282227
0.00000000 895.04522705
0.00000000 895.19757080
0.00000000 895.34997559
0.00000000 895.50238037
0.00000000 895.65478516
0.00000000 895.80718994
0.00000000 895.95959473
0.00000000 896.11199951
0.00000000 896.26440430
0.00000000 896.41680908
0.00000000 896.56921387
0.00000000 896.72161865
0.00000000 896.87402344
0.00000000 897.02642822
0.00000000 897.17877197
0.00000000 897.33117676
0.00000000 897.48358154
0.00000000 897.63598633
0.00000000 897.78839111
0.00000000 897.94079590
0.00000000 898.09320068
0.00000000 898.24560547
0.00000000 898.39801025
0.00000000 898.55041504
