9.97949982 343.96679688
9.98029995 344.11920166
9.98139954 344.27160645
9.98270035 344.42401123
9.98369980 344.57638550
9.98490047 344.72879028
9.98799992 344.88119507
9.99110031 345.03359985
9.99180031 345.18600464
9.99090004 345.33840942
9.99059963 345.49081421
9.98950005 345.64318848
9.98810005 345.79559326
9.98700047 345.94799805
9.98180008 346.10040283
9.97570038 346.25280762
9.97920036 346.40521240
9.98050022 346.55758667
9.98069954 346.70999146
9.98099995 346.86239624
9.98159981 347.01480103
9.98410034 347.16720581
9.98910046 347.31961060
9.99380016 347.47198486
9.99520016 347.62438965
9.99450016 347.77679443
9.99339962 347.92919922
9.99199963 348.08160400
9.99059963 348.23400879
9.98919964 348.38641357
9.98789978 348.53878784
9.98670006 348.69119263
9.98709965 348.84359741
9.99199963 348.99600220
10.00059986 349.14840698
10.00590038 349.30081177
10.01080036 349.45318604
10.01369953 349.60559082
10.01449966 349.75799561
10.01439953 349.91040039
10.01410007 350.06280518
10.01350021 350.21520996
10.01270008 350.36761475
10.01179981 350.51998901
10.01039982 350.67239380
10.00920010 350.82479858
10.01200008 350.97720337
10.01270008 351.12960815
10.01399994 351.28201294
10.01550007 351.43438721
10.01939964 351.58679199
10.02229977 351.73919678
10.02320004 351.89160156
10.02379990 352.04400635
10.02340031 352.19641113
10.02239990 352.34878540
10.02140045 352.50119019
10.02000046 352.65359497
10.01959991 352.80599976
10.02130032 352.95840454
10.02320004 353.11080933
10.02540016 353.26321411
10.02610016 353.41558838
10.02579975 353.56799316
10.02490044 353.72039795
10.02429962 353.87280273
10.02400017 354.02520752
10.02379990 354.17761230
10.02410030 354.32998657
10.02439976 354.48239136
10.02499962 354.63479614
10.02579975 354.78720093
10.02589989 354.93960571
10.02610016 355.09201050
10.02620029 355.24438477
10.02499962 355.39678955
10.02330017 355.54919434
10.02120018 355.70159912
10.02000046 355.85400391
10.02009964 356.00640869
10.02060032 356.15881348
10.02159977 356.31118774
10.02420044 356.46359253
10.02770042 356.61599731
10.03660011 356.76840210
10.04150009 356.92080688
10.04510021 357.07321167
10.04819965 357.22558594
10.04930019 357.37799072
10.05150032 357.53039551
10.05389977 357.68280029
10.05799961 357.83520508
10.06149960 357.98760986
10.06389999 358.14001465
10.06480026 358.29238892
10.06550026 358.44479370
10.06820011 358.59719849
10.06960011 358.74960327
10.07100010 358.90200806
10.07219982 359.05441284
10.07260036 359.20678711
10.07260036 359.35919189
10.07279968 359.51159668
10.07139969 359.66400146
10.07059956 359.81640625
10.07209969 359.96881104
10.07079983 360.12118530
10.06919956 360.27359009
10.06770039 360.42599487
10.06630039 360.57839966
10.06509972 360.73080444
10.06400013 360.88320923
10.06309986 361.03561401
10.06239986 361.18798828
10.06180000 361.34039307
10.06110001 361.49279785
10.05949974 361.64520264
10.06239986 361.79760742
10.06709957 361.95001221
10.07330036 362.10238647
10.07839966 362.25479126
10.08129978 362.40719604
10.08310032 362.55960083
10.08430004 362.71200562
10.08440018 362.86441040
10.08349991 363.01681519
10.08209991 363.16918945
10.07989979 363.32159424
10.07880020 363.47399902
10.07719994 363.62640381
10.07569981 363.77880859
10.07429981 363.93121338
10.07330036 364.08358765
10.07229996 364.23599243
10.07159996 364.38839722
10.07089996 364.54080200
10.07019997 364.69320679
10.06960011 364.84561157
10.06820011 364.99798584
10.06639957 365.15039062
10.06719971 365.30279541
10.06729984 365.45520020
10.06610012 365.60760498
10.06569958 365.76000977
10.06540012 365.91241455
10.06589985 366.06478882
10.06669998 366.21719360
10.06830025 366.36959839
10.07019997 366.52200317
10.07250023 366.67440796
10.07330036 366.82681274
10.07279968 366.97918701
10.07240009 367.13159180
10.07139969 367.28399658
10.07019997 367.43640137
10.06900024 367.58880615
10.06569958 367.74121094
10.06250000 367.89358521
10.06009960 368.04598999
10.05869961 368.19839478
10.05790043 368.35079956
10.05760002 368.50320435
10.05850029 368.65560913
10.05889988 368.80801392
10.05970001 368.96038818
10.06019974 369.11279297
10.06029987 369.26519775
10.06040001 369.41760254
10.06019974 369.57000732
10.05990028 369.72241211
10.05949974 369.87478638
10.06000042 370.02719116
10.06210041 370.17959595
10.06910038 370.33200073
10.08780003 370.48440552
10.09459972 370.63681030
10.09679985 370.78921509
10.09619999 370.94158936
10.09420013 371.09399414
10.09370041 371.24639893
10.09440041 371.39880371
10.09469986 371.55120850
10.09430027 371.70361328
10.09449959 371.85598755
10.09259987 372.00839233
10.09070015 372.16079712
10.08889961 372.31320190
10.08689976 372.46560669
10.08619976 372.61801147
10.08500004 372.77038574
10.08380032 372.92279053
10.08269978 373.07519531
10.08180046 373.22760010
10.08100033 373.38000488
10.07989979 373.53240967
10.07960033 373.68481445
10.07940006 373.83718872
10.07890034 373.98959351
10.07900047 374.14199829
10.07880020 374.29440308
10.07919979 374.44680786
10.07950020 374.59921265
10.07979965 374.75158691
10.07870007 374.90399170
10.07689953 375.05639648
10.07629967 375.20880127
10.07499981 375.36120605
10.07429981 375.51361084
10.07470036 375.66598511
10.07419968 375.81838989
10.07470036 375.97079468
10.07489967 376.12319946
10.07479954 376.27560425
10.07619953 376.42800903
10.07769966 376.58041382
10.07940006 376.73278809
10.08119965 376.88519287
10.08329964 377.03759766
10.08539963 377.19000244
10.08720016 377.34240723
10.08730030 377.49481201
10.08759975 377.64718628
10.08839989 377.79959106
10.09029961 377.95199585
10.09309959 378.10440063
10.09580040 378.25680542
10.10099983 378.40921021
10.10439968 378.56161499
10.10729980 378.71398926
10.10109997 378.86639404
10.07989979 379.01879883
10.06019974 379.17120361
10.05560017 379.32360840
10.05239964 379.47601318
10.05189991 379.62838745
10.05799961 379.78079224
10.06550026 379.93319702
10.08710003 380.08560181
10.10289955 380.23800659
10.10179996 380.39041138
10.10000038 380.54278564
10.09700012 380.69519043
10.09370041 380.84759521
10.08880043 381.00000000
10.07940006 381.15240479
10.06200027 381.30480957
10.03940010 381.45721436
10.03450012 381.60958862
10.03400040 381.76199341
10.03349972 381.91439819
10.03279972 382.06680298
10.03160000 382.21920776
10.02970028 382.37161255
10.02770042 382.52398682
10.02470016 382.67639160
10.02180004 382.82879639
10.01799965 382.98120117
10.01539993 383.13360596
10.01259995 383.28601074
10.00899982 383.43838501
10.00629997 383.59078979
10.00409985 383.74319458
10.00199986 383.89559937
10.00030041 384.04800415
9.99740028 384.20040894
9.99510002 384.35281372
9.99269962 384.50518799
9.99090004 384.65759277
9.98820019 384.80999756
9.98499966 384.96240234
9.97819996 385.11480713
9.97010040 385.26721191
9.96490002 385.41958618
9.96000004 385.57199097
9.95699978 385.72439575
9.95470047 385.87680054
9.95520020 386.02920532
9.95870018 386.18161011
9.96129990 386.33401489
9.96560001 386.48638916
9.96100044 386.63879395
9.95489979 386.79119873
9.95189953 386.94360352
9.94639969 387.09600830
9.94460011 387.24841309
9.94330025 387.40078735
9.93990040 387.55319214
9.94120026 387.70559692
9.93990040 387.85800171
9.94079971 388.01040649
9.94159985 388.16281128
9.94279957 388.31518555
9.93739986 388.46759033
9.93039989 388.61999512
9.92739964 388.77239990
9.93029976 388.92480469
9.93299961 389.07720947
9.93599987 389.22961426
9.94159985 389.38198853
9.94690037 389.53439331
9.95370007 389.68679810
9.95909977 389.83920288
9.96160030 389.99160767
9.95660019 390.14401245
9.94919968 390.29638672
9.94200039 390.44879150
9.94159985 390.60119629
9.94139957 390.75360107
9.93920040 390.90600586
9.93519974 391.05841064
9.92590046 391.21078491
9.91370010 391.36318970
9.90419960 391.51559448
9.89850044 391.66799927
9.89500046 391.82040405
9.89430046 391.97280884
9.89640045 392.12521362
9.90520000 392.27758789
9.93089962 392.42999268
9.95899963 392.58239746
9.96800041 392.73480225
9.97089958 392.88720703
9.97280025 393.03961182
9.97620010 393.19198608
9.97859955 393.34439087
9.97970009 393.49679565
9.98110008 393.64920044
9.98089981 393.80160522
9.98190022 393.95401001
9.98139954 394.10641479
9.98149967 394.25878906
9.98229980 394.41119385
9.98330021 394.56359863
9.98490047 394.71600342
9.98600006 394.86840820
9.98610020 395.02081299
9.98560047 395.17318726
9.98490047 395.32559204
9.98439980 395.47799683
9.98540020 395.63040161
9.98670006 395.78280640
9.98779964 395.93521118
9.98859978 396.08758545
9.98840046 396.23999023
9.98760033 396.39239502
9.98729992 396.54479980
9.98639965 396.69720459
9.98709965 396.84960938
9.98729992 397.00201416
9.98719978 397.15438843
9.98740005 397.30679321
9.98579979 397.45919800
9.98460007 397.61160278
9.98229980 397.76400757
9.98029995 397.91641235
9.97869968 398.06878662
9.97840023 398.22119141
9.97719955 398.37359619
9.97739983 398.52600098
9.97869968 398.67840576
9.97659969 398.83081055
9.97659969 398.98318481
9.97550011 399.13558960
9.97480011 399.28799438
9.97500038 399.44039917
9.97469997 399.59280396
9.97519970 399.74520874
9.97529984 399.89761353
9.97560024 400.04998779
9.97630024 400.20239258
9.97789955 400.35479736
9.98019981 400.50720215
9.98079967 400.65960693
9.98130035 400.81201172
9.98110008 400.96438599
9.98089981 401.11679077
9.98050022 401.26919556
9.98009968 401.42160034
9.97900009 401.57400513
9.97830009 401.72640991
9.97719955 401.87881470
9.97560024 402.03118896
9.97469997 402.18359375
9.97340012 402.33599854
9.97249985 402.48840332
9.97200012 402.64080811
9.97119999 402.79321289
9.97089958 402.94558716
9.97080040 403.09799194
9.96980000 403.25039673
9.96920013 403.40280151
9.96819973 403.55520630
9.96730042 403.70761108
9.96700001 403.85998535
9.96590042 404.01239014
9.96549988 404.16479492
9.96529961 404.31719971
9.96490002 404.46960449
9.96500015 404.62200928
9.96490002 404.77441406
9.96430016 404.92678833
9.96430016 405.07919312
9.96380043 405.23159790
9.96370029 405.38400269
9.96380043 405.53640747
9.96360016 405.68881226
9.96389961 405.84118652
9.96420002 405.99359131
9.96450043 406.14599609
9.96529961 406.29840088
9.96599960 406.45080566
9.96619987 406.60321045
9.96840000 406.75561523
9.97089958 406.90798950
9.97329998 407.06039429
9.97579956 407.21279907
9.97770023 407.36520386
9.98009968 407.51760864
9.98190022 407.67001343
9.98460007 407.82238770
9.98659992 407.97479248
9.98840046 408.12719727
9.98980045 408.27960205
9.99079990 408.43200684
9.99069977 408.58441162
9.99050045 408.73678589
9.99079990 408.88919067
9.99250031 409.04159546
9.99260044 409.19400024
9.99580002 409.34640503
10.01299953 409.49880981
9.99209976 409.65121460
9.98729992 409.80358887
9.98260021 409.95599365
9.97459984 410.10839844
9.97150040 410.26080322
9.95730019 410.41320801
9.96479988 410.56561279
9.99510002 410.71798706
10.03579998 410.87039185
10.06719971 411.02279663
10.07689953 411.17520142
10.09490013 411.32760620
10.10540009 411.48001099
10.10569954 411.63238525
10.11009979 411.78479004
10.11330032 411.93719482
10.11450005 412.08959961
10.11340046 412.24200439
10.11069965 412.39440918
10.10480022 412.54681396
10.09160042 412.69918823
10.05690002 412.85159302
10.00580025 413.00399780
9.96370029 413.15640259
9.92420006 413.30880737
9.92099953 413.46121216
9.91779995 413.61358643
9.91499996 413.76599121
9.91539955 413.91839600
9.91930008 414.07080078
9.92099953 414.22320557
9.92360020 414.37561035
9.92539978 414.52801514
9.92700005 414.68038940
9.92940044 414.83279419
9.93249989 414.98519897
9.93640041 415.13760376
9.93879986 415.29000854
9.94050026 415.44241333
9.94139957 415.59478760
9.94200039 415.74719238
9.94250011 415.89959717
9.94320011 416.05200195
9.94449997 416.20440674
9.94480038 416.35681152
9.94480038 416.50918579
9.94499969 416.66159058
9.94540024 416.81399536
9.94620037 416.96640015
9.94540024 417.11880493
9.94499969 417.27120972
9.94429970 417.42361450
9.94359970 417.57598877
9.94390011 417.72839355
9.94400024 417.88079834
9.94359970 418.03320312
9.94340038 418.18560791
9.94209957 418.33801270
9.94190025 418.49038696
9.94180012 418.64279175
9.94130039 418.79519653
9.94120026 418.94760132
9.94089985 419.10000610
9.93859959 419.25241089
9.93739986 419.40478516
9.93480015 419.55718994
9.93330002 419.70959473
9.93270016 419.86199951
9.93239975 420.01440430
9.93169975 420.16680908
9.93150043 420.31921387
9.93010044 420.47158813
9.92870045 420.62399292
9.92660046 420.77639771
9.92240047 420.92880249
9.91769981 421.08120728
9.91600037 421.23361206
9.91440010 421.38598633
9.91339970 421.53839111
9.91339970 421.69079590
9.91289997 421.84320068
9.91250038 421.99560547
9.91289997 422.14801025
9.91289997 422.30041504
9.91469955 422.45278931
9.91740036 422.60519409
9.91979980 422.75759888
9.92230034 422.91000366
9.92249966 423.06240845
9.92259979 423.21481323
9.92259979 423.36718750
9.92230034 423.51959229
9.92169952 423.67199707
9.92140007 423.82440186
9.92039967 423.97680664
9.91969967 424.12921143
9.91779995 424.28158569
9.91609955 424.43399048
9.91419983 424.58639526
9.91279984 424.73880005
9.91230011 424.89120483
9.91180038 425.04360962
9.91230011 425.19601440
9.91279984 425.34838867
9.91269970 425.50079346
9.91209984 425.65319824
9.91119957 425.80560303
9.90970039 425.95800781
9.90890026 426.11041260
9.90719986 426.26278687
9.90620041 426.41519165
9.90600014 426.56759644
9.90520000 426.72000122
9.91300011 426.87240601
9.92529964 427.02481079
9.93820000 427.17718506
9.95339966 427.32958984
9.96720028 427.48199463
9.97780037 427.63439941
9.98820019 427.78680420
9.99580002 427.93920898
10.00000000 428.09161377
9.99969959 428.24398804
9.99810028 428.39639282
9.99380016 428.54879761
9.99139977 428.70120239
9.98740005 428.85360718
9.98480034 429.00601196
9.98149967 429.15838623
9.97749996 429.31079102
9.97609997 429.46319580
9.97280025 429.61560059
9.97049999 429.76800537
9.96899986 429.92041016
9.96739960 430.07281494
9.96590042 430.22518921
9.96459961 430.37759399
9.96160030 430.52999878
9.95899963 430.68240356
9.95720005 430.83480835
9.95530033 430.98721313
9.95289993 431.13958740
9.95030022 431.29199219
9.94709969 431.44439697
9.94239998 431.59680176
9.93649960 431.74920654
9.93070030 431.90161133
9.92599964 432.05398560
9.92319965 432.20639038
9.92090034 432.35879517
9.91880035 432.51119995
9.91629982 432.66360474
9.91419983 432.81600952
9.91300011 432.96841431
9.91149998 433.12078857
9.91129971 433.27319336
9.91079998 433.42559814
9.90960026 433.57800293
9.90830040 433.73040771
9.90680027 433.88281250
9.90540028 434.03518677
9.90410042 434.18759155
9.90489960 434.33999634
9.90600014 434.49240112
9.90629959 434.64480591
9.90620041 434.79721069
9.90620041 434.94958496
9.90569973 435.10198975
9.90540028 435.25439453
9.90410042 435.40679932
9.90299988 435.55920410
9.90180016 435.71160889
9.89890003 435.86401367
9.89890003 436.01638794
9.90019989 436.16879272
9.89949989 436.32119751
9.89869976 436.47360229
9.89809990 436.62600708
9.89400005 436.77841187
9.88949966 436.93078613
9.88230038 437.08319092
9.88119984 437.23559570
9.88099957 437.38800049
9.88080025 437.54040527
9.88160038 437.69281006
9.88300037 437.84521484
9.88420010 437.99758911
9.87959957 438.14999390
9.87779999 438.30239868
9.87570000 438.45480347
9.87349987 438.60720825
9.87450027 438.75961304
9.87430000 438.91198730
9.87349987 439.06439209
9.87590027 439.21679688
9.87030029 439.36920166
9.86789989 439.52160645
9.86550045 439.67401123
9.86359978 439.82638550
9.86330032 439.97879028
9.86550045 440.13119507
9.86639977 440.28359985
9.86660004 440.43600464
9.86719990 440.58840942
9.86779976 440.74081421
9.87069988 440.89318848
9.87600040 441.04559326
9.88360023 441.19799805
9.89169979 441.35040283
9.89850044 441.50280762
9.90180016 441.65521240
9.89970016 441.80758667
9.88630009 441.95999146
9.85159969 442.11239624
9.83479977 442.26480103
9.83419991 442.41720581
9.83600044 442.56961060
9.83670044 442.72198486
9.83740044 442.87438965
9.83780003 443.02679443
9.83810043 443.17919922
9.83829975 443.33160400
9.83759975 443.48400879
9.83710003 443.63641357
9.83660030 443.78878784
9.83619976 443.94119263
9.83520031 444.09359741
9.83549976 444.24600220
9.83670044 444.39840698
9.83769989 444.55081177
9.83979988 444.70318604
9.84130001 444.85559082
9.84300041 445.00799561
9.84749985 445.16040039
9.84980011 445.31280518
9.85280037 445.46520996
9.85470009 445.61761475
9.85739994 445.76998901
9.85919952 445.92239380
9.86019993 446.07479858
9.86069965 446.22720337
9.86019993 446.37960815
9.85960007 446.53201294
9.85890007 446.68438721
9.85770035 446.83679199
9.85709953 446.98919678
9.85639954 447.14160156
9.85550022 447.29400635
9.85509968 447.44641113
9.85490036 447.59878540
9.85509968 447.75119019
9.85569954 447.90359497
9.85630035 448.05599976
9.85680008 448.20840454
9.85709953 448.36080933
9.85719967 448.51321411
9.85630035 448.66558838
9.85449982 448.81799316
9.85210037 448.97039795
9.84939957 449.12280273
9.84599972 449.27520752
9.84370041 449.42761230
9.84099960 449.57998657
9.83870029 449.73239136
9.83679962 449.88479614
9.83530045 450.03720093
9.83450031 450.18960571
9.83380032 450.34201050
9.83300018 450.49438477
9.83259964 450.64678955
9.83259964 450.79919434
9.83310032 450.95159912
9.83399963 451.10400391
9.83539963 451.25640869
9.83679962 451.40881348
9.83899975 451.56118774
9.84000015 451.71359253
9.84090042 451.86599731
9.84189987 452.01840210
9.84169960 452.17080688
9.84140015 452.32321167
9.84080029 452.47558594
9.83940029 452.62799072
9.83979988 452.78039551
9.84119987 452.93280029
9.84959984 453.08520508
9.86310005 453.23760986
9.87699986 453.39001465
9.89630032 453.54238892
9.90590000 453.69479370
9.91180038 453.84719849
9.91800022 453.99960327
9.91329956 454.15200806
9.90750027 454.30441284
9.90079975 454.45678711
9.89150047 454.60919189
9.88389969 454.76159668
9.87730026 454.91400146
9.86929989 455.06640625
9.85799980 455.21881104
9.84480000 455.37118530
9.83969975 455.52359009
9.83730030 455.67599487
9.83600044 455.82839966
9.83539963 455.98080444
9.83539963 456.13320923
9.83650017 456.28561401
9.83950043 456.43798828
9.84440041 456.59039307
9.84599972 456.74279785
9.84609985 456.89520264
9.84469986 457.04760742
9.84340000 457.20001221
9.84239960 457.35238647
9.84140015 457.50479126
9.84060001 457.65719604
9.83990002 457.80960083
9.83959961 457.96200562
9.83860016 458.11441040
9.83899975 458.26681519
9.83870029 458.41918945
9.83810043 458.57159424
9.83790016 458.72399902
9.83689976 458.87640381
9.83619976 459.02880859
9.83559990 459.18121338
9.83409977 459.33358765
9.83290005 459.48599243
9.83049965 459.63839722
9.82759953 459.79080200
9.82400036 459.94320679
9.82059956 460.09561157
9.81869984 460.24798584
9.81669998 460.40039062
9.81470013 460.55279541
9.81190014 460.70520020
9.81000042 460.85760498
9.80760002 461.01000977
9.80589962 461.16241455
9.80519962 461.31478882
9.80389977 461.46719360
9.80309963 461.61959839
9.80259991 461.77200317
9.80200005 461.92440796
9.80189991 462.07681274
9.80169964 462.22918701
9.80160046 462.38159180
9.80150032 462.53399658
9.80119991 462.68640137
9.80099964 462.83880615
9.80090046 462.99121094
9.80000019 463.14358521
9.79979992 463.29598999
9.79930019 463.44839478
9.79920006 463.60079956
9.79909992 463.75320435
9.79920006 463.90560913
9.79930019 464.05801392
9.79930019 464.21038818
9.79959965 464.36279297
9.79930019 464.51519775
9.79959965 464.66760254
9.80000019 464.82000732
9.79979992 464.97241211
9.79979992 465.12478638
9.79940033 465.27719116
9.79920006 465.42959595
9.79959965 465.58200073
9.80010033 465.73440552
9.80109978 465.88681030
9.80230045 466.03921509
9.80329990 466.19158936
9.80410004 466.34399414
9.80459976 466.49639893
9.80490017 466.64880371
9.80529976 466.80120850
9.80440044 466.95361328
9.80239964 467.10598755
9.79699993 467.25839233
9.79380035 467.41079712
9.79189968 467.56320190
9.79090023 467.71560669
9.79199982 467.86801147
9.79300022 468.02038574
9.79389954 468.17279053
9.79500008 468.32519531
9.79370022 468.47760010
9.79209995 468.63000488
9.78979969 468.78240967
9.78870010 468.93481445
9.78789997 469.08718872
9.78680038 469.23959351
9.78600025 469.39199829
9.78489971 469.54440308
9.78509998 469.69680786
9.79179955 469.84921265
9.80200005 470.00158691
9.80949974 470.15399170
9.81760025 470.30639648
9.82639980 470.45880127
9.83230019 470.61120605
9.84650040 470.76361084
9.84780025 470.91598511
9.79129982 471.06838989
9.76039982 471.22079468
9.76210022 471.37319946
9.76229954 471.52560425
9.76299953 471.67800903
9.76360035 471.83041382
9.76389980 471.98278809
9.76430035 472.13519287
9.76449966 472.28759766
9.76620007 472.44000244
9.76930046 472.59240723
9.77359962 472.74481201
9.77939987 472.89718628
9.78439999 473.04959106
9.78649998 473.20199585
9.78890038 473.35440063
9.79080009 473.50680542
9.78999996 473.65921021
9.79109955 473.81161499
9.79160023 473.96398926
9.79230022 474.11639404
9.79269981 474.26879883
9.79300022 474.42120361
9.79380035 474.57360840
9.79339981 474.72601318
9.79399967 474.87838745
9.79430008 475.03079224
9.79459953 475.18319702
9.79469967 475.33560181
9.79339981 475.48800659
9.79419994 475.64041138
9.79529953 475.79278564
9.79650021 475.94519043
9.79759979 476.09759521
9.79689980 476.25000000
9.79640007 476.40240479
9.79489994 476.55480957
9.79109955 476.70721436
9.78999996 476.85958862
9.78979969 477.01199341
9.78849983 477.16439819
9.78890038 477.31680298
9.78789997 477.46920776
9.78750038 477.62161255
9.78730011 477.77398682
9.78649998 477.92639160
9.78689957 478.07879639
9.78719997 478.23120117
9.78730011 478.38360596
9.78859997 478.53601074
9.78969955 478.68838501
9.79119968 478.84078979
9.79310036 478.99319458
9.79549980 479.14559937
9.79650021 479.29800415
9.79810047 479.45040894
9.79979992 479.60281372
9.80130005 479.75518799
9.80360031 479.90759277
9.80370045 480.05999756
9.80399990 480.21240234
9.80379963 480.36480713
9.80270004 480.51721191
9.80270004 480.66958618
9.80189991 480.82199097
9.80189991 480.97439575
9.80169964 481.12680054
9.80179977 481.27920532
9.80160046 481.43161011
9.80179977 481.58401489
9.80130005 481.73638916
9.80039978 481.88879395
9.80060005 482.04119873
9.80119991 482.19360352
9.80130005 482.34600830
9.80309963 482.49841309
9.80550003 482.65078735
9.80490017 482.80319214
9.80500031 482.95559692
9.80449963 483.10800171
9.80430031 483.26040649
9.80589962 483.41281128
9.80900002 483.56518555
9.81029987 483.71759033
9.81439972 483.86999512
9.81630039 484.02239990
9.81869984 484.17480469
9.82079983 484.32720947
9.82390022 484.47961426
9.82429981 484.63198853
9.82219982 484.78439331
9.82120037 484.93679810
9.82050037 485.08920288
9.82079983 485.24160767
9.82310009 485.39401245
9.82489967 485.54638672
9.82680035 485.69879150
9.82859993 485.85119629
9.82940006 486.00360107
9.83020020 486.15600586
9.83180046 486.30841064
9.83080006 486.46078491
9.83139992 486.61318970
9.83100033 486.76559448
9.83150005 486.91799927
9.83279991 487.07040405
9.83489990 487.22280884
9.83629990 487.37521362
9.83780003 487.52758789
9.83730030 487.67999268
9.83710003 487.83239746
9.83660030 487.98480225
9.83749962 488.13720703
9.83769989 488.28961182
9.83769989 488.44198608
9.83790016 488.59439087
9.83749962 488.74679565
9.83720016 488.89920044
9.83740044 489.05160522
9.83829975 489.20401001
9.83979988 489.35641479
9.84220028 489.50878906
9.84340000 489.66119385
9.84500027 489.81359863
9.84739971 489.96600342
9.84920025 490.11840820
9.85099983 490.27081299
9.85369968 490.42318726
9.85369968 490.57559204
9.85169983 490.72799683
9.84990025 490.88040161
9.85099983 491.03280640
9.86209965 491.18521118
9.88869953 491.33758545
9.91119957 491.48999023
9.94050026 491.64239502
9.96650028 491.79479980
9.98169994 491.94720459
9.99100018 492.09960938
9.99199963 492.25201416
9.98779964 492.40438843
9.98600006 492.55679321
9.98229980 492.70919800
9.97599983 492.86160278
9.97109985 493.01400757
9.96290016 493.16641235
9.95339966 493.31878662
9.94929981 493.47119141
9.94470024 493.62359619
9.93999958 493.77600098
9.93999958 493.92840576
9.94050026 494.08081055
9.94270039 494.23318481
9.94359970 494.38558960
9.94340038 494.53799438
9.94069958 494.69039917
9.93319988 494.84280396
9.92230034 494.99520874
9.90620041 495.14761353
9.88189983 495.29998779
9.83819962 495.45239258
9.81669998 495.60479736
9.81529999 495.75720215
9.82320023 495.90960693
9.83889961 496.06201172
9.84379959 496.21438599
9.84799957 496.36679077
9.85070038 496.51919556
9.84440041 496.67160034
9.84020042 496.82400513
9.82960033 496.97640991
9.81820011 497.12881470
9.83819962 497.28118896
9.84459972 497.43359375
9.84669971 497.58599854
9.85039997 497.73840332
9.84930038 497.89080811
9.84609985 498.04321289
9.84549999 498.19558716
9.84440041 498.34799194
9.84500027 498.50039673
9.84420013 498.65280151
9.84270000 498.80520630
9.83969975 498.95761108
9.83370018 499.10998535
9.82499981 499.26239014
9.81449986 499.41479492
9.80519962 499.56719971
9.79039955 499.71960449
9.77869987 499.87200928
9.77050018 500.02441406
9.76959991 500.17678833
9.77060032 500.32919312
9.77210045 500.48159790
9.77309990 500.63400269
9.77280045 500.78640747
9.77330017 500.93881226
9.77190018 501.09118652
9.77099991 501.24359131
9.77099991 501.39599609
9.77000046 501.54840088
9.76990032 501.70080566
9.77029991 501.85321045
9.77029991 502.00561523
9.77149963 502.15798950
9.77289963 502.31039429
9.77369976 502.46279907
9.77530003 502.61520386
9.77620029 502.76760864
9.77569962 502.92001343
9.77620029 503.07238770
9.77530003 503.22479248
9.77540016 503.37719727
9.77670002 503.52960205
9.77740002 503.68200684
9.77859974 503.83441162
9.77890015 503.98678589
9.77989960 504.13919067
9.78129959 504.29159546
9.78320026 504.44400024
9.78549957 504.59640503
9.78789997 504.74880981
9.79109955 504.90121460
9.79489994 505.05358887
9.79850006 505.20599365
9.80070019 505.35839844
9.80259991 505.51080322
9.80189991 505.66320801
9.80130005 505.81561279
9.80060005 505.96798706
9.79909992 506.12039185
9.79800034 506.27279663
9.79730034 506.42520142
9.79640007 506.57760620
9.79629993 506.73001099
9.79699993 506.88238525
9.79720020 507.03479004
9.79829979 507.18719482
9.79920006 507.33959961
9.80169964 507.49200439
9.80329990 507.64440918
9.80519962 507.79681396
9.80650043 507.94918823
9.80749989 508.10159302
9.80809975 508.25399780
9.80650043 508.40640259
9.80589962 508.55880737
9.80589962 508.71121216
9.80550003 508.86358643
9.80560017 509.01599121
9.80640030 509.16839600
9.80720043 509.32080078
9.80809975 509.47320557
9.80920029 509.62561035
9.81009960 509.77801514
9.81019974 509.93038940
9.81060028 510.08279419
9.81079960 510.23519897
9.81190014 510.38760376
9.81439972 510.54000854
9.81630039 510.69241333
9.81919956 510.84478760
9.82139969 510.99719238
9.82260036 511.14959717
9.82439995 511.30200195
9.82509995 511.45440674
9.82509995 511.60681152
9.82549953 511.75918579
9.82600021 511.91159058
9.82670021 512.06402588
9.82810020 512.21636963
9.82900047 512.36877441
9.82900047 512.52117920
9.82900047 512.67358398
9.82909966 512.82598877
9.82900047 512.97839355
9.82919979 513.13079834
9.82929993 513.28320312
9.82929993 513.43560791
9.82970047 513.58801270
9.83040047 513.74041748
9.83100033 513.89282227
9.83209991 514.04522705
9.83279991 514.19757080
9.83399963 514.34997559
9.83510017 514.50238037
9.83590031 514.65478516
9.83640003 514.80718994
9.83679962 514.95959473
9.83660030 515.11199951
9.83699989 515.26440430
9.83619976 515.41680908
9.83699989 515.56921387
9.83790016 515.72161865
9.84300041 515.87402344
9.86320019 516.02642822
9.88799953 516.17877197
9.92329979 516.33117676
9.95250034 516.48358154
9.98019981 516.63598633
9.99460030 516.78839111
10.00220013 516.94079590
10.00329971 517.09320068
9.99699974 517.24560547
9.99069977 517.39801025
9.98499966 517.55041504
9.97990036 517.70281982
9.97570038 517.85522461
9.97340012 518.00762939
9.97179985 518.15997314
9.96860027 518.31237793
9.96370029 518.46478271
9.95650005 518.61718750
9.94690037 518.76959229
9.93820000 518.92199707
9.93120003 519.07440186
9.92160034 519.22680664
9.91199970 519.37921143
9.90390015 519.53161621
9.89760017 519.68402100
9.89070034 519.83642578
9.88819981 519.98876953
9.88630009 520.14117432
9.88570023 520.29357910
9.88819981 520.44598389
9.88759995 520.59838867
9.88570023 520.75079346
9.88350010 520.90319824
9.88010025 521.05560303
9.87749958 521.20800781
9.87489986 521.36041260
9.87209988 521.51281738
9.86709976 521.66522217
9.86250019 521.81762695
9.85750008 521.96997070
9.85529995 522.12237549
9.85410023 522.27478027
9.85359955 522.42718506
9.85519981 522.57958984
9.85529995 522.73199463
9.85470009 522.88439941
9.85359955 523.03680420
9.85140038 523.18920898
9.84910011 523.34161377
9.84659958 523.49401855
9.84500027 523.64642334
9.84290028 523.79882812
9.84119987 523.95117188
9.84020042 524.10357666
9.83940029 524.25598145
9.83920002 524.40838623
9.83880043 524.56079102
9.83819962 524.71319580
9.83749962 524.86560059
9.83580017 525.01800537
9.83489990 525.17041016
9.83349991 525.32281494
9.83419991 525.47521973
9.83619976 525.62762451
9.83920002 525.78002930
9.83059978 525.93237305
9.81079960 526.08477783
9.79599953 526.23718262
9.78940010 526.38958740
9.80930042 526.54199219
9.86139965 526.69439697
9.89449978 526.84680176
9.92140007 526.99920654
9.93809986 527.15161133
9.93869972 527.30401611
9.91909981 527.45642090
9.89420033 527.60882568
9.86859989 527.76123047
9.84689999 527.91357422
9.83549976 528.06597900
9.82219982 528.21838379
9.79129982 528.37078857
9.77200031 528.52319336
9.73729992 528.67559814
9.71479988 528.82800293
9.70689964 528.98040771
9.70619965 529.13281250
9.70510006 529.28521729
9.70429993 529.43762207
9.70310020 529.59002686
9.70269966 529.74237061
9.70240021 529.89477539
9.70259953 530.04718018
9.70279980 530.19958496
9.70310020 530.35198975
9.70359993 530.50439453
9.70380020 530.65679932
9.70429993 530.80920410
9.70499992 530.96160889
9.70619965 531.11401367
9.70709991 531.26641846
9.70909977 531.41882324
9.71059990 531.57122803
9.71179962 531.72357178
9.71240044 531.87597656
9.71230030 532.02838135
9.71179962 532.18078613
9.71090031 532.33319092
9.71030045 532.48559570
9.71020031 532.63800049
9.71030045 532.79040527
9.70969963 532.94281006
9.70909977 533.09521484
9.70930004 533.24761963
9.70940018 533.40002441
9.70969963 533.55242920
9.71030045 533.70477295
9.71080017 533.85717773
9.71259975 534.00958252
9.71339989 534.16198730
9.71440029 534.31439209
9.71510029 534.46679688
9.71630001 534.61920166
9.71840000 534.77160645
9.72060013 534.92401123
9.72329998 535.07641602
9.72500038 535.22882080
9.72589970 535.38122559
9.72669983 535.53363037
9.72719955 535.68597412
9.72729969 535.83837891
9.72780037 535.99078369
9.72850037 536.14318848
9.72859955 536.29559326
9.72830009 536.44799805
9.72809982 536.60040283
9.72669983 536.75280762
9.72539997 536.90521240
9.72469997 537.05761719
9.72399998 537.21002197
9.72340012 537.36242676
9.72369957 537.51477051
9.72379971 537.66717529
9.72469997 537.81958008
9.72560024 537.97198486
9.72509956 538.12438965
9.72550011 538.27679443
9.72469997 538.42919922
9.72449970 538.58160400
9.72420025 538.73400879
9.72360039 538.88641357
9.72410011 539.03881836
9.72840023 539.19122314
9.73279953 539.34362793
9.74209976 539.49597168
9.75660038 539.64837646
9.78240013 539.80078125
9.80570030 539.95318604
9.82820034 540.10559082
9.85340023 540.25799561
9.87699986 540.41040039
9.88749981 540.56280518
9.89780045 540.71520996
9.90620041 540.86761475
9.91390038 541.02001953
9.91600037 541.17242432
9.91730022 541.32482910
9.91730022 541.47717285
9.91479969 541.62957764
9.91100025 541.78198242
9.90670013 541.93438721
9.90369987 542.08679199
9.90149975 542.23919678
9.89920044 542.39160156
9.89659977 542.54400635
9.89190006 542.69641113
9.88710022 542.84881592
9.88259983 543.00122070
9.87679958 543.15362549
9.87279987 543.30603027
9.86789989 543.45837402
9.86330032 543.61077881
9.85970020 543.76318359
9.85579967 543.91558838
9.85149956 544.06799316
9.84759998 544.22039795
9.84420013 544.37280273
9.84210014 544.52520752
9.83959961 544.67761230
9.83660030 544.83001709
9.83419991 544.98242188
9.83199978 545.13482666
9.83180046 545.28717041
9.83250046 545.43957520
9.83220005 545.59197998
9.83209991 545.74438477
9.82999992 545.89678955
9.82699966 546.04919434
9.82450008 546.20159912
9.82139969 546.35400391
9.81900024 546.50640869
9.81840038 546.65881348
9.81859970 546.81121826
9.82089996 546.96362305
9.82310009 547.11602783
9.82540035 547.26837158
9.82800007 547.42077637
9.83180046 547.57318115
9.83450031 547.72558594
9.83790016 547.87799072
9.84140015 548.03039551
9.84449959 548.18280029
9.84739971 548.33520508
9.84990025 548.48760986
9.85319996 548.64001465
9.85470009 548.79241943
9.85709953 548.94482422
9.85939980 549.09722900
9.86040020 549.24957275
9.86209965 549.40197754
9.86229992 549.55438232
9.86229992 549.70678711
9.86320019 549.85919189
9.86359978 550.01159668
9.86390018 550.16400146
9.86460018 550.31640625
9.86470032 550.46881104
9.86439991 550.62121582
9.86480045 550.77362061
9.86480045 550.92602539
9.86470032 551.07843018
9.86489964 551.23077393
9.86559963 551.38317871
9.86509991 551.53558350
9.86590004 551.68798828
9.86550045 551.84039307
9.86569977 551.99279785
9.86530018 552.14520264
9.86489964 552.29760742
9.86450005 552.45001221
9.86480045 552.60241699
9.86540031 552.75482178
9.86649990 552.90722656
9.86709976 553.05957031
9.86760044 553.21197510
9.86569977 553.36437988
9.86279964 553.51678467
9.85879993 553.66918945
9.85229969 553.82159424
9.84860039 553.97399902
9.84570026 554.12640381
9.84370041 554.27880859
9.84060001 554.43121338
9.83800030 554.58361816
9.83450031 554.73602295
9.83180046 554.88842773
9.82880020 555.04077148
9.82619953 555.19317627
9.84119987 555.34558105
9.86120033 555.49798584
9.87609959 555.65039062
9.89369965 555.80279541
9.91950035 555.95520020
9.93869972 556.10760498
9.95419979 556.26000977
9.97179985 556.41241455
9.95680046 556.56481934
9.93369961 556.71722412
9.88249969 556.86962891
9.81340027 557.02197266
9.76980019 557.17437744
9.71150017 557.32678223
9.69769955 557.47918701
9.69649982 557.63159180
9.69579983 557.78399658
9.69429970 557.93640137
9.69279957 558.08880615
9.69120026 558.24121094
9.69009972 558.39361572
9.68900013 558.54602051
9.68889999 558.69842529
9.68879986 558.85083008
9.68850040 559.00317383
9.68879986 559.15557861
9.68879986 559.30798340
9.68949986 559.46038818
9.68990040 559.61279297
9.68920040 559.76519775
9.68910027 559.91760254
9.68879986 560.07000732
9.68820000 560.22241211
9.69060040 560.37481689
9.69180012 560.52722168
9.69429970 560.67962646
9.69589996 560.83197021
9.69670010 560.98437500
9.69789982 561.13677979
9.69830036 561.28918457
9.69810009 561.44158936
9.69830036 561.59399414
9.69999981 561.74639893
9.70090008 561.89880371
9.70189953 562.05120850
9.70339966 562.20361328
9.70440006 562.35601807
9.70489979 562.50842285
9.70520020 562.66082764
9.70650005 562.81317139
9.70680046 562.96557617
9.70810032 563.11798096
9.71000004 563.27038574
9.71090031 563.42279053
9.71280003 563.57519531
9.71350002 563.72760010
9.71440029 563.88000488
9.71529961 564.03240967
9.71539974 564.18481445
9.71640015 564.33721924
9.71660042 564.48962402
9.71669960 564.64202881
9.71730042 564.79437256
9.71730042 564.94677734
9.71790028 565.09918213
9.71969986 565.25158691
9.72130013 565.40399170
9.72210026 565.55639648
9.72420025 565.70880127
9.72449970 565.86120605
9.72519970 566.01361084
9.72579956 566.16601562
9.72669983 566.31842041
9.72819996 566.47082520
9.72900009 566.62322998
9.73019981 566.77557373
9.73219967 566.92797852
9.73480034 567.08038330
9.73770046 567.23278809
9.73970032 567.38519287
9.74219990 567.53759766
9.74390030 567.69000244
9.74400043 567.84240723
9.74390030 567.99481201
9.74300003 568.14721680
9.74260044 568.29962158
9.74279976 568.45202637
9.74260044 568.60437012
9.74050045 568.75677490
9.73980045 568.90917969
9.74170017 569.06158447
9.74810028 569.21398926
9.76270008 569.36639404
9.78129959 569.51879883
9.80249977 569.67120361
9.82579994 569.82360840
9.84080029 569.97601318
9.85140038 570.12841797
9.85869980 570.28082275
9.85960007 570.43322754
9.86089993 570.58557129
9.86209965 570.73797607
9.86229992 570.89038086
9.86219978 571.04278564
9.86209965 571.19519043
9.86250019 571.34759521
9.86270046 571.50000000
9.86219978 571.65240479
9.86050034 571.80480957
9.85830021 571.95721436
9.85470009 572.10961914
9.85149956 572.26202393
9.84879971 572.41442871
9.84480000 572.56677246
9.84210014 572.71917725
9.83720016 572.87158203
9.83399963 573.02398682
9.83139992 573.17639160
9.82689953 573.32879639
9.82380009 573.48120117
9.82209969 573.63360596
9.81910038 573.78601074
9.81809998 573.93841553
9.81779957 574.09082031
9.81750011 574.24322510
9.81700039 574.39562988
9.81659985 574.54797363
9.81659985 574.70037842
9.81820011 574.85278320
9.81879997 575.00518799
9.81830025 575.15759277
9.81569958 575.30999756
9.81169987 575.46240234
9.80850029 575.61480713
9.80430031 575.76721191
9.80000019 575.91961670
9.79689980 576.07202148
9.79300022 576.22442627
9.79139996 576.37677002
9.79189968 576.52917480
9.79360008 576.68157959
9.79559994 576.83398438
9.79749966 576.98638916
9.79780006 577.13879395
9.79829979 577.29119873
9.79909992 577.44360352
9.80000019 577.59600830
9.80210018 577.74841309
9.80300045 577.90081787
9.80440044 578.05322266
9.80399990 578.20562744
9.80490017 578.35797119
9.80819988 578.51037598
9.81079960 578.66278076
9.81369972 578.81518555
9.81499958 578.96759033
9.81499958 579.11999512
9.81529999 579.27239990
9.81569958 579.42480469
9.81690025 579.57720947
9.81939983 579.72961426
9.82209969 579.88201904
9.82499981 580.03442383
9.82810020 580.18682861
9.83010006 580.33917236
9.83220005 580.49157715
9.83259964 580.64398193
9.83279991 580.79638672
9.83279991 580.94879150
9.83170033 581.10119629
9.83220005 581.25360107
9.83329964 581.40600586
9.83450031 581.55841064
9.83609962 581.71081543
9.83759975 581.86322021
9.83889961 582.01562500
9.84099960 582.16802979
9.84370041 582.32037354
9.84529972 582.47277832
9.84850025 582.62518311
9.84879971 582.77758789
9.84720039 582.92999268
9.84710026 583.08239746
9.84759998 583.23480225
9.84879971 583.38720703
9.84619999 583.53961182
9.85099983 583.69201660
9.87300014 583.84442139
9.87989998 583.99682617
9.87590027 584.14916992
9.87979984 584.30157471
9.87339973 584.45397949
9.86499977 584.60638428
9.85499954 584.75878906
9.82429981 584.91119385
9.80980015 585.06359863
9.78759956 585.21600342
9.75279999 585.36840820
9.73490047 585.52081299
9.70339966 585.67321777
9.67150021 585.82562256
9.65180016 585.97802734
9.63889980 586.13037109
9.63700008 586.28277588
9.63860035 586.43518066
9.63959980 586.58758545
9.64060020 586.73999023
9.64060020 586.89239502
9.64080048 587.04479980
9.64109993 587.19720459
9.63780022 587.34960938
9.63710022 587.50201416
9.63570023 587.65441895
9.63420010 587.80682373
9.63449955 587.95922852
9.63379955 588.11157227
9.63389969 588.26397705
9.63479996 588.41638184
9.63529968 588.56878662
9.63739967 588.72119141
9.63860035 588.87359619
9.64029980 589.02600098
9.64130020 589.17840576
9.64210033 589.33081055
9.64420033 589.48321533
9.64490032 589.63562012
9.64490032 589.78802490
9.64449978 589.94042969
9.64389992 590.09277344
9.64519978 590.24517822
9.64719963 590.39758301
9.65030003 590.54998779
9.65299988 590.70239258
9.65369987 590.85479736
9.65270042 591.00720215
9.65180016 591.15960693
9.65040016 591.31201172
9.64980030 591.46441650
9.65139961 591.61682129
9.65310001 591.76922607
9.65559959 591.92156982
9.65660000 592.07397461
9.65719986 592.22637939
9.65760040 592.37878418
9.65690041 592.53118896
9.65559959 592.68359375
9.65349960 592.83599854
9.65069962 592.98840332
9.64890003 593.14080811
9.64799976 593.29321289
9.64760017 593.44561768
9.64659977 593.59802246
9.65719986 593.75042725
9.67249966 593.90277100
9.68669987 594.05517578
9.70989990 594.20758057
9.72809982 594.35998535
9.74629974 594.51239014
9.76119995 594.66479492
9.76910019 594.81719971
9.77670002 594.96960449
9.78419971 595.12200928
9.79150009 595.27441406
9.79520035 595.42681885
9.79539967 595.57922363
9.79380035 595.73162842
9.79100037 595.88397217
9.78950024 596.03637695
9.79049969 596.18878174
9.79039955 596.34118652
9.78849983 596.49359131
9.78610039 596.64599609
9.78230000 596.79840088
9.77970028 596.95080566
9.77750015 597.10321045
9.77680016 597.25561523
9.77610016 597.40802002
9.77670002 597.56042480
9.77649975 597.71282959
9.77490044 597.86517334
9.77490044 598.01757812
9.77369976 598.16998291
9.77190018 598.32238770
9.76830006 598.47479248
9.76570034 598.62719727
9.76410007 598.77960205
9.76410007 598.93200684
9.76529980 599.08441162
9.76620007 599.23681641
9.76589966 599.38922119
9.76099968 599.54162598
9.75430012 599.69396973
9.74829960 599.84637451
9.74450016 599.99877930
9.74320030 600.15118408
9.74279976 600.30358887
9.74310017 600.45599365
9.74279976 600.60839844
9.74330044 600.76080322
9.74199963 600.91320801
9.74069977 601.06561279
9.74120045 601.21801758
9.74139977 601.37042236
9.74359989 601.52282715
9.74470043 601.67517090
9.74549961 601.82757568
9.74670029 601.97998047
9.74860001 602.13238525
9.75160027 602.28479004
9.75419998 602.43719482
9.75580025 602.58959961
9.75619984 602.74200439
9.75500011 602.89440918
9.75230026 603.04681396
9.75329971 603.19921875
9.75349998 603.35162354
9.75629997 603.50402832
9.75860023 603.65637207
9.75990009 603.80877686
9.76220036 603.96118164
9.76080036 604.11358643
9.75979996 604.26599121
9.75930023 604.41839600
9.75759983 604.57080078
9.75899982 604.72320557
9.76080036 604.87561035
9.76360035 605.02801514
9.76840019 605.18041992
9.77140045 605.33282471
9.77470016 605.48522949
9.77770042 605.63757324
9.78059959 605.78997803
9.78129959 605.94238281
9.78209972 606.09478760
9.78230000 606.24719238
9.78230000 606.39959717
9.78250027 606.55200195
9.78240013 606.70440674
9.78209972 606.85681152
9.78269958 607.00921631
9.78279972 607.16162109
9.78199959 607.31402588
9.78230000 607.46636963
9.78279972 607.61877441
9.78460026 607.77117920
9.78890038 607.92358398
9.79039955 608.07598877
9.79249954 608.22839355
9.79349995 608.38079834
9.79230022 608.53320312
9.79430008 608.68560791
9.79570007 608.83801270
9.79990005 608.99041748
9.80519962 609.14282227
9.80720043 609.29522705
9.81019974 609.44757080
9.81200027 609.59997559
9.81130028 609.75238037
9.81079960 609.90478516
9.80770016 610.05718994
9.80760002 610.20959473
9.80770016 610.36199951
9.80819988 610.51440430
9.81050014 610.66680908
9.81280041 610.81921387
9.82349968 610.97161865
9.85350037 611.12402344
9.85980034 611.27642822
9.86330032 611.42877197
9.86180019 611.58117676
9.85529995 611.73358154
9.84130001 611.88598633
9.82069969 612.03839111
9.79189968 612.19079590
9.77320004 612.34320068
9.76049995 612.49560547
9.74549961 612.64801025
9.72799969 612.80041504
9.70510006 612.95281982
9.67669964 613.10522461
9.61740017 613.25762939
9.61069965 613.40997314
9.61019993 613.56237793
9.61079979 613.71478271
9.61069965 613.86718750
9.61079979 614.01959229
9.61120033 614.17199707
9.61030006 614.32440186
9.60980034 614.47680664
9.60760021 614.62921143
9.60459995 614.78161621
9.60289955 614.93402100
9.60260010 615.08642578
9.60330009 615.23876953
9.60459995 615.39117432
9.60519981 615.54357910
9.60459995 615.69598389
9.60490036 615.84838867
9.60330009 616.00079346
9.60309982 616.15319824
9.60369968 616.30560303
9.60410023 616.45800781
9.60540009 616.61041260
9.60550022 616.76281738
9.60490036 616.91522217
9.60459995 617.06762695
9.60410023 617.21997070
9.60280037 617.37237549
9.60350037 617.52478027
9.60470009 617.67718506
9.60589981 617.82958984
9.60700035 617.98199463
9.60879993 618.13439941
9.61060047 618.28680420
9.61100006 618.43920898
9.61120033 618.59161377
9.61100006 618.74401855
9.60980034 618.89642334
9.60709953 619.04882812
9.60569954 619.20117188
9.60610008 619.35357666
9.60830021 619.50598145
9.61079979 619.65838623
9.61349964 619.81079102
9.61349964 619.96319580
9.61530018 620.11560059
9.61600018 620.26800537
9.61670017 620.42041016
9.61929989 620.57281494
9.62080002 620.72521973
9.62240028 620.87762451
9.62440014 621.03002930
9.62510014 621.18237305
9.62580013 621.33477783
9.62629986 621.48718262
9.62510014 621.63958740
9.62390041 621.79199219
9.62329960 621.94439697
9.62399960 622.09680176
9.63109970 622.24920654
9.65540028 622.40161133
9.67080021 622.55401611
9.69579983 622.70642090
9.71389961 622.85882568
9.72280025 623.01123047
9.73320007 623.16357422
9.74090004 623.31597900
9.74180031 623.46838379
9.74339962 623.62078857
9.74549961 623.77319336
9.74559975 623.92559814
9.74680042 624.07800293
9.74629974 624.23040771
9.74429989 624.38281250
9.74409962 624.53521729
9.74300003 624.68762207
9.74260044 624.84002686
9.74260044 624.99237061
9.74359989 625.14477539
9.74359989 625.29718018
9.74110031 625.44958496
9.73740005 625.60198975
9.73379993 625.75439453
9.72929955 625.90679932
9.72560024 626.05920410
9.72150040 626.21160889
9.71969986 626.36401367
9.71780014 626.51641846
9.71529961 626.66882324
9.71259975 626.82122803
9.71059990 626.97357178
9.70820045 627.12597656
9.70680046 627.27838135
9.70619965 627.43078613
9.70670033 627.58319092
9.70680046 627.73559570
9.70660019 627.88800049
9.70629978 628.04040527
9.70580006 628.19281006
9.70479965 628.34521484
9.70479965 628.49761963
9.70610046 628.65002441
9.70660019 628.80242920
9.70820045 628.95477295
9.70790005 629.10717773
9.70709991 629.25958252
9.70740032 629.41198730
9.70660019 629.56439209
9.70699978 629.71679688
9.70689964 629.86920166
9.70549965 630.02160645
9.70549965 630.17401123
9.70409966 630.32641602
9.70300007 630.47882080
9.70339966 630.63122559
9.70390034 630.78363037
9.70419979 630.93597412
9.70600033 631.08837891
9.70680046 631.24078369
9.70759964 631.39318848
9.70769978 631.54559326
9.70919991 631.69799805
9.70930004 631.85040283
9.70960045 632.00280762
9.70989990 632.15521240
9.70880032 632.30761719
9.70919991 632.46002197
9.70880032 632.61242676
9.70890045 632.76477051
9.71090031 632.91717529
9.71129990 633.06958008
9.71370029 633.22198486
9.71609974 633.37438965
9.71809959 633.52679443
9.71879959 633.67919922
9.71940041 633.83160400
9.71980000 633.98400879
9.71959972 634.13641357
9.71969986 634.28881836
9.71980000 634.44122314
9.72109985 634.59362793
9.72399998 634.74597168
9.72679996 634.89837646
9.72910023 635.05078125
9.73299980 635.20318604
9.73499966 635.35559082
9.73579979 635.50799561
9.73719978 635.66040039
9.73779964 635.81280518
9.73810005 635.96520996
9.73900032 636.11761475
9.73890018 636.27001953
9.73840046 636.42242432
9.73799992 636.57482910
9.73820019 636.72717285
9.73840046 636.87957764
9.73830032 637.03198242
9.73830032 637.18438721
9.73960018 637.33679199
9.73989964 637.48919678
9.74059963 637.64160156
9.74330044 637.79400635
9.74639988 637.94641113
9.74960041 638.09881592
9.75300026 638.25122070
9.75510025 638.40362549
9.75590038 638.55603027
9.75650024 638.70837402
9.75599957 638.86077881
9.75580025 639.01318359
9.75930023 639.16558838
9.75669956 639.31799316
9.76150036 639.47039795
9.76179981 639.62280273
9.76280022 639.77520752
9.76399994 639.92761230
9.76309967 640.08001709
9.76640034 640.23242188
9.79090023 640.38482666
9.81000042 640.53717041
9.82929993 640.68957520
9.84589958 640.84197998
9.85499954 640.99438477
9.85900021 641.14678955
9.84560013 641.29919434
9.81009960 641.45159912
9.76039982 641.60400391
9.66460037 641.75640869
9.65680027 641.90881348
9.65480042 642.06121826
9.65240002 642.21362305
9.64999962 642.36602783
9.64739990 642.51837158
9.64550018 642.67077637
9.64360046 642.82318115
9.64089966 642.97558594
9.63889980 643.12799072
9.63589954 643.28039551
9.63510036 643.43280029
9.63329983 643.58520508
9.63269997 643.73760986
9.63150024 643.89001465
9.62969971 644.04241943
9.62870026 644.19482422
9.62740040 644.34722900
9.62759972 644.49957275
9.62909985 644.65197754
9.62989998 644.80438232
9.63109970 644.95678711
9.63269997 645.10919189
9.63230038 645.26159668
9.63199997 645.41400146
9.63179970 645.56640625
9.63059998 645.71881104
9.63090038 645.87121582
9.63059998 646.02362061
9.63039970 646.17602539
9.63080025 646.32843018
9.63059998 646.48077393
9.63070011 646.63317871
9.63010025 646.78558350
9.63129997 646.93798828
9.63160038 647.09039307
9.63259983 647.24279785
9.63469982 647.39520264
9.63589954 647.54760742
9.63570023 647.70001221
9.63490009 647.85241699
9.63469982 648.00482178
9.63309956 648.15722656
9.63300037 648.30957031
9.63469982 648.46197510
9.63500023 648.61437988
9.63650036 648.76678467
9.63679981 648.91918945
9.63669968 649.07159424
9.63630009 649.22399902
9.63700008 649.37640381
9.63790035 649.52880859
9.63910007 649.68121338
9.64050007 649.83361816
9.64130020 649.98602295
9.64260006 650.13842773
9.64389992 650.29077148
9.64490032 650.44317627
9.64630032 650.59558105
9.64760017 650.74798584
9.64890003 650.90039062
9.64980030 651.05279541
9.65089989 651.20520020
9.65100002 651.35760498
9.65100002 651.51000977
9.65079975 651.66241455
9.65380001 651.81481934
9.66450024 651.96722412
9.68299961 652.11962891
9.70940018 652.27197266
9.74139977 652.42437744
9.77280045 652.57678223
9.78950024 652.72918701
9.80000019 652.88159180
9.79850006 653.03399658
9.79539967 653.18640137
9.79459953 653.33880615
9.79220009 653.49121094
9.79059982 653.64361572
9.78520012 653.79602051
9.77960014 653.94842529
9.77390003 654.10083008
9.76869965 654.25317383
9.76509953 654.40557861
9.76060009 654.55798340
9.75870037 654.71038818
9.75660038 654.86279297
9.75549984 655.01519775
9.75319958 655.16760254
9.75109959 655.32000732
9.74810028 655.47241211
9.74600029 655.62481689
9.74310017 655.77722168
9.74020004 655.92962646
9.73639965 656.08197021
9.73079967 656.23437500
9.72700024 656.38677979
9.72399998 656.53918457
9.72029972 656.69158936
9.71780014 656.84399414
9.71590042 656.99639893
9.71430016 657.14880371
9.71450043 657.30120850
9.71459961 657.45361328
9.71300030 657.60601807
9.71189976 657.75842285
9.71030045 657.91082764
9.70870018 658.06317139
9.70870018 658.21557617
9.70820045 658.36798096
9.70790005 658.52038574
9.70880032 658.67279053
9.71000004 658.82519531
9.71109962 658.97760010
9.71220016 659.13000488
9.71459961 659.28240967
9.71560001 659.43481445
9.71700001 659.58721924
9.71700001 659.73962402
9.71710014 659.89202881
9.71780014 660.04437256
9.71819973 660.19677734
9.71959972 660.34918213
9.72049999 660.50158691
9.72169971 660.65399170
9.72249985 660.80639648
9.72259998 660.95880127
9.72329998 661.11120605
9.72340012 661.26361084
9.72340012 661.41601562
9.72410011 661.56842041
9.72420025 661.72082520
9.72480011 661.87322998
9.72430038 662.02557373
9.72369957 662.17797852
9.72319984 662.33038330
9.72280025 662.48278809
9.72309971 662.63519287
9.72369957 662.78759766
9.72439957 662.94000244
9.72529984 663.09240723
9.72529984 663.24481201
9.72579956 663.39721680
9.72620010 663.54962158
9.72609997 663.70202637
9.72659969 663.85437012
9.72850037 664.00677490
9.72949982 664.15917969
9.73120022 664.31158447
9.73279953 664.46398926
9.73460007 664.61639404
9.73509979 664.76879883
9.73379993 664.92120361
9.73429966 665.07360840
9.73490047 665.22601318
9.73550034 665.37841797
9.73670006 665.53082275
9.73760033 665.68322754
9.73810005 665.83557129
9.73840046 665.98797607
9.73880005 666.14038086
9.73950005 666.29278564
9.74090004 666.44519043
9.74160004 666.59759521
9.74289989 666.75000000
9.74390030 666.90240479
9.74419975 667.05480957
9.74499989 667.20721436
9.74470043 667.35961914
9.74590015 667.51202393
9.74600029 667.66442871
9.74730015 667.81677246
9.74820042 667.96917725
9.74969959 668.12158203
9.75080013 668.27398682
9.75240040 668.42639160
9.76430035 668.57879639
9.79459953 668.73120117
9.81630039 668.88360596
9.82870007 669.03601074
9.83320045 669.18841553
9.83380032 669.34082031
9.82629967 669.49322510
9.81719971 669.64562988
9.80210018 669.79797363
9.77180004 669.95037842
9.74359989 670.10278320
9.71570015 670.25518799
9.68000031 670.40759277
9.63449955 670.55999756
9.62829971 670.71240234
9.62549973 670.86480713
9.62199974 671.01721191
9.61880016 671.16961670
9.61690044 671.32202148
9.61509991 671.47442627
9.61380005 671.62677002
9.61310005 671.77917480
9.61190033 671.93157959
9.61180019 672.08398438
9.61180019 672.23638916
9.61110020 672.38879395
9.61120033 672.54119873
9.61149979 672.69360352
9.61180019 672.84600830
9.61100006 672.99841309
9.61110020 673.15081787
9.61130047 673.30322266
9.61130047 673.45562744
9.61149979 673.60797119
9.61229992 673.76037598
9.61310005 673.91278076
9.61359978 674.06518555
9.61410046 674.21759033
9.61460018 674.36999512
9.61530018 674.52239990
9.61620045 674.67480469
9.61590004 674.82720947
9.61670017 674.97961426
9.61660004 675.13201904
9.61670017 675.28442383
9.61760044 675.43682861
9.61779976 675.58917236
9.61859989 675.74157715
9.62010002 675.89398193
9.62090015 676.04638672
9.62189960 676.19879150
9.62290001 676.35119629
9.62440014 676.50360107
9.62539959 676.65600586
9.62570000 676.80841064
9.62730026 676.96081543
9.62829971 677.11322021
9.62819958 677.26562500
9.63059998 677.41802979
9.63129997 677.57037354
9.63269997 677.72277832
9.63440037 677.87518311
9.63490009 678.02758789
9.63599968 678.17999268
9.63710022 678.33239746
9.63860035 678.48480225
9.63910007 678.63720703
9.64039993 678.78961182
9.64200020 678.94201660
9.64309978 679.09442139
9.64430046 679.24682617
9.64640045 679.39916992
9.64649963 679.55157471
9.64729977 679.70397949
9.64780045 679.85638428
9.64770031 680.00878906
9.64809990 680.16119385
9.64840031 680.31359863
9.64859962 680.46600342
9.64960003 680.61840820
9.65050030 680.77081299
9.65149975 680.92321777
9.65229988 681.07562256
9.65299988 681.22802734
9.65380001 681.38037109
9.65480042 681.53277588
9.65530014 681.68518066
9.65629959 681.83758545
9.65730000 681.98999023
9.65740013 682.14239502
9.65999985 682.29479980
9.65999985 682.44720459
9.66100025 682.59960938
9.66149998 682.75201416
9.66110039 682.90441895
9.66429996 683.05682373
9.67599964 683.20922852
9.69309998 683.36157227
9.71669960 683.51397705
9.73849964 683.66638184
9.75870037 683.81878662
9.78020000 683.97119141
9.78870010 684.12359619
9.78839970 684.27600098
9.78849983 684.42840576
9.78810024 684.58081055
9.78590012 684.73321533
9.78339958 684.88562012
9.78279972 685.03802490
9.78590012 685.19042969
9.79059982 685.34277344
9.79520035 685.49517822
9.79850006 685.64758301
9.79829979 685.79998779
9.79520035 685.95239258
9.78789997 686.10479736
9.77779961 686.25720215
9.76959991 686.40960693
9.75990009 686.56201172
9.75300026 686.71441650
9.74759960 686.86682129
9.74219990 687.01922607
9.73779964 687.17156982
9.73509979 687.32397461
9.73219967 687.47637939
9.73009968 687.62878418
9.72879982 687.78118896
9.72850037 687.93359375
9.72840023 688.08599854
9.73289967 688.23840332
9.73519993 688.39080811
9.73980045 688.54321289
9.74180031 688.69561768
9.74260044 688.84802246
9.74300003 689.00042725
9.74079990 689.15277100
9.73760033 689.30517578
9.73330021 689.45758057
9.72879982 689.60998535
9.72649956 689.76239014
9.72280025 689.91479492
9.72010040 690.06719971
9.71590042 690.21960449
9.71310043 690.37200928
9.71049976 690.52441406
9.70650005 690.67681885
9.70259953 690.82922363
9.69900036 690.98162842
9.69419956 691.13397217
9.69040012 691.28637695
9.68750000 691.43878174
9.68330002 691.59118652
9.68169975 691.74359131
9.68229961 691.89599609
9.68350029 692.04840088
9.68690014 692.20080566
9.68970013 692.35321045
9.69250011 692.50561523
9.69559956 692.65802002
9.69849968 692.81042480
9.70020008 692.96282959
9.70119953 693.11517334
9.70339966 693.26757812
9.70390034 693.41998291
9.70559978 693.57238770
9.70740032 693.72479248
9.70890045 693.87719727
9.71119976 694.02960205
9.71310043 694.18200684
9.71459961 694.33441162
9.71539974 694.48681641
9.71640015 694.63922119
9.71669960 694.79162598
9.71700001 694.94396973
9.71829987 695.09637451
9.71860027 695.24877930
9.71990013 695.40118408
9.72130013 695.55358887
9.72249985 695.70599365
9.72369957 695.85839844
9.72410011 696.01080322
9.72410011 696.16320801
9.72430038 696.31561279
9.72340012 696.46801758
9.72410011 696.62042236
9.72430038 696.77282715
9.72509956 696.92517090
9.72799969 697.07757568
9.73050022 697.22998047
9.73369980 697.38238525
9.74079990 697.53479004
9.76620007 697.68719482
9.78839970 697.83959961
9.81529999 697.99200439
9.83990002 698.14440918
9.85359955 698.29681396
9.85900021 698.44921875
9.83990002 698.60162354
9.81060028 698.75402832
9.77530003 698.90637207
9.72879982 699.05877686
9.70470047 699.21118164
9.68400002 699.36358643
9.67860031 699.51599121
9.67809963 699.66839600
9.67689991 699.82080078
9.67650032 699.97320557
9.67599964 700.12561035
9.67490005 700.27801514
9.67430019 700.43041992
9.67339993 700.58282471
9.67339993 700.73522949
9.67350006 700.88757324
9.67399979 701.03997803
9.67500019 701.19238281
9.67609978 701.34478760
9.67679977 701.49719238
9.67710018 701.64959717
9.67739964 701.80200195
9.67700005 701.95440674
9.67700005 702.10681152
9.67669964 702.25921631
9.67669964 702.41162109
9.67679977 702.56402588
9.67730045 702.71636963
9.67770004 702.86877441
9.67780018 703.02117920
9.67780018 703.17358398
9.67739964 703.32598877
9.67730045 703.47839355
9.67700005 703.63079834
9.67700005 703.78320312
9.67660046 703.93560791
9.67630005 704.08801270
9.67640018 704.24041748
9.67570019 704.39282227
9.67619991 704.54522705
9.67630005 704.69757080
9.67619991 704.84997559
9.67679977 705.00238037
9.67679977 705.15478516
9.67669964 705.30718994
9.67700005 705.45959473
9.67660046 705.61199951
9.67660046 705.76440430
9.67660046 705.91680908
9.67679977 706.06921387
9.67749977 706.22161865
9.67800045 706.37402344
9.67889977 706.52642822
9.67910004 706.67877197
9.67969990 706.83117676
9.68010044 706.98358154
9.68089962 707.13598633
9.68159962 707.28839111
9.68430042 707.44079590
9.68850040 707.59320068
9.69849968 707.74560547
9.71310043 707.89801025
9.73369980 708.05041504
9.76640034 708.20281982
9.79469967 708.35522461
9.80340004 708.50762939
9.80669975 708.65997314
9.80560017 708.81237793
9.79810047 708.96478271
9.78950024 709.11718750
9.77970028 709.26959229
9.77130032 709.42199707
9.76309967 709.57440186
9.75629997 709.72680664
9.75310040 709.87921143
9.75070000 710.03161621
9.75039959 710.18402100
9.74639988 710.33642578
9.74429989 710.48876953
9.74349976 710.64117432
9.74300003 710.79357910
9.74260044 710.94598389
9.74190044 711.09838867
9.74110031 711.25079346
9.73760033 711.40319824
9.73270035 711.55560303
9.72620010 711.70800781
9.71800041 711.86041260
9.71240044 712.01281738
9.70730019 712.16522217
9.70440006 712.31762695
9.70279980 712.46997070
9.70250034 712.62237549
9.70279980 712.77478027
9.70279980 712.92718506
9.70279980 713.07958984
9.70110035 713.23199463
9.69880009 713.38439941
9.69559956 713.53680420
9.69309998 713.68920898
9.69110012 713.84161377
9.68920040 713.99401855
9.68780041 714.14642334
9.68630028 714.29882812
9.68500042 714.45117188
9.68430042 714.60357666
9.68420029 714.75598145
9.68360043 714.90838623
9.68319988 715.06079102
9.68229961 715.21319580
9.68070030 715.36560059
9.67920017 715.51800537
9.67819977 715.67041016
9.67730045 715.82281494
9.67749977 715.97521973
9.67800045 716.12762451
9.67829990 716.28002930
9.67930031 716.43237305
9.67910004 716.58477783
9.67899990 716.73718262
9.67879963 716.88958740
9.67840004 717.04199219
9.67910004 717.19439697
9.67949963 717.34680176
9.68019962 717.49920654
9.68080044 717.65161133
9.68130016 717.80401611
9.68120003 717.95642090
9.68179989 718.10882568
9.68150043 718.26123047
9.68089962 718.41357422
9.68060017 718.56597900
9.67990017 718.71838379
9.67969990 718.87078857
9.67959976 719.02319336
9.68039989 719.17559814
9.68120003 719.32800293
9.68159962 719.48040771
9.68299961 719.63281250
9.68389988 719.78521729
9.68459988 719.93762207
9.68529987 720.09002686
9.68630028 720.24237061
9.68640041 720.39477539
9.68680000 720.54718018
9.68770027 720.69958496
9.68760014 720.85198975
9.68820000 721.00439453
9.68879986 721.15679932
9.68910027 721.30920410
9.68929958 721.46160889
9.68949986 721.61401367
9.68970013 721.76641846
9.69019985 721.91882324
9.69089985 722.07122803
9.69130039 722.22357178
9.68360043 722.37597656
9.67570019 722.52838135
9.66829967 722.68078613
9.66100025 722.83319092
9.66079998 722.98559570
9.66079998 723.13800049
9.65929985 723.29040527
9.64900017 723.44281006
9.61180019 723.59521484
9.55539989 723.74761963
9.56320000 723.90002441
9.59440041 724.05242920
9.61859989 724.20477295
9.63479996 724.35717773
9.64239979 724.50958252
9.65460014 724.66198730
9.64739990 724.81439209
9.64340019 724.96679688
9.64480019 725.11920166
9.65429974 725.27160645
9.67459965 725.42401123
9.68680000 725.57641602
9.69579983 725.72882080
9.70810032 725.88122559
9.73149967 726.03363037
9.75879955 726.18597412
9.77350044 726.33837891
9.77929974 726.49078369
9.77810001 726.64318848
9.77630043 726.79559326
9.77000046 726.94799805
9.75800037 727.10040283
9.74699974 727.25280762
9.72710037 727.40521240
9.70090008 727.55761719
9.68039989 727.71002197
9.63980007 727.86242676
9.62349987 728.01477051
9.62209988 728.16717529
9.62279987 728.31958008
9.62409973 728.47198486
9.62329960 728.62438965
9.62899971 728.77679443
9.63370037 728.92919922
9.64150047 729.08160400
9.64519978 729.23400879
9.64649963 729.38641357
9.64249992 729.53881836
9.64270020 729.69122314
9.63819981 729.84362793
9.63609982 729.99597168
9.63939953 730.14837646
9.63790035 730.30078125
9.64029980 730.45318604
9.63710022 730.60559082
9.63619995 730.75799561
9.64089966 730.91040039
9.63980007 731.06280518
9.64169979 731.21520996
9.64420033 731.36761475
9.64560032 731.52001953
9.64789963 731.67242432
9.64840031 731.82482910
9.64869976 731.97717285
9.64850044 732.12957764
9.64529991 732.28198242
9.64449978 732.43438721
9.64200020 732.58679199
9.64260006 732.73919678
9.64470005 732.89160156
9.64750004 733.04400635
9.64719963 733.19641113
9.64750004 733.34881592
9.64579964 733.50122070
9.64770031 733.65362549
9.64649963 733.80603027
9.65019989 733.95837402
9.65120029 734.11077881
9.65289974 734.26318359
9.65289974 734.41558838
9.65340042 734.56799316
9.65410042 734.72039795
9.65569973 734.87280273
9.65380001 735.02520752
9.65380001 735.17761230
9.65429974 735.33001709
9.65590000 735.48242188
9.65849972 735.63482666
9.65979958 735.78717041
9.66320038 735.93957520
9.65839958 736.09197998
9.65999985 736.24438477
9.65719986 736.39678955
9.65839958 736.54919434
9.66289997 736.70159912
9.66889954 736.85400391
9.67940044 737.00640869
9.69859982 737.15881348
9.70930004 737.31121826
9.72270012 737.46362305
9.72089958 737.61602783
9.72070026 737.76837158
9.71720028 737.92077637
9.70419979 738.07318115
9.68770027 738.22558594
9.68060017 738.37799072
9.67210007 738.53039551
9.66950035 738.68280029
9.67230034 738.83520508
9.67599964 738.98760986
9.68659973 739.14001465
9.70639992 739.29241943
9.73309994 739.44482422
9.76959991 739.59722900
9.80970001 739.74957275
9.82600021 739.90197754
9.83629990 740.05438232
9.84010029 740.20678711
9.84259987 740.35919189
9.83720016 740.51159668
9.82979965 740.66400146
9.82540035 740.81640625
9.81820011 740.96881104
9.81029987 741.12121582
9.80270004 741.27362061
9.79469967 741.42602539
9.78950024 741.57843018
9.78429985 741.73077393
9.77890015 741.88317871
9.77420044 742.03558350
9.76669979 742.18798828
9.76179981 742.34039307
9.75899982 742.49279785
9.75739956 742.64520264
9.75829983 742.79760742
9.75860023 742.95001221
9.76000023 743.10241699
9.76080036 743.25482178
9.76249981 743.40722656
9.76130009 743.55957031
9.76280022 743.71197510
9.76270008 743.86437988
9.76319981 744.01678467
9.76309967 744.16918945
9.76150036 744.32159424
9.75930023 744.47399902
9.75599957 744.62640381
9.75249958 744.77880859
9.74930000 744.93121338
9.74699974 745.08361816
9.74339962 745.23602295
9.73859978 745.38842773
9.73169994 745.54077148
9.72360039 745.69317627
9.71609974 745.84558105
9.71179962 745.99798584
9.70610046 746.15039062
9.70419979 746.30279541
9.70380020 746.45520020
9.70499992 746.60760498
9.70699978 746.76000977
9.71100044 746.91241455
9.71570015 747.06481934
9.72280025 747.21722412
9.73149967 747.36962891
9.73659992 747.52197266
9.73400021 747.67437744
9.73159981 747.82678223
9.72439957 747.97918701
9.72200012 748.13159180
9.71560001 748.28399658
9.71199989 748.43640137
9.71189976 748.58880615
9.70940018 748.74121094
9.71170044 748.89361572
9.71319962 749.04602051
9.71490002 749.19842529
9.71539974 749.35083008
9.71730042 749.50317383
9.71660042 749.65557861
9.71930027 749.80798340
9.72249985 749.96038818
9.72719955 750.11279297
9.73840046 750.26519775
9.74269962 750.41760254
9.74769974 750.57000732
9.75310040 750.72241211
9.74940014 750.87481689
9.74930000 751.02722168
9.74820042 751.17962646
9.74250031 751.33197021
9.73970032 751.48437500
9.73340034 751.63677979
9.72999954 751.78918457
9.72309971 751.94158936
9.71829987 752.09399414
9.69999981 752.24639893
9.67420006 752.39880371
9.67619991 752.55120850
9.68379974 752.70361328
9.69890022 752.85601807
9.71160030 753.00842285
9.71809959 753.16082764
9.73460007 753.31317139
9.72819996 753.46557617
9.72410011 753.61798096
9.71949959 753.77038574
9.72179985 753.92279053
9.73320007 754.07519531
9.73509979 754.22760010
9.73040009 754.38000488
9.74639988 754.53240967
9.76910019 754.68481445
9.79829979 754.83721924
9.82699966 754.98962402
9.85070038 755.14202881
9.87469959 755.29437256
9.89389992 755.44677734
9.90390015 755.59918213
9.90709972 755.75158691
9.89890003 755.90399170
9.88049984 756.05639648
9.84640026 756.20880127
9.80070019 756.36120605
9.73099995 756.51361084
9.70209980 756.66601562
9.70069981 756.81842041
9.69919968 756.97082520
9.69769955 757.12322998
9.69600010 757.27557373
9.69460011 757.42797852
9.69929981 757.58038330
9.73770046 757.73278809
9.74950027 757.88519287
9.75990009 758.03759766
9.76179981 758.19000244
9.75300026 758.34240723
9.74450016 758.49481201
9.71269989 758.64721680
9.70590019 758.79962158
9.70769978 758.95202637
9.71179962 759.10437012
9.72210026 759.25677490
9.72980022 759.40917969
9.73540020 759.56158447
9.73309994 759.71398926
9.72770023 759.86639404
9.72049999 760.01879883
9.71570015 760.17120361
9.70880032 760.32360840
9.70810032 760.47601318
9.70740032 760.62841797
9.70600033 760.78082275
9.70610046 760.93322754
9.70530033 761.08557129
9.70300007 761.23797607
9.69989967 761.39038086
9.69519997 761.54278564
9.69519997 761.69519043
9.69489956 761.84759521
9.69540024 762.00000000
9.69680023 762.15240479
9.69769955 762.30480957
9.69810009 762.45721436
9.69810009 762.60961914
9.69719982 762.76202393
9.69769955 762.91442871
9.69760036 763.06677246
9.69820023 763.21917725
9.69919968 763.37158203
9.70090008 763.52398682
9.70289993 763.67639160
9.70460033 763.82879639
9.70559978 763.98120117
9.70670033 764.13360596
9.70740032 764.28601074
9.70849991 764.43841553
9.70940018 764.59082031
9.71070004 764.74322510
9.71199989 764.89562988
9.71450043 765.04797363
9.71749973 765.20037842
9.72039986 765.35278320
9.72509956 765.50518799
9.72879982 765.65759277
9.73349953 765.80999756
9.73639965 765.96240234
9.74009991 766.11480713
9.74400043 766.26721191
9.74870014 766.41961670
9.75279999 766.57202148
9.75599957 766.72442627
9.75879955 766.87677002
9.76439953 767.02917480
9.77420044 767.18157959
9.78320026 767.33398438
9.79259968 767.48638916
9.79720020 767.63879395
9.79679966 767.79119873
9.79179955 767.94360352
9.78240013 768.09600830
9.77330017 768.24841309
9.76790047 768.40081787
9.76430035 768.55322266
9.76019955 768.70562744
9.75469971 768.85797119
9.74800014 769.01037598
9.73989964 769.16278076
9.73460007 769.31518555
9.73159981 769.46759033
9.73130035 769.61999512
9.73149967 769.77239990
9.73130035 769.92480469
9.73219967 770.07720947
9.73159981 770.22961426
9.73149967 770.38201904
9.73820019 770.53442383
9.74860001 770.68682861
9.76369953 770.83917236
9.78030014 770.99157715
9.79759979 771.14398193
9.81610012 771.29638672
9.83520031 771.44879150
9.86100006 771.60119629
9.88549995 771.75360107
9.92269993 771.90600586
9.96609974 772.05841064
10.03310013 772.21081543
10.08959961 772.36322021
10.12679958 772.51562500
10.15799999 772.66802979
10.17010021 772.82037354
10.16079998 772.97277832
10.15050030 773.12518311
10.11880016 773.27758789
10.08450031 773.42999268
10.05210018 773.58239746
10.01710033 773.73480225
9.97739983 773.88720703
9.96430016 774.03961182
9.93099976 774.19201660
9.90839958 774.34442139
9.89869976 774.49682617
9.89509964 774.64916992
9.89089966 774.80157471
9.88889980 774.95397949
9.88869953 775.10638428
9.88710022 775.25878906
9.88519955 775.41119385
9.87810040 775.56359863
9.87090015 775.71600342
9.86349964 775.86840820
9.85420036 776.02081299
9.84710026 776.17321777
9.83730030 776.32562256
9.82709980 776.47802734
9.81980038 776.63037109
9.81309986 776.78277588
9.80770016 776.93518066
9.80550003 777.08758545
9.80340004 777.23999023
9.80410004 777.39239502
9.80599976 777.54479980
9.80679989 777.69720459
9.80830002 777.84960938
9.81050014 778.00201416
9.80980015 778.15441895
9.80720043 778.30682373
9.80560017 778.45922852
9.79940033 778.61157227
9.79510021 778.76397705
9.76729965 778.91638184
9.75329971 779.06878662
9.74549961 779.22119141
9.74569988 779.37359619
9.75380039 779.52600098
9.76550007 779.67840576
9.77770042 779.83081055
9.78870010 779.98321533
9.78699970 780.13562012
9.78470039 780.28802490
9.78369999 780.44042969
9.78219986 780.59277344
9.78339958 780.74517822
9.78530025 780.89758301
9.78429985 781.04998779
9.77980042 781.20239258
9.77200031 781.35479736
9.75520039 781.50720215
9.73120022 781.65960693
9.67630005 781.81201172
9.63109970 781.96441650
9.65180016 782.11682129
9.65559959 782.26922607
9.67529964 782.42156982
9.68990040 782.57397461
9.69559956 782.72637939
9.73279953 782.87878418
9.72780037 783.03118896
9.72369957 783.18359375
9.72939968 783.33599854
9.73519993 783.48840332
9.74839973 783.64080811
9.76169968 783.79321289
9.78269958 783.94561768
9.80860043 784.09802246
9.82950020 784.25042725
9.83629990 784.40277100
9.83349991 784.55517578
9.82159996 784.70758057
9.80879974 784.85998535
9.79430008 785.01239014
9.78230000 785.16479492
9.77000046 785.31719971
9.76049995 785.46960449
9.74989986 785.62200928
9.73779964 785.77441406
9.72999954 785.92681885
9.71930027 786.07922363
9.72070026 786.23162842
9.72070026 786.38397217
9.71949959 786.53637695
9.71619987 786.68878174
9.71220016 786.84118652
9.70730019 786.99359131
9.70330048 787.14599609
9.69989967 787.29840088
9.69610023 787.45080566
9.69379997 787.60321045
9.69229984 787.75561523
9.69149971 787.90802002
9.69029999 788.06042480
9.68939972 788.21282959
9.68900013 788.36517334
9.68820000 788.51757812
9.68739986 788.66998291
9.68700027 788.82238770
9.68560028 788.97479248
9.68500042 789.12719727
9.68379974 789.27960205
9.68330002 789.43200684
9.68290043 789.58441162
9.68270016 789.73681641
9.68299961 789.88922119
9.68280029 790.04162598
9.68299961 790.19396973
9.68290043 790.34637451
9.68309975 790.49877930
9.68369961 790.65118408
9.68470001 790.80358887
9.68540001 790.95599365
9.68579960 791.10839844
9.68630028 791.26080322
9.68599987 791.41320801
9.68599987 791.56561279
9.68599987 791.71801758
9.68640041 791.87042236
9.68719959 792.02282715
9.68850040 792.17517090
9.68980026 792.32757568
9.69169998 792.47998047
9.69289970 792.63238525
9.69449997 792.78479004
9.69589996 792.93719482
9.69639969 793.08959961
9.69799995 793.24200439
9.69950008 793.39440918
9.70009995 793.54681396
9.70090008 793.69921875
9.70069981 793.85162354
9.70110035 794.00402832
9.70119953 794.15637207
9.70129967 794.30877686
9.70149994 794.46118164
9.70219994 794.61358643
9.70300007 794.76599121
9.70310020 794.91839600
9.70400047 795.07080078
9.70400047 795.22320557
9.70479965 795.37561035
9.70549965 795.52801514
9.70610046 795.68041992
9.70720005 795.83282471
9.70839977 795.98522949
9.70940018 796.13757324
9.71020031 796.28997803
9.71109962 796.44238281
9.71109962 796.59478760
9.71170044 796.74719238
9.71210003 796.89959717
9.71269989 797.05200195
9.71459961 797.20440674
9.71619987 797.35681152
9.71850014 797.50921631
9.72080040 797.66162109
9.72309971 797.81402588
9.72410011 797.96636963
9.72509956 798.11877441
9.72529984 798.27117920
9.72550011 798.42358398
9.72529984 798.57598877
9.72500038 798.72839355
9.72529984 798.88079834
9.72509956 799.03320312
9.72519970 799.18560791
9.72609997 799.33801270
9.72599983 799.49041748
9.72640038 799.64282227
9.72690010 799.79522705
9.72739983 799.94757080
9.72850037 800.09997559
9.72959995 800.25238037
9.73079967 800.40478516
9.73239994 800.55718994
9.73349953 800.70959473
9.73419952 800.86199951
9.73470020 801.01440430
9.73470020 801.16680908
9.73480034 801.31921387
9.73540020 801.47161865
9.73579979 801.62402344
9.73900032 801.77642822
9.74289989 801.92877197
9.74460030 802.08117676
9.74730015 802.23358154
9.74820042 802.38598633
9.74670029 802.53839111
9.74650002 802.69079590
9.74450016 802.84320068
9.74320030 802.99560547
9.74260044 803.14801025
9.74180031 803.30041504
9.74160004 803.45281982
9.74190044 803.60522461
9.74240017 803.75762939
9.74300003 803.90997314
9.74409962 804.06237793
9.74530029 804.21478271
9.74619961 804.36718750
9.74810028 804.51959229
9.74839973 804.67199707
9.74950027 804.82440186
9.74940014 804.97680664
9.74979973 805.12921143
9.75020027 805.28161621
9.75059986 805.43402100
9.75100040 805.58642578
9.75039959 805.73876953
9.74979973 805.89117432
9.74919987 806.04357910
9.74839973 806.19598389
9.75319958 806.34838867
9.78020000 806.50079346
9.86050034 806.65319824
9.92749977 806.80560303
10.00559998 806.95800781
10.07530022 807.11041260
10.16100025 807.26281738
10.23849964 807.41522217
10.30539989 807.56762695
10.32629967 807.71997070
10.30370045 807.87237549
10.28540039 808.02478027
10.25940037 808.17718506
10.23550034 808.32958984
10.22029972 808.48199463
10.21940041 808.63439941
10.23390007 808.78680420
10.25450039 808.93920898
10.27359962 809.09161377
10.29279995 809.24401855
10.30510044 809.39642334
10.30560017 809.54882812
10.28419971 809.70117188
10.24849987 809.85357666
10.21749973 810.00598145
10.18970013 810.15838623
10.15130043 810.31079102
10.09560013 810.46319580
10.05060005 810.61560059
10.01729965 810.76800537
9.98169994 810.92041016
9.95740032 811.07281494
9.93439960 811.22521973
9.91230011 811.37762451
9.89980030 811.53002930
9.89859962 811.68237305
9.89910030 811.83477783
9.90219975 811.98718262
9.90520000 812.13958740
9.90779972 812.29199219
9.90849972 812.44439697
9.90909958 812.59680176
9.90979958 812.74920654
9.91129971 812.90161133
9.91129971 813.05401611
9.90559959 813.20642090
9.89560032 813.35882568
9.88309956 813.51123047
9.87440014 813.66357422
9.86100006 813.81597900
9.84749985 813.96838379
9.83430004 814.12078857
9.81809998 814.27319336
9.80259991 814.42559814
9.79249954 814.57800293
9.78610039 814.73040771
9.78069973 814.88281250
9.77289963 815.03521729
9.76770020 815.18762207
9.75780010 815.34002686
9.74440002 815.49237061
9.73550034 815.64477539
9.72789955 815.79718018
9.72169971 815.94958496
9.71630001 816.10198975
9.71249962 816.25439453
9.70940018 816.40679932
9.70740032 816.55920410
9.70720005 816.71160889
9.70670033 816.86401367
9.70650005 817.01641846
9.70720005 817.16882324
9.70670033 817.32122803
9.70680046 817.47357178
9.70670033 817.62597656
9.70580006 817.77838135
9.70549965 817.93078613
9.70530033 818.08319092
9.70530033 818.23559570
9.70569992 818.38800049
9.70619965 818.54040527
9.70689964 818.69281006
9.70759964 818.84521484
9.70890045 818.99761963
9.70870018 819.15002441
9.70989990 819.30242920
9.71049976 819.45477295
9.71150017 819.60717773
9.71240044 819.75958252
9.71329975 819.91198730
9.71399975 820.06439209
9.71339989 820.21679688
9.71300030 820.36920166
9.71249962 820.52160645
9.71280003 820.67401123
9.71380043 820.82641602
9.71479988 820.97882080
9.71599960 821.13122559
9.71679974 821.28363037
9.71749973 821.43597412
9.71829987 821.58837891
9.71870041 821.74078369
9.71879959 821.89318848
9.71949959 822.04559326
9.71969986 822.19799805
9.72089958 822.35040283
9.72239971 822.50280762
9.72389984 822.65521240
9.72550011 822.80761719
9.72669983 822.96002197
9.72710037 823.11242676
9.72770023 823.26477051
9.72819996 823.41717529
9.72830009 823.56958008
9.72819996 823.72198486
9.72809982 823.87438965
9.72830009 824.02679443
9.72879982 824.17919922
9.72959995 824.33160400
9.73130035 824.48400879
9.73219967 824.63641357
9.73270035 824.78881836
9.73359966 824.94122314
9.73330021 825.09362793
9.73299980 825.24597168
9.73219967 825.39837646
9.73159981 825.55078125
9.73120022 825.70318604
9.73060036 825.85559082
9.73029995 826.00799561
9.73050022 826.16040039
9.73050022 826.31280518
9.73099995 826.46520996
9.73209953 826.61761475
9.73289967 826.77001953
9.73449993 826.92242432
9.73600006 827.07482910
9.73760033 827.22717285
9.73939991 827.37957764
9.74139977 827.53198242
9.74269962 827.68438721
9.74359989 827.83679199
9.74320030 827.98919678
9.74240017 828.14160156
9.74330044 828.29400635
9.75650024 828.44641113
9.80599976 828.59881592
9.86639977 828.75122070
9.93710041 828.90362549
10.02050018 829.05603027
10.11009979 829.20837402
10.17440033 829.36077881
10.21380043 829.51318359
10.22780037 829.66558838
10.20839977 829.81799316
10.18389988 829.97039795
10.15740013 830.12280273
10.12919998 830.27520752
10.11410046 830.42761230
10.09049988 830.58001709
10.06750011 830.73242188
10.04310036 830.88482666
10.02449989 831.03717041
10.01239967 831.18957520
10.01119995 831.34197998
10.01290035 831.49438477
10.01710033 831.64678955
10.01760006 831.79919434
9.99930000 831.95159912
9.97410011 832.10400391
9.95059967 832.25640869
9.92800045 832.40881348
9.91469955 832.56121826
9.90340042 832.71362305
9.89290047 832.86602783
9.88729954 833.01837158
9.87989998 833.17077637
9.87679958 833.32318115
9.87500000 833.47558594
9.87510014 833.62799072
9.87740040 833.78039551
9.88160038 833.93280029
9.88780022 834.08520508
9.89290047 834.23760986
9.89509964 834.39001465
9.88920021 834.54241943
9.87810040 834.69482422
9.86569977 834.84722900
9.85760021 834.99957275
9.85120010 835.15197754
9.84869957 835.30438232
9.84519958 835.45678711
9.84210014 835.60919189
9.83819962 835.76159668
9.83080006 835.91400146
9.82339954 836.06640625
9.81340027 836.21881104
9.80329990 836.37121582
9.79170036 836.52362061
9.78240013 836.67602539
9.77330017 836.82843018
9.76290035 836.98077393
9.75500011 837.13317871
9.74540043 837.28558350
9.73659992 837.43798828
9.72949982 837.59039307
9.72719955 837.74279785
9.72770023 837.89520264
9.72949982 838.04760742
9.73110008 838.20001221
9.73279953 838.35241699
9.73419952 838.50482178
9.73470020 838.65722656
9.73470020 838.80957031
9.73480034 838.96197510
9.73379993 839.11437988
9.73320007 839.26678467
9.73309994 839.41918945
9.73209953 839.57159424
9.73099995 839.72399902
9.72939968 839.87640381
9.72659969 840.02880859
9.72410011 840.18121338
9.72119999 840.33361816
9.71850014 840.48602295
9.71660042 840.63842773
9.71580029 840.79077148
9.71560001 840.94317627
9.71549988 841.09558105
9.71580029 841.24798584
9.71560001 841.40039062
9.71529961 841.55279541
9.71469975 841.70520020
9.71409988 841.85760498
9.71339989 842.01000977
9.71440029 842.16241455
9.71630001 842.31481934
9.71870041 842.46722412
9.72150040 842.61962891
9.72459984 842.77197266
9.72859955 842.92437744
9.73279953 843.07678223
9.73470020 843.22918701
9.73050022 843.38159180
9.72589970 843.53399658
9.72350025 843.68640137
9.72130013 843.83880615
9.71899986 843.99121094
9.71669960 844.14361572
9.71469975 844.29602051
9.71220016 844.44842529
9.71150017 844.60083008
9.71039963 844.75317383
9.71020031 844.90557861
9.71109962 845.05798340
9.71109962 845.21038818
9.71160030 845.36279297
9.71189976 845.51519775
9.71150017 845.66760254
9.71189976 845.82000732
9.71129990 845.97241211
9.71090031 846.12481689
9.71109962 846.27722168
9.71100044 846.42962646
9.71170044 846.58197021
9.71240044 846.73437500
9.71290016 846.88677979
9.71380043 847.03918457
9.71380043 847.19158936
9.71389961 847.34399414
9.71389961 847.49639893
9.71339989 847.64880371
9.71310043 847.80120850
9.71269989 847.95361328
9.71300030 848.10601807
9.71350002 848.25842285
9.71380043 848.41082764
9.71469975 848.56317139
9.71529961 848.71557617
9.71510029 848.86798096
9.71440029 849.02038574
9.71290016 849.17279053
9.71119976 849.32519531
9.71030045 849.47760010
9.70969963 849.63000488
9.71049976 849.78240967
9.71240044 849.93481445
9.71469975 850.08721924
9.71780014 850.23962402
9.72089958 850.39202881
9.72309971 850.54437256
9.72599983 850.69677734
9.73050022 850.84918213
9.73400021 851.00158691
9.73690033 851.15399170
9.73799992 851.30639648
9.73630047 851.45880127
9.73279953 851.61120605
9.72980022 851.76361084
9.72799969 851.91601562
9.72669983 852.06842041
9.72579956 852.22082520
9.72570038 852.37322998
9.72490025 852.52557373
9.72500038 852.67797852
9.72609997 852.83038330
9.72729969 852.98278809
9.73079967 853.13519287
9.73369980 853.28759766
9.73509979 853.44000244
9.73659992 853.59240723
9.73659992 853.74481201
9.73620033 853.89721680
9.73449993 854.04962158
9.72990036 854.20202637
9.72539997 854.35437012
9.72070026 854.50677490
9.71689987 854.65917969
9.71440029 854.81158447
9.71510029 854.96398926
9.71650028 855.11639404
9.71840000 855.26879883
9.72179985 855.42120361
9.72319984 855.57360840
9.72459984 855.72601318
9.72500038 855.87841797
9.72560024 856.03082275
9.72599983 856.18322754
9.72669983 856.33557129
9.72659969 856.48797607
9.72679996 856.64038086
9.72840023 856.79278564
9.72970009 856.94519043
9.73149967 857.09759521
9.73379993 857.25000000
9.73579979 857.40240479
9.73719978 857.55480957
9.73649979 857.70721436
9.73589993 857.85961914
9.73519993 858.01202393
9.73480034 858.16442871
9.73499966 858.31677246
9.73540020 858.46917725
9.73649979 858.62158203
9.73810005 858.77398682
9.73910046 858.92639160
9.73989964 859.07879639
9.74129963 859.23120117
9.74230003 859.38360596
9.74300003 859.53601074
9.74380016 859.68841553
9.74400043 859.84082031
9.74460030 859.99322510
9.74540043 860.14562988
9.74740028 860.29797363
9.74880028 860.45037842
9.75220013 860.60278320
9.75399971 860.75518799
9.75570011 860.90759277
9.75790024 861.05999756
9.75850010 861.21240234
9.75839996 861.36480713
9.75790024 861.51721191
9.75749969 861.66961670
9.75780010 861.82202148
9.75819969 861.97442627
9.75959969 862.12677002
9.76189995 862.27917480
9.76410007 862.43157959
9.76580048 862.58398438
9.76770020 862.73638916
9.76900005 862.88879395
9.76900005 863.04119873
9.76889992 863.19360352
9.76840019 863.34600830
9.76720047 863.49841309
9.76720047 863.65081787
9.76739979 863.80322266
9.76770020 863.95562744
9.76930046 864.10797119
9.77009964 864.26037598
9.77079964 864.41278076
9.77219963 864.56518555
9.77270031 864.71759033
9.77429962 864.86999512
9.77610016 865.02239990
9.77690029 865.17480469
9.77880001 865.32720947
9.78059959 865.47961426
9.78310013 865.63201904
9.78569984 865.78442383
9.78740025 865.93682861
9.78929996 866.08917236
9.78989983 866.24157715
9.78899956 866.39398193
9.78769970 866.54638672
9.78600025 866.69879150
9.78489971 866.85119629
9.78579998 867.00360107
9.78709984 867.15600586
9.78849983 867.30841064
9.79059982 867.46081543
9.79150009 867.61322021
9.79189968 867.76562500
9.79119968 867.91802979
9.78979969 868.07037354
9.78859997 868.22277832
9.78779984 868.37518311
9.78680038 868.52758789
9.78610039 868.67999268
9.78540039 868.83239746
9.78530025 868.98480225
9.78569984 869.13720703
9.78680038 869.28961182
9.79039955 869.44201660
9.79409981 869.59442139
9.79810047 869.74682617
9.79839993 869.89916992
9.79710007 870.05157471
9.79310036 870.20397949
9.78859997 870.35638428
9.78299999 870.50878906
9.77810001 870.66119385
9.77540016 870.81359863
9.77270031 870.96600342
9.76920033 871.11840820
9.76309967 871.27081299
9.75580025 871.42321777
9.74829960 871.57562256
9.74269962 871.72802734
9.73999977 871.88037109
9.74020004 872.03277588
9.73960018 872.18518066
9.73779964 872.33758545
9.73620033 872.48999023
9.73369980 872.64239502
9.73209953 872.79479980
9.73110008 872.94720459
9.73079967 873.09960938
9.73130035 873.25201416
9.73260021 873.40441895
9.73480034 873.55682373
9.73639965 873.70922852
9.73659992 873.86157227
9.73579979 874.01397705
9.73289967 874.16638184
9.73009968 874.31878662
9.72570038 874.47119141
9.72270012 874.62359619
9.72189999 874.77600098
9.72270012 874.92840576
9.72420025 875.08081055
9.72809982 875.23321533
9.73320007 875.38562012
9.73610020 875.53802490
9.73810005 875.69042969
9.73719978 875.84277344
9.73449993 875.99517822
9.73159981 876.14758301
9.72879982 876.29998779
9.72659969 876.45239258
9.72679996 876.60479736
9.72770023 876.75720215
9.72819996 876.90960693
9.72770023 877.06201172
9.72700024 877.21441650
9.72579956 877.36682129
9.72459984 877.51922607
9.72360039 877.67156982
9.72539997 877.82397461
9.72809982 877.97637939
9.73190022 878.12878418
9.73540020 878.28118896
9.73680019 878.43359375
9.73869991 878.58599854
9.73830032 878.73840332
9.73740005 878.89080811
9.73750019 879.04321289
9.73519993 879.19561768
9.73419952 879.34802246
9.73190022 879.50042725
9.72980022 879.65277100
9.72920036 879.80517578
9.72799969 879.95758057
9.72739983 880.10998535
9.72659969 880.26239014
9.72700024 880.41479492
9.72760010 880.56719971
9.72869968 880.71960449
9.73019981 880.87200928
9.73250008 881.02441406
9.73509979 881.17681885
9.73729992 881.32922363
9.73880005 881.48162842
9.73910046 881.63397217
9.73849964 881.78637695
9.73820019 881.93878174
9.73760033 882.09118652
9.73789978 882.24359131
9.73849964 882.39599609
9.73929977 882.54840088
9.74050045 882.70080566
9.74240017 882.85321045
9.74390030 883.00561523
9.75090027 883.15802002
9.76169968 883.31042480
9.76939964 883.46282959
9.77700043 883.61517334
9.78369999 883.76757812
9.78940010 883.91998291
9.79370022 884.07238770
9.79969978 884.22479248
9.80570030 884.37719727
9.81060028 884.52960205
9.81589985 884.68200684
9.81509972 884.83441162
9.80889988 884.98681641
9.80109978 885.13922119
9.78950024 885.29162598
9.78059959 885.44396973
9.77410030 885.59637451
9.77110004 885.74877930
9.77060032 885.90118408
9.77149963 886.05358887
9.77350044 886.20599365
9.77540016 886.35839844
9.77740002 886.51080322
9.77869987 886.66320801
9.77900028 886.81561279
9.77970028 886.96801758
9.77980042 887.12042236
9.77999973 887.27282715
9.78040028 887.42517090
9.78059959 887.57757568
9.78160000 887.72998047
