1295.54199374 343.96679688
1881.24846190 344.11920166
2488.10711169 344.27160645
2755.37523240 344.42401123
2958.62975740 344.57638550
3095.49037266 344.72879028
2979.62879181 344.88119507
3110.55876875 345.03359985
3129.63702190 345.18600464
3085.11831951 345.33840942
3240.02687579 345.49081421
3251.68419415 345.64318848
3470.05028439 345.79559326
3524.94110119 345.94799805
3999.40079999 346.10040283
3999.39969999 346.25280762
3999.40160000 346.40521240
3999.40579998 346.55758667
3999.40619999 346.70999146
3999.41430002 346.86239624
3999.41219997 347.01480103
3999.41049999 347.16720581
3999.41159999 347.31961060
3999.40310001 347.47198486
3999.40090001 347.62438965
3999.39590001 347.77679443
3999.38419998 347.92919922
3999.37080002 348.08160400
3999.36040002 348.23400879
3999.35509998 348.38641357
3999.34660000 348.53878784
3999.34950000 348.69119263
3999.34640002 348.84359741
3999.34710002 348.99600220
3999.35110003 349.14840698
3999.35540003 349.30081177
3999.37210000 349.45318604
3999.38489997 349.60559082
3931.08525586 349.75799561
3928.75033206 349.91040039
3926.78412813 350.06280518
3922.72099763 350.21520996
3938.00364143 350.36761475
3954.79210937 350.51998901
3961.05830467 350.67239380
3999.44859999 350.82479858
3906.07942969 350.97720337
3725.56821370 351.12960815
3162.85763478 351.28201294
2869.70303166 351.43438721
3160.26270819 351.58679199
3464.74369490 351.73919678
3999.44739997 351.89160156
3650.42466599 352.04400635
3578.15756446 352.19641113
3569.94639534 352.34878540
3610.03096253 352.50119019
3580.24881250 352.65359497
3492.95590276 352.80599976
3506.82708675 352.95840454
3554.49660432 353.11080933
3617.04148477 353.26321411
3650.91541719 353.41558838
3693.26328987 353.56799316
3797.20072150 353.72039795
3860.35815471 353.87280273
3999.45929998 354.02520752
3999.49419999 354.17761230
3999.49280000 354.32998657
3999.48500001 354.48239136
3999.47909999 354.63479614
3999.47390002 354.78720093
3999.46780002 354.93960571
3999.46679997 355.09201050
3999.47100002 355.24438477
3999.47500002 355.39678955
3999.47970003 355.54919434
3999.48269999 355.70159912
3999.48479998 355.85400391
3999.48600000 356.00640869
3999.48710001 356.15881348
3999.48790002 356.31118774
3999.48909998 356.46359253
3999.49030000 356.61599731
3999.49080002 356.76840210
3999.49409997 356.92080688
3999.49150002 357.07321167
3999.48040003 357.22558594
3999.47950000 357.37799072
3999.48040003 357.53039551
3999.48229998 357.68280029
3999.48369998 357.83520508
3999.48460001 357.98760986
3999.48600000 358.14001465
3999.48680001 358.29238892
3999.48740000 358.44479370
3999.48920000 358.59719849
3999.49159998 358.74960327
3999.49010003 358.90200806
3999.48360002 359.05441284
3999.47649997 359.20678711
3999.47289997 359.35919189
3999.47369999 359.51159668
3999.47469997 359.66400146
3999.47649997 359.81640625
3999.47780001 359.96881104
3999.47850001 360.12118530
3999.47950000 360.27359009
3999.47880000 360.42599487
3999.47770000 360.57839966
3999.47659999 360.73080444
3999.47439998 360.88320923
3999.47329998 361.03561401
3999.47350001 361.18798828
3999.47439998 361.34039307
3999.47570002 361.49279785
3999.47619998 361.64520264
3999.47689998 361.79760742
3999.47790003 361.95001221
3999.47930002 362.10238647
3999.48089999 362.25479126
3999.48240000 362.40719604
3999.48360002 362.55960083
3999.48360002 362.71200562
3999.48290002 362.86441040
3999.48110002 363.01681519
3999.48150003 363.16918945
3999.48339999 363.32159424
3999.48970002 363.47399902
3999.49299997 363.62640381
3999.49479997 363.77880859
3999.49119997 363.93121338
3999.48600000 364.08358765
3999.48049998 364.23599243
3999.47770000 364.38839722
3999.47299999 364.54080200
3999.47250003 364.69320679
3999.47140002 364.84561157
3999.47030002 364.99798584
3999.46829998 365.15039062
3999.46799999 365.30279541
3999.46850002 365.45520020
3999.46829998 365.60760498
3999.46890002 365.76000977
3999.46960002 365.91241455
3999.47049999 366.06478882
3999.46280003 366.21719360
3793.28423321 366.36959839
3751.29904139 366.52200317
3721.49439883 366.67440796
3678.54086912 366.82681274
3721.95087147 366.97918701
3764.46360862 367.13159180
3786.52499807 367.28399658
3999.47030002 367.43640137
3999.48830003 367.58880615
3999.49019998 367.74121094
3999.49529999 367.89358521
3999.49720001 368.04598999
3999.49839997 368.19839478
3999.50009999 368.35079956
3999.50000000 368.50320435
3999.50049999 368.65560913
3999.50299999 368.80801392
3999.49870002 368.96038818
3999.48470002 369.11279297
3999.47880000 369.26519775
3999.46550000 369.41760254
3999.45859998 369.57000732
3999.45760000 369.72241211
3999.46109998 369.87478638
3999.46789998 370.02719116
3999.47189999 370.17959595
3999.47530001 370.33200073
3999.47799999 370.48440552
3999.48159999 370.63681030
3999.48740000 370.78921509
3999.49339998 370.94158936
3999.49970001 371.09399414
3999.50060001 371.24639893
3999.50040001 371.39880371
3999.49980003 371.55120850
3999.49989998 371.70361328
3999.50099999 371.85598755
3999.50240001 372.00839233
3955.18269923 372.16079712
3938.75455585 372.31320190
3909.61218944 372.46560669
3868.59539962 372.61801147
3822.23475978 372.77038574
3795.95566288 372.92279053
3999.50060001 373.07519531
3999.49919999 373.22760010
3999.50040001 373.38000488
3999.49390000 373.53240967
3999.49210000 373.68481445
3999.48890001 373.83718872
3999.48949999 373.98959351
3999.49040002 374.14199829
3907.56483203 374.29440308
3771.12845701 374.44680786
3791.82466328 374.59921265
3738.47159177 374.75158691
3766.11018360 374.90399170
3798.25591409 375.05639648
3787.08652109 375.20880127
3863.05744064 375.36120605
3903.36905977 375.51361084
3872.03732499 375.66598511
3999.52910000 375.81838989
3999.52710000 375.97079468
3999.52710000 376.12319946
3656.24876523 376.27560425
3651.71729180 376.42800903
3616.38941991 376.58041382
3613.58864766 376.73278809
3765.63628751 376.88519287
3780.11702108 377.03759766
3874.23737070 377.19000244
3903.76138476 377.34240723
3878.72899061 377.49481201
3900.65266290 377.64718628
3897.49163905 377.79959106
3885.08691874 377.95199585
3999.51519999 378.10440063
3999.51390001 378.25680542
3999.52489999 378.40921021
3999.53500000 378.56161499
3999.53529999 378.71398926
3253.87419063 378.86639404
2865.46406054 379.01879883
1965.92310977 379.17120361
1381.87924239 379.32360840
2516.28981525 379.47601318
2747.35241249 379.62838745
3336.06517422 379.78079224
3999.52379999 379.93319702
3999.50929999 380.08560181
3999.49640000 380.23800659
3999.48310000 380.39041138
3999.46280003 380.54278564
3999.45889997 380.69519043
3999.45130002 380.84759521
3999.44660002 381.00000000
3999.44489998 381.15240479
3999.43980002 381.30480957
3999.43750000 381.45721436
3999.43229997 381.60958862
3999.44360000 381.76199341
3999.44919997 381.91439819
3999.45630002 382.06680298
3999.45609999 382.21920776
3999.45670003 382.37161255
3999.45120001 382.52398682
3999.43930000 382.67639160
3999.44650000 382.82879639
3999.44880003 382.98120117
3999.45459998 383.13360596
3999.44169998 383.28601074
3999.43570000 383.43838501
3999.42530000 383.59078979
3999.41380000 383.74319458
3999.41399997 383.89559937
3999.40140003 384.04800415
3999.39429998 384.20040894
3999.37830001 384.35281372
3999.33630002 384.50518799
3999.32830000 384.65759277
3999.31870002 384.80999756
3999.28579998 384.96240234
3999.25440001 385.11480713
3999.24559999 385.26721191
3999.24239999 385.41958618
3999.23350000 385.57199097
3999.22649997 385.72439575
3999.21859998 385.87680054
3999.21350002 386.02920532
3999.21270001 386.18161011
3999.21410000 386.33401489
3999.21499997 386.48638916
3999.21920002 386.63879395
3999.28770000 386.79119873
3999.35540003 386.94360352
3999.37919998 387.09600830
3999.39609998 387.24841309
3999.39760000 387.40078735
3999.39410001 387.55319214
3999.38400000 387.70559692
3755.00673050 387.85800171
3396.36343241 388.01040649
3273.69921249 388.16281128
3281.67269415 388.31518555
3327.01404727 388.46759033
3358.76243591 388.61999512
3438.29547811 388.77239990
3524.10581756 388.92480469
3710.36437851 389.07720947
3914.49949455 389.22961426
3999.46850002 389.38198853
3999.47160000 389.53439331
3999.47229999 389.68679810
3999.47390002 389.83920288
3999.47560000 389.99160767
3999.47740000 390.14401245
3999.47990000 390.29638672
3999.48280001 390.44879150
3999.48519999 390.60119629
3999.48799998 390.75360107
3999.49049997 390.90600586
3999.49199998 391.05841064
3999.49290001 391.21078491
3999.49320000 391.36318970
3999.49290001 391.51559448
3999.49269998 391.66799927
3999.49169999 391.82040405
3999.48920000 391.97280884
3999.49100000 392.12521362
3999.49040002 392.27758789
3999.49159998 392.42999268
3999.49409997 392.58239746
3999.49449998 392.73480225
3999.49540001 392.88720703
3999.48989999 393.03961182
3999.48729998 393.19198608
3999.48439997 393.34439087
3999.48060000 393.49679565
3999.48030001 393.64920044
3999.48210001 393.80160522
3999.48250002 393.95401001
3999.48750001 394.10641479
3999.48920000 394.25878906
3999.49059999 394.41119385
3999.48780000 394.56359863
3999.48949999 394.71600342
3999.48949999 394.86840820
3999.49280000 395.02081299
3999.49409997 395.17318726
3999.49559999 395.32559204
3864.51219529 395.47799683
3814.79068321 395.63040161
3758.21696720 395.78280640
3706.68891445 395.93521118
3767.79498321 396.08758545
3871.23674259 396.23999023
3920.61221015 396.39239502
3818.04063630 396.54479980
3857.08715820 396.69720459
3871.53569764 396.84960938
3815.32585198 397.00201416
3819.90223557 397.15438843
3798.72799569 397.30679321
3751.77649140 397.45919800
3753.36201641 397.61160278
3698.63986564 397.76400757
3741.03603673 397.91641235
3795.07809103 398.06878662
3841.58525664 398.22119141
3747.21340975 398.37359619
3696.93541563 398.52600098
3608.32912266 398.67840576
3423.96530274 398.83081055
3236.88110664 398.98318481
3226.12110585 399.13558960
3286.64729375 399.28799438
3324.86892655 399.44039917
3457.72564843 399.59280396
3402.28745744 399.74520874
3358.51689100 399.89761353
3155.01330897 400.04998779
2179.13907540 400.20239258
784.26658887 400.35479736
210.93459272 400.50720215
-0.14119998 400.65960693
-0.03799999 400.81201172
0.00370002 400.96438599
0.07030004 401.11679077
0.15770000 401.26919556
312.47239178 401.42160034
680.54871267 401.57400513
1235.35677129 401.72640991
1509.19134122 401.87881470
2079.64215314 402.03118896
2501.27771872 402.18359375
2915.45265937 402.33599854
2769.94229728 402.48840332
2674.61011368 402.64080811
2814.59543437 402.79321289
2681.29713947 402.94558716
2901.37145627 403.09799194
3325.15894490 403.25039673
3791.14192539 403.40280151
3999.40799999 403.55520630
3999.41509998 403.70761108
3637.25644648 403.85998535
3415.76785624 404.01239014
3152.42682695 404.16479492
2772.10962069 404.31719971
2645.56541955 404.46960449
2366.49078631 404.62200928
2252.00771135 404.77441406
2260.23999453 404.92678833
2167.54965311 405.07919312
2072.43555665 405.23159790
1959.62753457 405.38400269
2083.70550859 405.53640747
2303.45054728 405.68881226
2661.99246639 405.84118652
3032.96253866 405.99359131
2995.48033750 406.14599609
3515.02490157 406.29840088
3259.82698631 406.45080566
3204.88807732 406.60321045
3371.72368240 406.75561523
3625.11220741 406.90798950
3502.77100784 407.06039429
3677.96219963 407.21279907
3070.37455744 407.36520386
2595.02470821 407.51760864
2592.31565505 407.67001343
2171.04709375 407.82238770
2443.57590312 407.97479248
2833.83142459 408.12719727
3076.36992031 408.27960205
3546.37358201 408.43200684
3379.11303163 408.58441162
3303.61880898 408.73678589
3322.85139573 408.88919067
3158.54387850 409.04159546
3117.17417580 409.19400024
2955.34785080 409.34640503
3021.71097267 409.49880981
3048.07203943 409.65121460
3106.84688050 409.80358887
2881.74193048 409.95599365
2594.78612149 410.10839844
2640.80638945 410.26080322
2557.51110274 410.41320801
2186.31499922 410.56561279
1941.62964863 410.71798706
1852.77720857 410.87039185
1246.56139743 411.02279663
604.70667380 411.17520142
388.91440648 411.32760620
-0.28360000 411.48001099
-0.27180001 411.63238525
-0.24130002 411.78479004
-0.20739999 411.93719482
-0.18440002 412.08959961
-0.16339999 412.24200439
-0.12720001 412.39440918
-0.09169999 412.54681396
-0.04320002 412.69918823
-0.00400001 412.85159302
0.02740002 413.00399780
0.06490001 413.15640259
0.07870001 413.30880737
0.09790000 413.46121216
0.10389999 413.61358643
0.10470000 413.76599121
0.11000001 413.91839600
0.11129999 414.07080078
0.10969999 414.22320557
0.10759997 414.37561035
0.09809998 414.52801514
0.09119999 414.68038940
0.08060002 414.83279419
0.06840003 414.98519897
0.06189999 415.13760376
0.05710000 415.29000854
0.05219999 415.44241333
0.05489999 415.59478760
0.04719999 415.74719238
0.04029998 415.89959717
0.03780001 416.05200195
0.01269999 416.20440674
-0.00950000 416.35681152
-0.03009999 416.50918579
-0.05660000 416.66159058
-0.06850001 416.81399536
-0.05890000 416.96640015
-0.04869999 417.11880493
-0.01249999 417.27120972
21.12049943 417.42361450
16.73500034 417.57598877
17.13240024 417.72839355
20.93070032 417.88079834
17.24350004 418.03320312
16.47239983 418.18560791
20.38859978 418.33801270
0.13389999 418.49038696
0.22209996 418.64279175
0.25160003 418.79519653
0.24449998 418.94760132
0.25990003 419.10000610
0.26140004 419.25241089
0.30530000 419.40478516
0.34540001 419.55718994
0.37269998 419.70959473
0.40029997 419.86199951
0.41810003 420.01440430
0.42710000 420.16680908
0.43590000 420.31921387
0.43940002 420.47158813
0.43910003 420.62399292
0.44450000 420.77639771
0.43939996 420.92880249
0.44640002 421.08120728
0.44489998 421.23361206
0.44090003 421.38598633
0.44150001 421.53839111
0.44050002 421.69079590
0.43269998 421.84320068
0.41300002 421.99560547
0.39529997 422.14801025
0.39620000 422.30041504
0.39850000 422.45278931
0.40300000 422.60519409
0.40660000 422.75759888
0.41159999 422.91000366
0.41349998 423.06240845
0.41109997 423.21481323
0.40609998 423.36718750
0.40580001 423.51959229
0.40560004 423.67199707
0.40640000 423.82440186
0.40790004 423.97680664
0.40700004 424.12921143
0.40350002 424.28158569
0.39899999 424.43399048
0.38889998 424.58639526
0.38539997 424.73880005
0.38109997 424.89120483
0.38279998 425.04360962
0.38390002 425.19601440
0.38369998 425.34838867
0.38300002 425.50079346
0.38340002 425.65319824
0.38639998 425.80560303
0.39390004 425.95800781
0.40529999 426.11041260
0.40730000 426.26278687
0.40809998 426.41519165
0.40880001 426.56759644
0.40910003 426.72000122
0.40890002 426.87240601
0.40979999 427.02481079
0.40190002 427.17718506
0.39590004 427.32958984
0.38789997 427.48199463
0.39250004 427.63439941
0.40010002 427.78680420
0.40480003 427.93920898
0.40910000 428.09161377
0.40960002 428.24398804
0.41280001 428.39639282
0.41520002 428.54879761
0.41879997 428.70120239
0.42699999 428.85360718
0.42279997 429.00601196
0.41700000 429.15838623
0.41299999 429.31079102
0.40929997 429.46319580
0.41120002 429.61560059
0.41420001 429.76800537
0.42450002 429.92041016
0.43000002 430.07281494
0.43650001 430.22518921
0.44209999 430.37759399
0.44080001 430.52999878
0.43889999 430.68240356
0.43780002 430.83480835
0.43830001 430.98721313
0.44139996 431.13958740
0.44270000 431.29199219
0.44330001 431.44439697
0.44380003 431.59680176
0.44419998 431.74920654
0.44300002 431.90161133
0.44309998 432.05398560
0.44230002 432.20639038
0.44139999 432.35879517
0.44189999 432.51119995
0.44319999 432.66360474
0.44520000 432.81600952
0.44840002 432.96841431
0.44909999 433.12078857
0.44999999 433.27319336
0.44999999 433.42559814
0.44599998 433.57800293
0.44380000 433.73040771
0.43810004 433.88281250
0.43199998 434.03518677
0.43340003 434.18759155
0.39309999 434.33999634
0.38139999 434.49240112
0.30699998 434.64480591
0.25330001 434.79721069
0.19700003 434.94958496
0.17249995 435.10198975
0.15820003 435.25439453
0.17490000 435.40679932
0.19059998 435.55920410
0.23000002 435.71160889
0.27430001 435.86401367
0.29620004 436.01638794
0.33149999 436.16879272
0.36239997 436.32119751
0.37340003 436.47360229
0.39430001 436.62600708
0.42019999 436.77841187
0.42550001 436.93078613
0.44080001 437.08319092
0.44869998 437.23559570
0.46070004 437.38800049
0.46649998 437.54040527
0.48000002 437.69281006
0.49570000 437.84521484
0.50650001 437.99758911
0.52390000 438.14999390
0.54189998 438.30239868
0.54100001 438.45480347
0.53150003 438.60720825
0.50780000 438.75961304
0.47690001 438.91198730
0.44299997 439.06439209
0.41070002 439.21679688
0.36660001 439.36920166
0.35930002 439.52160645
0.38069999 439.67401123
0.41729999 439.82638550
0.43120000 439.97879028
0.43279997 440.13119507
0.41819999 440.28359985
0.39860001 440.43600464
0.38550001 440.58840942
0.37900001 440.74081421
0.37740004 440.89318848
0.38090000 441.04559326
0.38360003 441.19799805
0.39270002 441.35040283
0.39550000 441.50280762
0.38639998 441.65521240
0.38210002 441.80758667
0.37140003 441.95999146
0.36339998 442.11239624
0.35680002 442.26480103
0.35499999 442.41720581
0.35380000 442.56961060
0.35509998 442.72198486
0.35660002 442.87438965
0.35750002 443.02679443
0.35829997 443.17919922
0.35810003 443.33160400
0.35609999 443.48400879
0.35020003 443.63641357
0.34650001 443.78878784
0.34679997 443.94119263
0.34739998 444.09359741
0.34880000 444.24600220
0.34629998 444.39840698
0.34709999 444.55081177
0.35039997 444.70318604
0.36440000 444.85559082
0.37770003 445.00799561
0.37849998 445.16040039
0.38150001 445.31280518
0.38209999 445.46520996
0.37959999 445.61761475
0.37750000 445.76998901
0.36440000 445.92239380
0.35949996 446.07479858
0.35959998 446.22720337
0.36159998 446.37960815
0.36250001 446.53201294
0.36420000 446.68438721
0.36659998 446.83679199
0.36679998 446.98919678
0.37430003 447.14160156
0.38319999 447.29400635
0.38499996 447.44641113
0.38290000 447.59878540
0.37940001 447.75119019
0.37259999 447.90359497
0.36490002 448.05599976
0.36250001 448.20840454
0.36039999 448.36080933
0.34330001 448.51321411
0.33630002 448.66558838
0.32930002 448.81799316
0.32269999 448.97039795
0.33110002 449.12280273
0.34220001 449.27520752
0.37419999 449.42761230
0.38630000 449.57998657
0.39209998 449.73239136
0.38810003 449.88479614
0.37009999 450.03720093
0.37439999 450.18960571
0.38069999 450.34201050
0.38389999 450.49438477
0.38599998 450.64678955
0.38809997 450.79919434
0.39109996 450.95159912
0.39489999 451.10400391
0.39899996 451.25640869
0.40420002 451.40881348
0.40520000 451.56118774
0.40499997 451.71359253
0.40160000 451.86599731
0.39949998 452.01840210
0.39770001 452.17080688
0.39609998 452.32321167
0.39800000 452.47558594
0.39699998 452.62799072
0.39870003 452.78039551
0.39919999 452.93280029
0.40370002 453.08520508
0.40750000 453.23760986
0.40910000 453.39001465
0.40989998 453.54238892
0.40750000 453.69479370
0.40520003 453.84719849
0.40179998 453.99960327
0.40180001 454.15200806
0.40119997 454.30441284
0.40610000 454.45678711
0.41209999 454.60919189
0.41650000 454.76159668
0.42319998 454.91400146
0.42730001 455.06640625
0.42950004 455.21881104
0.42900002 455.37118530
0.42789999 455.52359009
0.42749998 455.67599487
0.42860001 455.82839966
0.42979997 455.98080444
0.43480000 456.13320923
0.44020003 456.28561401
0.44409999 456.43798828
0.44919997 456.59039307
0.44850004 456.74279785
0.44690001 456.89520264
0.44059998 457.04760742
0.43530002 457.20001221
0.42760000 457.35238647
0.42129999 457.50479126
0.41869998 457.65719604
0.41390002 457.80960083
0.41000000 457.96200562
0.40630001 458.11441040
0.40279999 458.26681519
0.40079999 458.41918945
0.39600003 458.57159424
0.39230001 458.72399902
0.38599998 458.87640381
0.38170001 459.02880859
0.38039997 459.18121338
0.38000003 459.33358765
0.37900004 459.48599243
0.38039997 459.63839722
0.38149998 459.79080200
0.38030002 459.94320679
0.37840003 460.09561157
0.37590003 460.24798584
0.37310001 460.40039062
0.36700001 460.55279541
0.34979999 460.70520020
0.30349997 460.85760498
0.26150000 461.01000977
0.21179998 461.16241455
0.19180000 461.31478882
0.21180001 461.46719360
0.24139997 461.61959839
0.27760002 461.77200317
0.31890002 461.92440796
0.35300002 462.07681274
0.36390001 462.22918701
0.37100002 462.38159180
0.37359998 462.53399658
0.37509999 462.68640137
0.37659997 462.83880615
0.37900001 462.99121094
0.38230002 463.14358521
0.38200001 463.29598999
0.38169999 463.44839478
0.38210002 463.60079956
0.38220000 463.75320435
0.38380000 463.90560913
0.38630003 464.05801392
0.39220002 464.21038818
0.40530002 464.36279297
0.41329999 464.51519775
0.41780001 464.66760254
0.41940002 464.82000732
0.41779999 464.97241211
0.41540001 465.12478638
0.41400000 465.27719116
0.41319998 465.42959595
0.41340002 465.58200073
0.41769999 465.73440552
0.42330001 465.88681030
0.42870000 466.03921509
0.42439999 466.19158936
0.42210001 466.34399414
0.42029998 466.49639893
0.41579998 466.64880371
0.41599999 466.80120850
0.42320001 466.95361328
0.42729999 467.10598755
0.43520002 467.25839233
0.43860000 467.41079712
0.44180003 467.56320190
0.43900000 467.71560669
0.42839999 467.86801147
0.41830000 468.02038574
0.40990002 468.17279053
0.39839999 468.32519531
0.39800000 468.47760010
0.39919999 468.63000488
0.40359998 468.78240967
0.40420000 468.93481445
0.40380001 469.08718872
0.40190002 469.23959351
0.39900002 469.39199829
0.40199998 469.54440308
0.40610000 469.69680786
0.41670001 469.84921265
0.42189997 470.00158691
0.42370003 470.15399170
0.42550001 470.30639648
0.42399997 470.45880127
0.42510003 470.61120605
0.42389998 470.76361084
0.42909998 470.91598511
0.44009998 471.06838989
0.44610000 471.22079468
0.45570001 471.37319946
0.46230000 471.52560425
0.46299997 471.67800903
0.46490002 471.83041382
0.45830002 471.98278809
0.45310003 472.13519287
0.45139998 472.28759766
0.44880000 472.44000244
0.44439998 472.59240723
0.44130000 472.74481201
0.43770000 472.89718628
0.43160000 473.04959106
0.42830002 473.20199585
0.42109999 473.35440063
0.41459998 473.50680542
0.41210002 473.65921021
0.40390003 473.81161499
0.40059999 473.96398926
0.39360002 474.11639404
0.38760003 474.26879883
0.38149998 474.42120361
0.37870002 474.57360840
0.37800002 474.72601318
0.37940001 474.87838745
0.38399997 475.03079224
0.39260000 475.18319702
0.39500001 475.33560181
0.39779997 475.48800659
0.39449999 475.64041138
0.39059997 475.79278564
0.38729998 475.94519043
0.38140002 476.09759521
0.38010001 476.25000000
0.37779999 476.40240479
0.37709996 476.55480957
0.37450001 476.70721436
0.37319997 476.85958862
0.37459999 477.01199341
0.37589997 477.16439819
0.37920001 477.31680298
0.38280001 477.46920776
0.36070001 477.62161255
0.32810003 477.77398682
0.31639999 477.92639160
0.30240002 478.07879639
0.29510000 478.23120117
0.29970002 478.38360596
0.29819998 478.53601074
0.35109997 478.68838501
0.37959999 478.84078979
0.37450001 478.99319458
0.38809997 479.14559937
0.42309999 479.29800415
0.42240003 479.45040894
0.42219999 479.60281372
0.42210001 479.75518799
0.42070001 479.90759277
0.41930002 480.05999756
0.41850001 480.21240234
0.41870001 480.36480713
0.42050001 480.51721191
0.42300001 480.66958618
0.42330000 480.82199097
0.42210001 480.97439575
0.42099997 481.12680054
0.42100002 481.27920532
0.42430001 481.43161011
0.42789999 481.58401489
0.42890000 481.73638916
0.43080002 481.88879395
0.42790002 482.04119873
0.42080000 482.19360352
0.41290000 482.34600830
0.40050000 482.49841309
0.40390000 482.65078735
0.40670002 482.80319214
0.40980002 482.95559692
0.41189998 483.10800171
0.40800002 483.26040649
0.40489998 483.41281128
0.38450000 483.56518555
0.37489998 483.71759033
0.36569998 483.86999512
0.36210001 484.02239990
0.35630003 484.17480469
0.35329998 484.32720947
0.35610002 484.47961426
0.35159999 484.63198853
0.34819999 484.78439331
0.34610000 484.93679810
0.34840000 485.08920288
0.36230004 485.24160767
0.36420003 485.39401245
0.36469999 485.54638672
0.36880001 485.69879150
0.36900002 485.85119629
0.37150002 486.00360107
0.37459999 486.15600586
0.37309998 486.30841064
0.38099998 486.46078491
0.38180003 486.61318970
0.38580000 486.76559448
0.38880000 486.91799927
0.38430002 487.07040405
0.38489997 487.22280884
0.38450000 487.37521362
0.38419998 487.52758789
0.39019999 487.67999268
0.39310002 487.83239746
0.39800000 487.98480225
0.39620000 488.13720703
0.38940004 488.28961182
0.38300002 488.44198608
0.37950000 488.59439087
0.36500001 488.74679565
0.35949999 488.89920044
0.35489997 489.05160522
0.35060003 489.20401001
0.35010001 489.35641479
0.34940004 489.50878906
0.34600002 489.66119385
0.34490001 489.81359863
0.34149998 489.96600342
0.34240001 490.11840820
0.34380001 490.27081299
0.34410003 490.42318726
0.34430000 490.57559204
0.34850001 490.72799683
0.35120001 490.88040161
0.35119998 491.03280640
0.34959999 491.18521118
0.34720001 491.33758545
0.34840000 491.48999023
0.35270002 491.64239502
0.35740000 491.79479980
0.36399999 491.94720459
0.36240000 492.09960938
0.36030000 492.25201416
0.35659999 492.40438843
0.34709999 492.55679321
0.35620001 492.70919800
0.36339998 492.86160278
0.36650002 493.01400757
0.36989996 493.16641235
0.36879998 493.31878662
0.36189997 493.47119141
0.35599998 493.62359619
0.34830001 493.77600098
0.34390002 493.92840576
0.34260002 494.08081055
0.34000000 494.23318481
0.33660001 494.38558960
0.33890000 494.53799438
0.33760002 494.69039917
0.33530000 494.84280396
0.33759999 494.99520874
0.33350003 495.14761353
0.33240002 495.29998779
0.33530003 495.45239258
0.33720002 495.60479736
0.33759999 495.75720215
0.33750001 495.90960693
0.33620003 496.06201172
0.33539999 496.21438599
0.33460000 496.36679077
0.33690003 496.51919556
0.33980000 496.67160034
0.35579997 496.82400513
0.36960003 496.97640991
0.37960002 497.12881470
0.39410004 497.28118896
0.39919999 497.43359375
0.41240001 497.58599854
0.41670001 497.73840332
0.42260000 497.89080811
0.42890000 498.04321289
0.43370003 498.19558716
0.44350001 498.34799194
0.43450001 498.50039673
0.43619999 498.65280151
0.41780001 498.80520630
0.39940000 498.95761108
0.38600004 499.10998535
0.35310000 499.26239014
0.35680002 499.41479492
0.33470005 499.56719971
0.33440000 499.71960449
0.33499998 499.87200928
0.32910001 500.02441406
0.34020001 500.17678833
0.34250003 500.32919312
0.36079997 500.48159790
0.38860002 500.63400269
0.39350000 500.78640747
0.40860003 500.93881226
0.41920000 501.09118652
0.42140001 501.24359131
0.42760000 501.39599609
0.42810002 501.54840088
0.42479998 501.70080566
0.42200002 501.85321045
0.41659996 502.00561523
0.41190001 502.15798950
0.40640002 502.31039429
0.39969999 502.46279907
0.39559996 502.61520386
0.38729998 502.76760864
0.38160002 502.92001343
0.37410000 503.07238770
0.35440001 503.22479248
0.32330000 503.37719727
0.31340000 503.52960205
0.31279999 503.68200684
0.32720003 503.83441162
0.34780002 503.98678589
0.36000001 504.13919067
0.37109998 504.29159546
0.37910002 504.44400024
0.37860000 504.59640503
0.37770000 504.74880981
0.37320000 504.90121460
0.36560002 505.05358887
0.36079997 505.20599365
0.35890001 505.35839844
0.35949999 505.51080322
0.35850000 505.66320801
0.35949999 505.81561279
0.35910001 505.96798706
0.35259998 506.12039185
0.34630001 506.27279663
0.33879998 506.42520142
0.33149999 506.57760620
0.31980002 506.73001099
0.31690001 506.88238525
0.31430000 507.03479004
0.31039998 507.18719482
0.30869997 507.33959961
0.30769998 507.49200439
0.30799997 507.64440918
0.30910000 507.79681396
0.31660002 507.94918823
0.32760000 508.10159302
0.33660004 508.25399780
0.34360000 508.40640259
0.35709998 508.55880737
0.37549996 508.71121216
0.38580000 508.86358643
0.40330002 509.01599121
0.41249999 509.16839600
0.42120001 509.32080078
0.43869999 509.47320557
0.45319998 509.62561035
0.47100002 509.77801514
0.47589999 509.93038940
0.46830001 510.08279419
0.45880002 510.23519897
0.45159999 510.38760376
0.43710002 510.54000854
0.42799997 510.69241333
0.42120001 510.84478760
0.42010003 510.99719238
0.41670001 511.14959717
0.40889999 511.30200195
0.40509999 511.45440674
0.38900000 511.60681152
0.37650001 511.75918579
0.35999998 511.91159058
0.35749999 512.06402588
0.35770002 512.21636963
0.36100000 512.36877441
0.36890003 512.52117920
0.37379998 512.67358398
0.37990001 512.82598877
0.38230002 512.97839355
0.38380000 513.13079834
0.38490003 513.28320312
0.38489997 513.43560791
0.38509998 513.58801270
0.38740000 513.74041748
0.38769999 513.89282227
0.38870001 514.04522705
0.39000002 514.19757080
0.38419998 514.34997559
0.37689996 514.50238037
0.36269999 514.65478516
0.35650000 514.80718994
0.35599998 514.95959473
0.35830000 515.11199951
0.35970002 515.26440430
0.36100000 515.41680908
0.36559999 515.56921387
0.36790001 515.72161865
0.37070000 515.87402344
0.37369999 516.02642822
0.37610000 516.17877197
0.38019997 516.33117676
0.38630003 516.48358154
0.39099997 516.63598633
0.39399999 516.78839111
0.39540002 516.94079590
0.39220002 517.09320068
0.38940001 517.24560547
0.39059997 517.39801025
0.39190003 517.55041504
0.39660004 517.70281982
0.40079999 517.85522461
0.40450004 518.00762939
0.40320000 518.15997314
0.39720002 518.31237793
0.39010000 518.46478271
0.38510001 518.61718750
0.38179997 518.76959229
0.37770000 518.92199707
0.36479998 519.07440186
0.35490000 519.22680664
0.34320000 519.37921143
0.34350002 519.53161621
0.34340003 519.68402100
0.34369996 519.83642578
0.34490001 519.98876953
0.34410000 520.14117432
0.34480003 520.29357910
0.34470001 520.44598389
0.34150001 520.59838867
0.33929998 520.75079346
0.33340001 520.90319824
0.32710001 521.05560303
0.32360002 521.20800781
0.32159996 521.36041260
0.31990001 521.51281738
0.32059997 521.66522217
0.32310003 521.81762695
0.32300001 521.96997070
0.32350001 522.12237549
0.32380003 522.27478027
0.32300001 522.42718506
0.32239997 522.57958984
0.32529998 522.73199463
0.32560000 522.88439941
0.32739997 523.03680420
0.33060002 523.18920898
0.31169996 523.34161377
0.29439998 523.49401855
0.27400002 523.64642334
0.23310000 523.79882812
0.19980001 523.95117188
0.18020004 524.10357666
0.16470003 524.25598145
0.17070001 524.40838623
0.18430001 524.56079102
0.19589996 524.71319580
0.22900003 524.86560059
0.23840001 525.01800537
0.26560000 525.17041016
0.28190002 525.32281494
0.31389996 525.47521973
0.32710001 525.62762451
0.35839999 525.78002930
0.36330000 525.93237305
0.37660003 526.08477783
0.38929999 526.23718262
0.39290002 526.38958740
0.39750001 526.54199219
0.40810001 526.69439697
0.41570002 526.84680176
0.42370000 526.99920654
0.42909998 527.15161133
0.43429998 527.30401611
0.43649998 527.45642090
0.44270003 527.60882568
0.42699999 527.76123047
0.41690001 527.91357422
0.40850002 528.06597900
0.39730000 528.21838379
0.39329997 528.37078857
0.39370000 528.52319336
0.38870001 528.67559814
0.38969997 528.82800293
0.38770002 528.98040771
0.38540003 529.13281250
0.38209999 529.28521729
0.37900004 529.43762207
0.38150001 529.59002686
0.38190001 529.74237061
0.38209999 529.89477539
0.38349998 530.04718018
0.38360000 530.19958496
0.38509998 530.35198975
0.38680002 530.50439453
0.39919999 530.65679932
0.40990004 530.80920410
0.42320001 530.96160889
0.44209999 531.11401367
0.45629999 531.26641846
0.46650001 531.41882324
0.47900000 531.57122803
0.48570001 531.72357178
0.47930002 531.87597656
0.46799999 532.02838135
0.45310000 532.18078613
0.44389999 532.33319092
0.42770001 532.48559570
0.41989997 532.63800049
0.40589997 532.79040527
0.39810002 532.94281006
0.39259997 533.09521484
0.39070001 533.24761963
0.39230001 533.40002441
0.40120003 533.55242920
0.41549999 533.70477295
0.43840000 533.85717773
0.45469999 534.00958252
0.46980000 534.16198730
0.49150002 534.31439209
0.52640000 534.46679688
0.54310000 534.61920166
0.55250001 534.77160645
0.55689999 534.92401123
0.54269999 535.07641602
0.51589999 535.22882080
0.48660004 535.38122559
0.45580003 535.53363037
0.44409999 535.68597412
0.43370003 535.83837891
0.42770001 535.99078369
0.41690004 536.14318848
0.40259999 536.29559326
0.39119998 536.44799805
0.37850001 536.60040283
0.37439999 536.75280762
0.37269998 536.90521240
0.37119997 537.05761719
0.37130001 537.21002197
0.36899996 537.36242676
0.36939999 537.51477051
0.36870000 537.66717529
0.36770001 537.81958008
0.36700001 537.97198486
0.36560002 538.12438965
0.36669999 538.27679443
0.36859998 538.42919922
0.36999997 538.58160400
0.37040001 538.73400879
0.37270004 538.88641357
0.37279996 539.03881836
0.37300003 539.19122314
0.37399998 539.34362793
0.37399998 539.49597168
0.37450001 539.64837646
0.37509999 539.80078125
0.37500003 539.95318604
0.37539998 540.10559082
0.37740001 540.25799561
0.37869999 540.41040039
0.38030002 540.56280518
0.38529998 540.71520996
0.38839999 540.86761475
0.39130002 541.02001953
0.40639997 541.17242432
0.41059998 541.32482910
0.42030001 541.47717285
0.42620003 541.62957764
0.43890002 541.78198242
0.43289998 541.93438721
0.43180001 542.08679199
0.42030004 542.23919678
0.40709999 542.39160156
0.39499998 542.54400635
0.38349998 542.69641113
0.36149997 542.84881592
0.34570000 543.00122070
0.33960000 543.15362549
0.33230001 543.30603027
0.32580003 543.45837402
0.31970000 543.61077881
0.31270000 543.76318359
0.30569997 543.91558838
0.30570000 544.06799316
0.30480000 544.22039795
0.30450001 544.37280273
0.30550003 544.52520752
0.30789998 544.67761230
0.30689999 544.83001709
0.30809999 544.98242188
0.30509999 545.13482666
0.30330002 545.28717041
0.30200002 545.43957520
0.30130002 545.59197998
0.29760000 545.74438477
0.29950002 545.89678955
0.31029996 546.04919434
0.31569999 546.20159912
0.32029998 546.35400391
0.32129997 546.50640869
0.32000002 546.65881348
0.31740001 546.81121826
0.31349999 546.96362305
0.29430002 547.11602783
0.30200002 547.26837158
0.32900000 547.42077637
0.35040003 547.57318115
0.40739998 547.72558594
0.45520000 547.87799072
0.49720000 548.03039551
0.53060000 548.18280029
0.55669998 548.33520508
0.56270002 548.48760986
0.55450000 548.64001465
0.52429998 548.79241943
0.50179999 548.94482422
0.47820000 549.09722900
0.43819998 549.24957275
0.42840001 549.40197754
0.42219999 549.55438232
0.41640002 549.70678711
0.40919998 549.85919189
0.40410003 550.01159668
0.40340000 550.16400146
0.40000001 550.31640625
0.39860001 550.46881104
0.39679998 550.62121582
0.39619997 550.77362061
0.39409998 550.92602539
0.39379999 551.07843018
0.38900000 551.23077393
0.38640001 551.38317871
0.38320002 551.53558350
0.37660000 551.68798828
0.37100002 551.84039307
0.36749998 551.99279785
0.36240000 552.14520264
0.35889998 552.29760742
0.35760000 552.45001221
0.35619998 552.60241699
0.35450000 552.75482178
0.35470000 552.90722656
0.35510001 553.05957031
0.35619998 553.21197510
0.35850003 553.36437988
0.35939997 553.51678467
0.35990003 553.66918945
0.36189997 553.82159424
0.36220002 553.97399902
0.36069998 554.12640381
0.36039999 554.27880859
0.35859999 554.43121338
0.35420001 554.58361816
0.35170001 554.73602295
0.34789997 554.88842773
0.34480000 555.04077148
0.33939999 555.19317627
0.34079999 555.34558105
0.34160000 555.49798584
0.34700000 555.65039062
0.35419998 555.80279541
0.36119998 555.95520020
0.36579996 556.10760498
0.36260003 556.26000977
0.36059999 556.41241455
0.35419998 556.56481934
0.34910002 556.71722412
0.34619999 556.86962891
0.34730002 557.02197266
0.36849999 557.17437744
0.37989998 557.32678223
0.40020001 557.47918701
0.40820003 557.63159180
0.41800001 557.78399658
0.42280000 557.93640137
0.42469999 558.08880615
0.42729998 558.24121094
0.42350000 558.39361572
0.41690004 558.54602051
0.41049999 558.69842529
0.40610000 558.85083008
0.39959997 559.00317383
0.39249998 559.15557861
0.38869998 559.30798340
0.38190001 559.46038818
0.37659997 559.61279297
0.37510002 559.76519775
0.37179998 559.91760254
0.36870000 560.07000732
0.36630002 560.22241211
0.36389998 560.37481689
0.37550002 560.52722168
0.38110003 560.67962646
0.38770002 560.83197021
0.39429998 560.98437500
0.39730000 561.13677979
0.40579998 561.28918457
0.40750000 561.44158936
0.41000000 561.59399414
0.40179998 561.74639893
0.39179999 561.89880371
0.38799998 562.05120850
0.38389999 562.20361328
0.37300000 562.35601807
0.36920002 562.50842285
0.36130002 562.66082764
0.35830000 562.81317139
0.35510001 562.96557617
0.35229999 563.11798096
0.41159999 563.27038574
0.44570002 563.42279053
0.47360000 563.57519531
0.49660003 563.72760010
0.50750002 563.88000488
0.52010000 564.03240967
0.51459998 564.18481445
0.51169997 564.33721924
0.49919999 564.48962402
0.48310000 564.64202881
0.45110002 564.79437256
0.43119997 564.94677734
0.39620003 565.09918213
0.38170001 565.25158691
0.37319997 565.40399170
0.36829999 565.55639648
0.35850000 565.70880127
0.35110003 565.86120605
0.34459999 566.01361084
0.33439997 566.16601562
0.32979998 566.31842041
0.32730004 566.47082520
0.32130000 566.62322998
0.32130000 566.77557373
0.32170001 566.92797852
0.32340002 567.08038330
0.32570001 567.23278809
0.32530001 567.38519287
0.32620001 567.53759766
0.32579997 567.69000244
0.32230002 567.84240723
0.32200000 567.99481201
0.32150000 568.14721680
0.32060003 568.29962158
0.31920001 568.45202637
0.31900001 568.60437012
0.31840000 568.75677490
0.31770003 568.90917969
0.31560004 569.06158447
0.31100002 569.21398926
0.30930001 569.36639404
0.30780002 569.51879883
0.30770001 569.67120361
0.30800003 569.82360840
0.31009999 569.97601318
0.31149998 570.12841797
0.31439999 570.28082275
0.31719998 570.43322754
0.31670001 570.58557129
0.31630003 570.73797607
0.31650001 570.89038086
0.31719998 571.04278564
0.31899998 571.19519043
0.32300001 571.34759521
0.32750002 571.50000000
0.33060002 571.65240479
0.33200002 571.80480957
0.33500001 571.95721436
0.33440003 572.10961914
0.33479998 572.26202393
0.33500001 572.41442871
0.33540002 572.56677246
0.33849996 572.71917725
0.34290004 572.87158203
0.34830004 573.02398682
0.35389999 573.17639160
0.36049998 573.32879639
0.36320001 573.48120117
0.37029997 573.63360596
0.37320000 573.78601074
0.37410000 573.93841553
0.37410003 574.09082031
0.37260002 574.24322510
0.37380004 574.39562988
0.37819996 574.54797363
0.39160001 574.70037842
0.40199998 574.85278320
0.40870002 575.00518799
0.41529998 575.15759277
0.41899997 575.30999756
0.41760001 575.46240234
0.41490003 575.61480713
0.41119999 575.76721191
0.40600002 575.91961670
0.40000001 576.07202148
0.39910004 576.22442627
0.39529997 576.37677002
0.38880002 576.52917480
0.37739998 576.68157959
0.37840003 576.83398438
0.38530001 576.98638916
0.41029999 577.13879395
0.44040003 577.29119873
0.45779997 577.44360352
0.49930003 577.59600830
0.51590002 577.74841309
0.52339999 577.90081787
0.52509998 578.05322266
0.50729997 578.20562744
0.49679998 578.35797119
0.47719997 578.51037598
0.46560000 578.66278076
0.44800001 578.81518555
0.43179998 578.96759033
0.42510000 579.11999512
0.41900000 579.27239990
0.41889998 579.42480469
0.41909999 579.57720947
0.41840002 579.72961426
0.41880000 579.88201904
0.41659999 580.03442383
0.41349998 580.18682861
0.41020000 580.33917236
0.40699998 580.49157715
0.40380001 580.64398193
0.39530003 580.79638672
0.38640001 580.94879150
0.37230003 581.10119629
0.36770001 581.25360107
0.36659998 581.40600586
0.36510003 581.55841064
0.35960001 581.71081543
0.35830003 581.86322021
0.35670003 582.01562500
0.35210004 582.16802979
0.35119998 582.32037354
0.34530002 582.47277832
0.33829999 582.62518311
0.33150002 582.77758789
0.33399999 582.92999268
0.34520000 583.08239746
0.35920000 583.23480225
0.37650001 583.38720703
0.39980000 583.53961182
0.41030002 583.69201660
0.41819999 583.84442139
0.41999999 583.99682617
0.42030001 584.14916992
0.40580001 584.30157471
0.39300001 584.45397949
0.37340000 584.60638428
0.35830003 584.75878906
0.34240001 584.91119385
0.33169997 585.06359863
0.32650000 585.21600342
0.31489998 585.36840820
0.31329998 585.52081299
0.30910003 585.67321777
0.30460000 585.82562256
0.30299997 585.97802734
0.30210003 586.13037109
0.30250001 586.28277588
0.30410001 586.43518066
0.30510002 586.58758545
0.30540001 586.73999023
0.30680001 586.89239502
0.30210000 587.04479980
0.30120000 587.19720459
0.30299997 587.34960938
0.30270001 587.50201416
0.30460000 587.65441895
0.30660000 587.80682373
0.30840001 587.95922852
0.30540001 588.11157227
0.30579999 588.26397705
0.30430001 588.41638184
0.29659998 588.56878662
0.29770002 588.72119141
0.29399997 588.87359619
0.29470000 589.02600098
0.29819998 589.17840576
0.29880002 589.33081055
0.29900002 589.48321533
0.29970002 589.63562012
0.29899999 589.78802490
0.30100003 589.94042969
0.30459997 590.09277344
0.30610001 590.24517822
0.30990002 590.39758301
0.30950001 590.54998779
0.30660003 590.70239258
0.30759999 590.85479736
0.30870003 591.00720215
0.31259996 591.15960693
0.32650003 591.31201172
0.34339997 591.46441650
0.40729997 591.61682129
0.42120001 591.76922607
0.42899999 591.92156982
0.42990002 592.07397461
0.42480001 592.22637939
0.42260000 592.37878418
0.41720003 592.53118896
0.40920001 592.68359375
0.40830001 592.83599854
0.40740001 592.98840332
0.40229997 593.14080811
0.39629999 593.29321289
0.38999999 593.44561768
0.38240001 593.59802246
0.37269998 593.75042725
0.37290004 593.90277100
0.37300003 594.05517578
0.36989999 594.20758057
0.36799997 594.35998535
0.36560002 594.51239014
0.36469999 594.66479492
0.36510000 594.81719971
0.36520001 594.96960449
0.36469999 595.12200928
0.36500004 595.27441406
0.36390001 595.42681885
0.35920000 595.57922363
0.35670000 595.73162842
0.35380000 595.88397217
0.35840002 596.03637695
0.36030003 596.18878174
0.36710000 596.34118652
0.37080002 596.49359131
0.37470001 596.64599609
0.37740001 596.79840088
0.36660001 596.95080566
0.36330000 597.10321045
0.35820001 597.25561523
0.34930003 597.40802002
0.33929998 597.56042480
0.33129999 597.71282959
0.32740000 597.86517334
0.32130000 598.01757812
0.32050002 598.16998291
0.31699997 598.32238770
0.31669998 598.47479248
0.31809998 598.62719727
0.32139999 598.77960205
0.32459998 598.93200684
0.32900000 599.08441162
0.33210000 599.23681641
0.33640000 599.38922119
0.33769998 599.54162598
0.34300002 599.69396973
0.34439999 599.84637451
0.34489998 599.99877930
0.34680000 600.15118408
0.34819999 600.30358887
0.34960002 600.45599365
0.35450000 600.60839844
0.35820001 600.76080322
0.35909998 600.91320801
0.35689998 601.06561279
0.35139999 601.21801758
0.35020000 601.37042236
0.36489999 601.52282715
0.38880000 601.67517090
0.42739999 601.82757568
0.46839997 601.97998047
0.50179997 602.13238525
0.54670000 602.28479004
0.58040000 602.43719482
0.60179998 602.58959961
0.58889998 602.74200439
0.56739999 602.89440918
0.52940002 603.04681396
0.49489997 603.19921875
0.47110000 603.35162354
0.45179999 603.50402832
0.43049997 603.65637207
0.43040001 603.80877686
0.43430001 603.96118164
0.42890003 604.11358643
0.42560002 604.26599121
0.42010000 604.41839600
0.41059998 604.57080078
0.40640002 604.72320557
0.39900002 604.87561035
0.38910002 605.02801514
0.37990001 605.18041992
0.37490004 605.33282471
0.36830002 605.48522949
0.36090001 605.63757324
0.36030000 605.78997803
0.35580000 605.94238281
0.35580000 606.09478760
0.35740003 606.24719238
0.36809999 606.39959717
0.37210000 606.55200195
0.37950000 606.70440674
0.38830000 606.85681152
0.39129999 607.00921631
0.39250001 607.16162109
0.39370000 607.31402588
0.39310002 607.46636963
0.38940004 607.61877441
0.38410002 607.77117920
0.38270000 607.92358398
0.38310000 608.07598877
0.38309997 608.22839355
0.38100001 608.38079834
0.37919998 608.53320312
0.37679997 608.68560791
0.37390000 608.83801270
0.37219998 608.99041748
0.37470001 609.14282227
0.37699997 609.29522705
0.38000003 609.44757080
0.38030002 609.59997559
0.37820002 609.75238037
0.37600002 609.90478516
0.36990002 610.05718994
0.36460000 610.20959473
0.35960001 610.36199951
0.35460001 610.51440430
0.35310003 610.66680908
0.34849998 610.81921387
0.34840000 610.97161865
0.34920001 611.12402344
0.34959999 611.27642822
0.35040000 611.42877197
0.35200000 611.58117676
0.35420001 611.73358154
0.35770002 611.88598633
0.36820000 612.03839111
0.37579998 612.19079590
0.38530001 612.34320068
0.38560003 612.49560547
0.37959999 612.64801025
0.36759999 612.80041504
0.35699996 612.95281982
0.34480003 613.10522461
0.33219999 613.25762939
0.32810003 613.40997314
0.31100002 613.56237793
0.30610001 613.71478271
0.29640001 613.86718750
0.29339999 614.01959229
0.29349998 614.17199707
0.29599997 614.32440186
0.29850000 614.47680664
0.30070001 614.62921143
0.30299997 614.78161621
0.30510002 614.93402100
0.30759999 615.08642578
0.31070000 615.23876953
0.31210002 615.39117432
0.31369999 615.54357910
0.31170002 615.69598389
0.32159999 615.84838867
0.32600003 616.00079346
0.33280000 616.15319824
0.34420002 616.30560303
0.35370001 616.45800781
0.35599998 616.61041260
0.36450002 616.76281738
0.35839999 616.91522217
0.35139996 617.06762695
0.34580001 617.21997070
0.33739999 617.37237549
0.32310000 617.52478027
0.30710000 617.67718506
0.29310000 617.82958984
0.28830001 617.98199463
0.28379998 618.13439941
0.27390003 618.28680420
0.26960000 618.43920898
0.26679999 618.59161377
0.27310002 618.74401855
0.34169999 618.89642334
0.35830003 619.04882812
0.37189999 619.20117188
0.37850001 619.35357666
0.37969998 619.50598145
0.37640002 619.65838623
0.37219998 619.81079102
0.36020002 619.96319580
0.35410002 620.11560059
0.35159999 620.26800537
0.35180002 620.42041016
0.35510004 620.57281494
0.36450002 620.72521973
0.38450000 620.87762451
0.42940000 621.03002930
0.46279997 621.18237305
0.46070001 621.33477783
0.46029997 621.48718262
0.45220003 621.63958740
0.44260001 621.79199219
0.43320003 621.94439697
0.42510000 622.09680176
0.41759998 622.24920654
0.41639999 622.40161133
0.41650003 622.55401611
0.42320001 622.70642090
0.42789999 622.85882568
0.43279997 623.01123047
0.43280002 623.16357422
0.43279997 623.31597900
0.42789999 623.46838379
0.42369998 623.62078857
0.40579998 623.77319336
0.39160004 623.92559814
0.38320002 624.07800293
0.36680001 624.23040771
0.35389999 624.38281250
0.34490001 624.53521729
0.33829999 624.68762207
0.33349997 624.84002686
0.33129999 624.99237061
0.33440003 625.14477539
0.33979997 625.29718018
0.34329998 625.44958496
0.34600002 625.60198975
0.34550002 625.75439453
0.34320003 625.90679932
0.34310004 626.05920410
0.34639996 626.21160889
0.34959999 626.36401367
0.35260001 626.51641846
0.35820001 626.66882324
0.35969999 626.82122803
0.35850000 626.97357178
0.36150002 627.12597656
0.36659998 627.27838135
0.37020001 627.43078613
0.37879997 627.58319092
0.38320002 627.73559570
0.39719999 627.88800049
0.39980000 628.04040527
0.40730003 628.19281006
0.40820000 628.34521484
0.40479997 628.49761963
0.40460002 628.65002441
0.39719999 628.80242920
0.38939998 628.95477295
0.37750000 629.10717773
0.37029997 629.25958252
0.36379999 629.41198730
0.35049996 629.56439209
0.34540001 629.71679688
0.34070000 629.86920166
0.33809999 630.02160645
0.34639999 630.17401123
0.35940000 630.32641602
0.38399997 630.47882080
0.40609998 630.63122559
0.41469997 630.78363037
0.42690000 630.93597412
0.45850003 631.08837891
0.48000002 631.24078369
0.50330001 631.39318848
0.50440001 631.54559326
0.51110002 631.69799805
0.51190001 631.85040283
0.51230001 632.00280762
0.51830000 632.15521240
0.51820001 632.30761719
0.51120001 632.46002197
0.51199999 632.61242676
0.50479996 632.76477051
0.49799997 632.91717529
0.47770002 633.06958008
0.46140000 633.22198486
0.44669998 633.37438965
0.42860001 633.52679443
0.42300004 633.67919922
0.41999999 633.83160400
0.41179997 633.98400879
0.40740001 634.13641357
0.41390002 634.28881836
0.41820002 634.44122314
0.42460001 634.59362793
0.42480004 634.74597168
0.41679999 634.89837646
0.41150001 635.05078125
0.39609998 635.20318604
0.38810003 635.35559082
0.37720001 635.50799561
0.37850001 635.66040039
0.37540001 635.81280518
0.37360001 635.96520996
0.37050003 636.11761475
0.36659998 636.27001953
0.36789998 636.42242432
0.36920002 636.57482910
0.37160003 636.72717285
0.37789997 636.87957764
0.38250002 637.03198242
0.39030001 637.18438721
0.39460003 637.33679199
0.39649999 637.48919678
0.40140000 637.64160156
0.39840001 637.79400635
0.39150000 637.94641113
0.38689998 638.09881592
0.38110000 638.25122070
0.37820002 638.40362549
0.38159996 638.55603027
0.39179999 638.70837402
0.40120000 638.86077881
0.40959999 639.01318359
0.42300001 639.16558838
0.42590001 639.31799316
0.42650002 639.47039795
0.42060000 639.62280273
0.41180003 639.77520752
0.40159997 639.92761230
0.38870001 640.08001709
0.37419999 640.23242188
0.36480001 640.38482666
0.36450002 640.53717041
0.35759997 640.68957520
0.34930000 640.84197998
0.34489998 640.99438477
0.33490002 641.14678955
0.32550004 641.29919434
0.32269996 641.45159912
0.31869999 641.60400391
0.32000002 641.75640869
0.31590000 641.90881348
0.31939998 642.06121826
0.32260001 642.21362305
0.33180001 642.36602783
0.33850002 642.51837158
0.36440000 642.67077637
0.38590002 642.82318115
0.40720001 642.97558594
0.40929997 643.12799072
0.41309997 643.28039551
0.41150004 643.43280029
0.40929997 643.58520508
0.40819997 643.73760986
0.40390003 643.89001465
0.39710000 644.04241943
0.38949999 644.19482422
0.36550000 644.34722900
0.34560001 644.49957275
0.32110003 644.65197754
0.30560002 644.80438232
0.30200002 644.95678711
0.29570001 645.10919189
0.29709998 645.26159668
0.30190000 645.41400146
0.30760002 645.56640625
0.31799999 645.71881104
0.32539999 645.87121582
0.34749997 646.02362061
0.36940002 646.17602539
0.38859999 646.32843018
0.38980001 646.48077393
0.39320004 646.63317871
0.39410004 646.78558350
0.39109999 646.93798828
0.38450000 647.09039307
0.44319999 647.24279785
0.43529996 647.39520264
0.43529996 647.54760742
0.42859998 647.70001221
0.41410002 647.85241699
0.39450002 648.00482178
0.40229997 648.15722656
0.40809998 648.30957031
0.41970000 648.46197510
0.43709996 648.61437988
0.44450000 648.76678467
0.45469999 648.91918945
0.45309997 649.07159424
0.44180000 649.22399902
0.42699999 649.37640381
0.40550002 649.52880859
0.38679999 649.68121338
0.39019999 649.83361816
0.39210001 649.98602295
0.38760000 650.13842773
0.38720000 650.29077148
0.38299999 650.44317627
0.38159999 650.59558105
0.38490003 650.74798584
0.38000000 650.90039062
0.37040001 651.05279541
0.36180001 651.20520020
0.34869999 651.35760498
0.33810002 651.51000977
0.33019999 651.66241455
0.32459998 651.81481934
0.31759998 651.96722412
0.31369999 652.11962891
0.31610000 652.27197266
0.31620002 652.42437744
0.31539997 652.57678223
0.31320003 652.72918701
0.30970001 652.88159180
0.30779997 653.03399658
0.30060002 653.18640137
0.29799998 653.33880615
0.29559997 653.49121094
0.29250002 653.64361572
0.29220000 653.79602051
0.29070002 653.94842529
0.29039997 654.10083008
0.28750002 654.25317383
0.28729999 654.40557861
0.28809997 654.55798340
0.28850001 654.71038818
0.29249999 654.86279297
0.29649997 655.01519775
0.29960001 655.16760254
0.30309999 655.32000732
0.30629998 655.47241211
0.30809999 655.62481689
0.31020004 655.77722168
0.31270000 655.92962646
0.31469998 656.08197021
0.31970000 656.23437500
0.32300001 656.38677979
0.32369998 656.53918457
0.32389998 656.69158936
0.32109997 656.84399414
0.31840000 656.99639893
0.31300002 657.14880371
0.30580002 657.30120850
0.30309999 657.45361328
0.29759997 657.60601807
0.29159999 657.75842285
0.28600001 657.91082764
0.28289998 658.06317139
0.28400001 658.21557617
0.28530002 658.36798096
0.28729999 658.52038574
0.28909999 658.67279053
0.29020000 658.82519531
0.28970000 658.97760010
0.28709999 659.13000488
0.28599998 659.28240967
0.28730002 659.43481445
0.28830001 659.58721924
0.28220001 659.73962402
0.28560001 659.89202881
0.28889999 660.04437256
0.30289999 660.19677734
0.31709999 660.34918213
0.34639999 660.50158691
0.38229996 660.65399170
0.39850003 660.80639648
0.41499999 660.95880127
0.42890000 661.11120605
0.44610003 661.26361084
0.46689999 661.41601562
0.49039999 661.56842041
0.50350001 661.72082520
0.51249999 661.87322998
0.52460003 662.02557373
0.53559998 662.17797852
0.53760001 662.33038330
0.53950000 662.48278809
0.53329998 662.63519287
0.52409998 662.78759766
0.50180000 662.94000244
0.47809997 663.09240723
0.45930001 663.24481201
0.43340001 663.39721680
0.41600001 663.54962158
0.39040002 663.70202637
0.38200000 663.85437012
0.37059999 664.00677490
0.36020002 664.15917969
0.35830003 664.31158447
0.35470000 664.46398926
0.35529998 664.61639404
0.35789999 664.76879883
0.35930002 664.92120361
0.36179999 665.07360840
0.36269999 665.22601318
0.36200002 665.37841797
0.36059999 665.53082275
0.35870001 665.68322754
0.35249999 665.83557129
0.34949997 665.98797607
0.34630004 666.14038086
0.34099999 666.29278564
0.33989999 666.44519043
0.33720002 666.59759521
0.33560002 666.75000000
0.33620000 666.90240479
0.33490002 667.05480957
0.33660001 667.20721436
0.33989999 667.35961914
0.34240001 667.51202393
0.34769997 667.66442871
0.35769999 667.81677246
0.36210001 667.96917725
0.36629999 668.12158203
0.37199998 668.27398682
0.37169999 668.42639160
0.36860001 668.57879639
0.36829999 668.73120117
0.37020001 668.88360596
0.37259999 669.03601074
0.37740001 669.18841553
0.38080001 669.34082031
0.37459999 669.49322510
0.37219998 669.64562988
0.36360002 669.79797363
0.35749999 669.95037842
0.35019997 670.10278320
0.34519997 670.25518799
0.34099999 670.40759277
0.34370002 670.55999756
0.35019997 670.71240234
0.36110002 670.86480713
0.36659998 671.01721191
0.37329999 671.16961670
0.37459999 671.32202148
0.36150002 671.47442627
0.34650001 671.62677002
0.33900002 671.77917480
0.33219999 671.93157959
0.32900000 672.08398438
0.32740000 672.23638916
0.32160002 672.38879395
0.31780002 672.54119873
0.31070000 672.69360352
0.30290002 672.84600830
0.29600000 672.99841309
0.29300001 673.15081787
0.29299998 673.30322266
0.28610000 673.45562744
0.28330001 673.60797119
0.27780002 673.76037598
0.26819998 673.91278076
0.26789999 674.06518555
0.26800001 674.21759033
0.27010000 674.36999512
0.27579999 674.52239990
0.27969998 674.67480469
0.28310001 674.82720947
0.28749996 674.97961426
0.28700000 675.13201904
0.28790003 675.28442383
0.28760001 675.43682861
0.29060003 675.58917236
0.29760000 675.74157715
0.30200002 675.89398193
0.30360001 676.04638672
0.30699998 676.19879150
0.30660000 676.35119629
0.31750003 676.50360107
0.33040002 676.65600586
0.34570003 676.80841064
0.35530001 676.96081543
0.36080000 677.11322021
0.36999997 677.26562500
0.37729999 677.41802979
0.37919998 677.57037354
0.38599998 677.72277832
0.37939999 677.87518311
0.36559999 678.02758789
0.35339996 678.17999268
0.33139998 678.33239746
0.33169997 678.48480225
0.33759996 678.63720703
0.34020001 678.78961182
0.34520000 678.94201660
0.34830001 679.09442139
0.35200000 679.24682617
0.35659999 679.39916992
0.35759997 679.55157471
0.36730003 679.70397949
0.37029999 679.85638428
0.37480003 680.00878906
0.37500000 680.16119385
0.36639997 680.31359863
0.35459998 680.46600342
0.34410003 680.61840820
0.33200002 680.77081299
0.32470003 680.92321777
0.32370001 681.07562256
0.32370001 681.22802734
0.32539999 681.38037109
0.32809997 681.53277588
0.33059999 681.68518066
0.33180001 681.83758545
0.33380002 681.98999023
0.33290002 682.14239502
0.33890003 682.29479980
0.34369999 682.44720459
0.34860000 682.59960938
0.35310000 682.75201416
0.35450000 682.90441895
0.35320002 683.05682373
0.34860003 683.20922852
0.34210002 683.36157227
0.34779999 683.51397705
0.35089996 683.66638184
0.36010000 683.81878662
0.36680001 683.97119141
0.37520000 684.12359619
0.38030002 684.27600098
0.38229999 684.42840576
0.37899998 684.58081055
0.37219998 684.73321533
0.36409998 684.88562012
0.35709998 685.03802490
0.34650001 685.19042969
0.33190000 685.34277344
0.32129997 685.49517822
0.31119999 685.64758301
0.30569997 685.79998779
0.29380000 685.95239258
0.28469998 686.10479736
0.27390003 686.25720215
0.26809999 686.40960693
0.26870003 686.56201172
0.27110001 686.71441650
0.27200001 686.86682129
0.27429998 687.01922607
0.27560002 687.17156982
0.27129999 687.32397461
0.27069998 687.47637939
0.26969999 687.62878418
0.26670000 687.78118896
0.26800001 687.93359375
0.27010003 688.08599854
0.27040002 688.23840332
0.27390000 688.39080811
0.27350000 688.54321289
0.27340001 688.69561768
0.27329996 688.84802246
0.27329999 689.00042725
0.27210000 689.15277100
0.27160001 689.30517578
0.27389997 689.45758057
0.27609998 689.60998535
0.27880001 689.76239014
0.28950000 689.91479492
0.30539998 690.06719971
0.31289998 690.21960449
0.32220003 690.37200928
0.33680001 690.52441406
0.32650000 690.67681885
0.32529998 690.82922363
0.32159999 690.98162842
0.31930000 691.13397217
0.32130000 691.28637695
0.31970003 691.43878174
0.32290000 691.59118652
0.32220003 691.74359131
0.32069999 691.89599609
0.33089998 692.04840088
0.33550000 692.20080566
0.34860000 692.35321045
0.35910001 692.50561523
0.37560001 692.65802002
0.38279998 692.81042480
0.38600001 692.96282959
0.39160001 693.11517334
0.39420003 693.26757812
0.39730003 693.41998291
0.39649999 693.57238770
0.38960001 693.72479248
0.38589999 693.87719727
0.37590000 694.02960205
0.36339998 694.18200684
0.34680000 694.33441162
0.33510000 694.48681641
0.32440001 694.63922119
0.31830001 694.79162598
0.31179997 694.94396973
0.30440003 695.09637451
0.30179998 695.24877930
0.30240002 695.40118408
0.30710000 695.55358887
0.31089997 695.70599365
0.32219997 695.85839844
0.34450001 696.01080322
0.35499999 696.16320801
0.35960001 696.31561279
0.36620000 696.46801758
0.36389998 696.62042236
0.35929999 696.77282715
0.35530001 696.92517090
0.34990001 697.07757568
0.34809998 697.22998047
0.34630001 697.38238525
0.34150001 697.53479004
0.33810002 697.68719482
0.32880002 697.83959961
0.32330003 697.99200439
0.31560001 698.14440918
0.31329998 698.29681396
0.31419998 698.44921875
0.31400001 698.60162354
0.31509998 698.75402832
0.31470001 698.90637207
0.30720001 699.05877686
0.29940000 699.21118164
0.29010001 699.36358643
0.28160000 699.51599121
0.27300000 699.66839600
0.26999998 699.82080078
0.26460001 699.97320557
0.26439998 700.12561035
0.26399997 700.27801514
0.26499999 700.43041992
0.26999998 700.58282471
0.26939997 700.73522949
0.27090001 700.88757324
0.27019998 701.03997803
0.26980001 701.19238281
0.26799998 701.34478760
0.26889998 701.49719238
0.27190000 701.64959717
0.27540004 701.80200195
0.28089997 701.95440674
0.28400004 702.10681152
0.28850001 702.25921631
0.29179999 702.41162109
0.29340002 702.56402588
0.30270001 702.71636963
0.31100002 702.86877441
0.31570002 703.02117920
0.32770002 703.17358398
0.33039999 703.32598877
0.33530000 703.47839355
0.33430001 703.63079834
0.32299998 703.78320312
0.31959999 703.93560791
0.32019997 704.08801270
0.31459999 704.24041748
0.31519997 704.39282227
0.31239998 704.54522705
0.30969998 704.69757080
0.30369997 704.84997559
0.28739998 705.00238037
0.28189999 705.15478516
0.27090001 705.30718994
0.26510003 705.45959473
0.27869999 705.61199951
0.28310001 705.76440430
0.30950001 705.91680908
0.32730001 706.06921387
0.34330001 706.22161865
0.35740000 706.37402344
0.35969999 706.52642822
0.35740003 706.67877197
0.35029998 706.83117676
0.34290001 706.98358154
0.34400001 707.13598633
0.34579998 707.28839111
0.35290000 707.44079590
0.36169997 707.59320068
0.36440000 707.74560547
0.37029999 707.89801025
0.38540000 708.05041504
0.38900000 708.20281982
0.39950001 708.35522461
0.40390003 708.50762939
0.41039997 708.65997314
0.41119999 708.81237793
0.41119999 708.96478271
0.40850002 709.11718750
0.41630000 709.26959229
0.41679999 709.42199707
0.41769999 709.57440186
0.40930000 709.72680664
0.38720003 709.87921143
0.37160000 710.03161621
0.34129998 710.18402100
0.32890001 710.33642578
0.31800002 710.48876953
0.30719998 710.64117432
0.29809999 710.79357910
0.29589999 710.94598389
0.29610002 711.09838867
0.30080003 711.25079346
0.30129996 711.40319824
0.30470002 711.55560303
0.30340001 711.70800781
0.30310002 711.86041260
0.30180001 712.01281738
0.30249998 712.16522217
0.30040002 712.31762695
0.29999998 712.46997070
0.29810002 712.62237549
0.29789999 712.77478027
0.29380000 712.92718506
0.28389996 713.07958984
0.28270000 713.23199463
0.27810001 713.38439941
0.27700001 713.53680420
0.27849999 713.68920898
0.28550002 713.84161377
0.29110000 713.99401855
0.29879999 714.14642334
0.30430001 714.29882812
0.30870000 714.45117188
0.31000000 714.60357666
0.30660000 714.75598145
0.30849999 714.90838623
0.30789998 715.06079102
0.30860001 715.21319580
0.30650002 715.36560059
0.30589998 715.51800537
0.29350004 715.67041016
0.28340000 715.82281494
0.26740003 715.97521973
0.26699999 716.12762451
0.28020003 716.28002930
0.29030001 716.43237305
0.30780002 716.58477783
0.31550002 716.73718262
0.31970000 716.88958740
0.32069996 717.04199219
0.32130003 717.19439697
0.31709999 717.34680176
0.31950000 717.49920654
0.32000002 717.65161133
0.31919998 717.80401611
0.31770000 717.95642090
0.31569999 718.10882568
0.31439999 718.26123047
0.31179997 718.41357422
0.31090003 718.56597900
0.30930001 718.71838379
0.30980003 718.87078857
0.30970001 719.02319336
0.31050003 719.17559814
0.31309998 719.32800293
0.31569999 719.48040771
0.32240003 719.63281250
0.32760000 719.78521729
0.33950001 719.93762207
0.34590000 720.09002686
0.35350001 720.24237061
0.35920000 720.39477539
0.35450000 720.54718018
0.34180000 720.69958496
0.33410001 720.85198975
0.31760001 721.00439453
0.29460001 721.15679932
0.28160000 721.30920410
0.27860001 721.46160889
0.27520001 721.61401367
0.27140000 721.76641846
0.26629996 721.91882324
0.26109999 722.07122803
0.25540000 722.22357178
0.25240001 722.37597656
0.25520000 722.52838135
0.25750002 722.68078613
0.26509997 722.83319092
0.27210000 722.98559570
0.27219999 723.13800049
0.27239999 723.29040527
0.26960000 723.44281006
0.26440001 723.59521484
0.26260003 723.74761963
0.25910002 723.90002441
0.25879997 724.05242920
0.25889999 724.20477295
0.26480001 724.35717773
0.26589999 724.50958252
0.26769999 724.66198730
0.26850003 724.81439209
0.26549998 724.96679688
0.25979999 725.11920166
0.25640002 725.27160645
0.25049999 725.42401123
0.24859998 725.57641602
0.24880001 725.72882080
0.24770001 725.88122559
0.24600002 726.03363037
0.24869996 726.18597412
0.24990001 726.33837891
0.25029999 726.49078369
0.25240001 726.64318848
0.25339997 726.79559326
0.26140001 726.94799805
0.26970002 727.10040283
0.27550003 727.25280762
0.28140002 727.40521240
0.28170002 727.55761719
0.28159997 727.71002197
0.28510001 727.86242676
0.28129998 728.01477051
0.28400001 728.16717529
0.28639999 728.31958008
0.28970000 728.47198486
0.29080003 728.62438965
0.29060000 728.77679443
0.30389997 728.92919922
0.30979997 729.08160400
0.31869999 729.23400879
0.32420003 729.38641357
0.32849997 729.53881836
0.32740000 729.69122314
0.32489997 729.84362793
0.32749999 729.99597168
0.32960004 730.14837646
0.32850003 730.30078125
0.32980001 730.45318604
0.33120000 730.60559082
0.32969999 730.75799561
0.32740000 730.91040039
0.32950002 731.06280518
0.32510003 731.21520996
0.32949999 731.36761475
0.32740003 731.52001953
0.32960001 731.67242432
0.34050003 731.82482910
0.35759997 731.97717285
0.37130001 732.12957764
0.38190001 732.28198242
0.38770002 732.43438721
0.39420000 732.58679199
0.39350000 732.73919678
0.38780001 732.89160156
0.37629998 733.04400635
0.35920003 733.19641113
0.34310001 733.34881592
0.32550001 733.50122070
0.30659997 733.65362549
0.28539997 733.80603027
0.26820004 733.95837402
0.28680003 734.11077881
0.30089998 734.26318359
0.31559998 734.41558838
0.32300001 734.56799316
0.32789999 734.72039795
0.32969999 734.87280273
0.32900003 735.02520752
0.32509997 735.17761230
0.31419998 735.33001709
0.30180001 735.48242188
0.29260001 735.63482666
0.28410000 735.78717041
0.28860000 735.93957520
0.29610002 736.09197998
0.29920000 736.24438477
0.29810002 736.39678955
0.29510000 736.54919434
0.29619998 736.70159912
0.30470002 736.85400391
0.31560001 737.00640869
0.32170001 737.15881348
0.33090001 737.31121826
0.32830000 737.46362305
0.32190001 737.61602783
0.31720001 737.76837158
0.30919999 737.92077637
0.31719998 738.07318115
0.31920001 738.22558594
0.32149997 738.37799072
0.31470001 738.53039551
0.30370000 738.68280029
0.30360001 738.83520508
0.28790003 738.98760986
0.28360003 739.14001465
0.29219997 739.29241943
0.28580001 739.44482422
0.28760001 739.59722900
0.27779999 739.74957275
0.27750000 739.90197754
0.27920002 740.05438232
0.27579999 740.20678711
0.27939999 740.35919189
0.28790000 740.51159668
0.29210001 740.66400146
0.29450002 740.81640625
0.30810001 740.96881104
0.31080002 741.12121582
0.32030001 741.27362061
0.33060002 741.42602539
0.33550000 741.57843018
0.32569999 741.73077393
0.32490000 741.88317871
0.30809999 742.03558350
0.28770000 742.18798828
0.27909997 742.34039307
0.25830001 742.49279785
0.25529999 742.64520264
0.25159997 742.79760742
0.24660000 742.95001221
0.24070001 743.10241699
0.23520002 743.25482178
0.23300001 743.40722656
0.22689998 743.55957031
0.22670001 743.71197510
0.22970000 743.86437988
0.24480003 744.01678467
0.26560003 744.16918945
0.26909998 744.32159424
0.27730000 744.47399902
0.28079998 744.62640381
0.28169999 744.77880859
0.28809997 744.93121338
0.25580001 745.08361816
0.24739999 745.23602295
0.24620003 745.38842773
0.24509999 745.54077148
0.24389997 745.69317627
0.24290001 745.84558105
0.24290001 745.99798584
0.20449999 746.15039062
0.19390002 746.30279541
0.19869998 746.45520020
0.19099998 746.60760498
0.18929997 746.76000977
0.18959999 746.91241455
0.18930000 747.06481934
0.19200000 747.21722412
0.19189999 747.36962891
0.19099998 747.52197266
0.18059999 747.67437744
0.17559999 747.82678223
0.17050001 747.97918701
0.15279999 748.13159180
0.15700004 748.28399658
0.19119999 748.43640137
0.21269998 748.58880615
0.23330003 748.74121094
0.25480002 748.89361572
0.26409999 749.04602051
0.29910001 749.19842529
0.31940001 749.35083008
0.34059998 749.50317383
0.34340000 749.65557861
0.35189998 749.80798340
0.36280000 749.96038818
0.37979996 750.11279297
0.38679999 750.26519775
0.38679999 750.41760254
0.38309997 750.57000732
0.37630001 750.72241211
0.37419999 750.87481689
0.34759998 751.02722168
0.33620000 751.17962646
0.31979999 751.33197021
0.31419998 751.48437500
0.30649999 751.63677979
0.29910001 751.78918457
0.29470000 751.94158936
0.28549999 752.09399414
0.28330001 752.24639893
0.27520001 752.39880371
0.27069998 752.55120850
0.26629999 752.70361328
0.26230001 752.85601807
0.28299996 753.00842285
0.29510003 753.16082764
0.30720001 753.31317139
0.31549999 753.46557617
0.31320000 753.61798096
0.31259999 753.77038574
0.30580002 753.92279053
0.30909997 754.07519531
0.30739999 754.22760010
0.30620000 754.38000488
0.30809999 754.53240967
0.30749997 754.68481445
0.31119999 754.83721924
0.31870002 754.98962402
0.32240000 755.14202881
0.32769999 755.29437256
0.31809998 755.44677734
0.29450002 755.59918213
0.28590000 755.75158691
0.29259998 755.90399170
0.29119998 756.05639648
0.28280002 756.20880127
0.27549997 756.36120605
0.26580003 756.51361084
0.25550002 756.66601562
0.24759999 756.81842041
0.23939997 756.97082520
0.24130002 757.12322998
0.24120003 757.27557373
0.24100000 757.42797852
0.24339998 757.58038330
0.24199998 757.73278809
0.24790001 757.88519287
0.25119999 758.03759766
0.25259998 758.19000244
0.25570002 758.34240723
0.25470003 758.49481201
0.25469998 758.64721680
0.26409999 758.79962158
0.26520002 758.95202637
0.27470002 759.10437012
0.27610001 759.25677490
0.27190000 759.40917969
0.27289999 759.56158447
0.26470003 759.71398926
0.26040000 759.86639404
0.27570003 760.01879883
0.29610002 760.17120361
0.30069998 760.32360840
0.30280000 760.47601318
0.30309999 760.62841797
0.30210000 760.78082275
0.30069998 760.93322754
0.29899999 761.08557129
0.29519999 761.23797607
0.29369998 761.39038086
0.29089999 761.54278564
0.28009999 761.69519043
0.27159998 761.84759521
0.25439999 762.00000000
0.24500000 762.15240479
0.23350000 762.30480957
0.21780002 762.45721436
0.21519998 762.60961914
0.21469998 762.76202393
0.22200000 762.91442871
0.24320003 763.06677246
0.25599998 763.21917725
0.28459996 763.37158203
0.30950001 763.52398682
0.32820001 763.67639160
0.33669999 763.82879639
0.33939999 763.98120117
0.34049997 764.13360596
0.33549997 764.28601074
0.34039998 764.43841553
0.35260001 764.59082031
0.36220002 764.74322510
0.36300001 764.89562988
0.36579999 765.04797363
0.36390004 765.20037842
0.35959998 765.35278320
0.35479999 765.50518799
0.35119998 765.65759277
0.34979999 765.80999756
0.34790003 765.96240234
0.34420002 766.11480713
0.33899999 766.26721191
0.32639998 766.41961670
0.30900002 766.57202148
0.30000004 766.72442627
0.29369998 766.87677002
0.29509997 767.02917480
0.29610002 767.18157959
0.29679999 767.33398438
0.29860002 767.48638916
0.29319999 767.63879395
0.29160002 767.79119873
0.28860003 767.94360352
0.28889999 768.09600830
0.29169998 768.24841309
0.29440001 768.40081787
0.28999999 768.55322266
0.28939998 768.70562744
0.28269997 768.85797119
0.27719998 769.01037598
0.26519999 769.16278076
0.25860000 769.31518555
0.24220002 769.46759033
0.24110001 769.61999512
0.24590001 769.77239990
0.24849999 769.92480469
0.24989998 770.07720947
0.25270003 770.22961426
0.24890000 770.38201904
0.24120000 770.53442383
0.23670003 770.68682861
0.22759998 770.83917236
0.22450000 770.99157715
0.21930003 771.14398193
0.21649998 771.29638672
0.22140002 771.44879150
0.22190002 771.60119629
0.22540003 771.75360107
0.22760001 771.90600586
0.22629997 772.05841064
0.22810000 772.21081543
0.22819999 772.36322021
0.22820002 772.51562500
0.23380002 772.66802979
0.23670000 772.82037354
0.23530003 772.97277832
0.24269998 773.12518311
0.24260002 773.27758789
0.24860004 773.42999268
0.25619999 773.58239746
0.25610003 773.73480225
0.26050001 773.88720703
0.26710004 774.03961182
0.27400002 774.19201660
0.27650002 774.34442139
0.27990001 774.49682617
0.28179997 774.64916992
0.28569999 774.80157471
0.28640002 774.95397949
0.28800002 775.10638428
0.29000002 775.25878906
0.28619999 775.41119385
0.28449997 775.56359863
0.28790000 775.71600342
0.28819999 775.86840820
0.29680002 776.02081299
0.29819998 776.17321777
0.29969996 776.32562256
0.29610002 776.47802734
0.30810001 776.63037109
0.31089997 776.78277588
0.31819999 776.93518066
0.32210004 777.08758545
0.31490004 777.23999023
0.31820002 777.39239502
0.29739997 777.54479980
0.28910002 777.69720459
0.29269999 777.84960938
0.28909999 778.00201416
0.27869999 778.15441895
0.25959998 778.30682373
0.23310003 778.45922852
0.20539999 778.61157227
0.17400002 778.76397705
0.16890001 778.91638184
0.16640002 779.06878662
0.16039997 779.22119141
0.15230003 779.37359619
0.14920002 779.52600098
0.16069999 779.67840576
0.18169999 779.83081055
0.20829999 779.98321533
0.22450000 780.13562012
0.23900002 780.28802490
0.24770004 780.44042969
0.26639998 780.59277344
0.27360001 780.74517822
0.27969998 780.89758301
0.29830000 781.04998779
0.30169997 781.20239258
0.30920002 781.35479736
0.31170002 781.50720215
0.31410000 781.65960693
0.31500003 781.81201172
0.31660002 781.96441650
0.31419998 782.11682129
0.31279999 782.26922607
0.32170001 782.42156982
0.32370001 782.57397461
0.33280000 782.72637939
0.33860004 782.87878418
0.33990002 783.03118896
0.34459999 783.18359375
0.34230000 783.33599854
0.33939999 783.48840332
0.33790001 783.64080811
0.34260002 783.79321289
0.34560001 783.94561768
0.34849998 784.09802246
0.34700003 784.25042725
0.34570003 784.40277100
0.34169999 784.55517578
0.33759999 784.70758057
0.33880001 784.85998535
0.33600003 785.01239014
0.33370000 785.16479492
0.32929999 785.31719971
0.32730001 785.46960449
0.32029998 785.62200928
0.32749999 785.77441406
0.33049998 785.92681885
0.33300000 786.07922363
0.33449998 786.23162842
0.33700001 786.38397217
0.33960000 786.53637695
0.34320000 786.68878174
0.35230002 786.84118652
0.35649997 786.99359131
0.35650003 787.14599609
0.34009999 787.29840088
0.32180002 787.45080566
0.31060001 787.60321045
0.28799999 787.75561523
0.28880003 787.90802002
0.28140002 788.06042480
0.27259997 788.21282959
0.26750001 788.36517334
0.25170001 788.51757812
0.25329998 788.66998291
0.25070000 788.82238770
0.24720001 788.97479248
0.24550000 789.12719727
0.23940003 789.27960205
0.23949999 789.43200684
0.25309998 789.58441162
0.27879998 789.73681641
0.28349999 789.88922119
0.28510001 790.04162598
0.28569999 790.19396973
0.28460002 790.34637451
0.28390002 790.49877930
0.28320000 790.65118408
0.27869999 790.80358887
0.27840000 790.95599365
0.27920002 791.10839844
0.27900001 791.26080322
0.26759997 791.41320801
0.25240001 791.56561279
0.23930001 791.71801758
0.23720002 791.87042236
0.25099999 792.02282715
0.27330002 792.17517090
0.30040002 792.32757568
0.33340001 792.47998047
0.34599999 792.63238525
0.35280001 792.78479004
0.35829997 792.93719482
0.35819998 793.08959961
0.35570002 793.24200439
0.34930000 793.39440918
0.34419999 793.54681396
0.33820000 793.69921875
0.33700001 793.85162354
0.33790001 794.00402832
0.33690000 794.15637207
0.33649999 794.30877686
0.33439997 794.46118164
0.33030000 794.61358643
0.32700002 794.76599121
0.32010001 794.91839600
0.30759999 795.07080078
0.30070001 795.22320557
0.28590000 795.37561035
0.27970001 795.52801514
0.27109998 795.68041992
0.26680002 795.83282471
0.26199999 795.98522949
0.25989997 796.13757324
0.25940001 796.28997803
0.25720003 796.44238281
0.26040000 796.59478760
0.26209998 796.74719238
0.27039999 796.89959717
0.27860004 797.05200195
0.28410000 797.20440674
0.29100004 797.35681152
0.29999998 797.50921631
0.30680001 797.66162109
0.31279999 797.81402588
0.32139999 797.96636963
0.32779998 798.11877441
0.32960001 798.27117920
0.33100000 798.42358398
0.33339998 798.57598877
0.33329996 798.72839355
0.33639997 798.88079834
0.33939996 799.03320312
0.34040001 799.18560791
0.34149998 799.33801270
0.33730000 799.49041748
0.33559999 799.64282227
0.33459997 799.79522705
0.33050004 799.94757080
0.32840002 800.09997559
0.32530001 800.25238037
0.32529998 800.40478516
0.32900000 800.55718994
0.33310002 800.70959473
0.34439999 800.86199951
0.35219997 801.01440430
0.34970000 801.16680908
0.34180003 801.31921387
0.33600003 801.47161865
0.32660002 801.62402344
0.31889999 801.77642822
0.31709999 801.92877197
0.31500000 802.08117676
0.32040003 802.23358154
0.32220000 802.38598633
0.32270002 802.53839111
0.32699999 802.69079590
0.32679999 802.84320068
0.31619999 802.99560547
0.31390002 803.14801025
0.30249998 803.30041504
0.29769999 803.45281982
0.29699999 803.60522461
0.28910002 803.75762939
0.28700003 803.90997314
0.28290001 804.06237793
0.27710000 804.21478271
0.27559999 804.36718750
0.27350003 804.51959229
0.27440000 804.67199707
0.27720001 804.82440186
0.28110003 804.97680664
0.28360003 805.12921143
0.28789997 805.28161621
0.29080001 805.43402100
0.28779998 805.58642578
0.28820002 805.73876953
0.28950000 805.89117432
0.28900000 806.04357910
0.29429999 806.19598389
0.29760000 806.34838867
0.30110002 806.50079346
0.30899999 806.65319824
0.30820003 806.80560303
0.30739999 806.95800781
0.30609998 807.11041260
0.29939997 807.26281738
0.29189998 807.41522217
0.28179997 807.56762695
0.27329999 807.71997070
0.26960003 807.87237549
0.26530001 808.02478027
0.26439998 808.17718506
0.26059997 808.32958984
0.25619999 808.48199463
0.24829999 808.63439941
0.24250004 808.78680420
0.23800001 808.93920898
0.24039999 809.09161377
0.24040002 809.24401855
0.24680004 809.39642334
0.25560001 809.54882812
0.25709999 809.70117188
0.25770000 809.85357666
0.26090002 810.00598145
0.26760000 810.15838623
0.27020001 810.31079102
0.27010003 810.46319580
0.26980001 810.61560059
0.26789999 810.76800537
0.26450002 810.92041016
0.26409999 811.07281494
0.26019999 811.22521973
0.25709999 811.37762451
0.25700000 811.53002930
0.25459996 811.68237305
0.25319999 811.83477783
0.25540000 811.98718262
0.25699997 812.13958740
0.26420003 812.29199219
0.27200001 812.44439697
0.27700001 812.59680176
0.28250000 812.74920654
0.29340002 812.90161133
0.31050000 813.05401611
0.31670001 813.20642090
0.31619999 813.35882568
0.31290001 813.51123047
0.30480003 813.66357422
0.27480000 813.81597900
0.25160000 813.96838379
0.23630002 814.12078857
0.21590000 814.27319336
0.20859998 814.42559814
0.20270002 814.57800293
0.20160002 814.73040771
0.20400000 814.88281250
0.20349997 815.03521729
0.21240002 815.18762207
0.21899998 815.34002686
0.25569999 815.49237061
0.29820001 815.64477539
0.32359999 815.79718018
0.35359997 815.94958496
0.38060001 816.10198975
0.39469996 816.25439453
0.40470001 816.40679932
0.42089999 816.55920410
0.42619997 816.71160889
0.43149999 816.86401367
0.43429998 817.01641846
0.43460000 817.16882324
0.43020001 817.32122803
0.42409998 817.47357178
0.41850001 817.62597656
0.41679999 817.77838135
0.41560000 817.93078613
0.41670001 818.08319092
0.41130000 818.23559570
0.40539998 818.38800049
0.39379999 818.54040527
0.37530002 818.69281006
0.36380002 818.84521484
0.35689998 818.99761963
0.35409999 819.15002441
0.36320001 819.30242920
0.37760001 819.45477295
0.38159999 819.60717773
0.38750002 819.75958252
0.38480002 819.91198730
0.38070002 820.06439209
0.37099999 820.21679688
0.36739999 820.36920166
0.36119998 820.52160645
0.35709998 820.67401123
0.36050001 820.82641602
0.35159999 820.97882080
0.34649998 821.13122559
0.34470001 821.28363037
0.33890000 821.43597412
0.34380001 821.58837891
0.35939997 821.74078369
0.37689999 821.89318848
0.39420000 822.04559326
0.40900001 822.19799805
0.41449997 822.35040283
0.41319999 822.50280762
0.41459998 822.65521240
0.41159999 822.80761719
0.40810001 822.96002197
0.40770000 823.11242676
0.40830001 823.26477051
0.40780002 823.41717529
0.40949997 823.56958008
0.41050002 823.72198486
0.40990004 823.87438965
0.40160000 824.02679443
0.38780001 824.17919922
0.37000000 824.33160400
0.36339998 824.48400879
0.35690001 824.63641357
0.35650003 824.78881836
0.35649997 824.94122314
0.35459998 825.09362793
0.35420004 825.24597168
0.35319999 825.39837646
0.34820002 825.55078125
0.34689999 825.70318604
0.34200001 825.85559082
0.34170002 826.00799561
0.33909997 826.16040039
0.33739999 826.31280518
0.33910000 826.46520996
0.33840001 826.61761475
0.33720002 826.77001953
0.33559999 826.92242432
0.33719999 827.07482910
0.33759999 827.22717285
0.33539999 827.37957764
0.33459997 827.53198242
0.33020002 827.68438721
0.32900003 827.83679199
0.33059999 827.98919678
0.32880002 828.14160156
0.33339998 828.29400635
0.33230001 828.44641113
0.32589999 828.59881592
0.32980001 828.75122070
0.32650000 828.90362549
0.32740000 829.05603027
0.34009999 829.20837402
0.34070000 829.36077881
0.34710002 829.51318359
0.34680003 829.66558838
0.34979999 829.81799316
0.35299999 829.97039795
0.35160002 830.12280273
0.35469997 830.27520752
0.35350001 830.42761230
0.35470003 830.58001709
0.35160002 830.73242188
0.35069999 830.88482666
0.34909999 831.03717041
0.34439996 831.18957520
0.34369999 831.34197998
0.34109998 831.49438477
0.34070000 831.64678955
0.34039998 831.79919434
0.33909997 831.95159912
0.33510002 832.10400391
0.33310002 832.25640869
0.32780001 832.40881348
0.33410001 832.56121826
0.33559999 832.71362305
0.33859998 832.86602783
0.34079999 833.01837158
0.34000000 833.17077637
0.33700001 833.32318115
0.33319998 833.47558594
0.33399999 833.62799072
0.33749998 833.78039551
0.33969998 833.93280029
0.34130001 834.08520508
0.34070003 834.23760986
0.34149998 834.39001465
0.34040004 834.54241943
0.33229998 834.69482422
0.32899997 834.84722900
0.32630000 834.99957275
0.32269999 835.15197754
0.31730002 835.30438232
0.32080001 835.45678711
0.32069999 835.60919189
0.32539999 835.76159668
0.32720000 835.91400146
0.29949996 836.06640625
0.28100002 836.21881104
0.24620003 836.37121582
0.21740001 836.52362061
0.20019996 836.67602539
0.19620001 836.82843018
0.19250000 836.98077393
0.21200001 837.13317871
0.23509997 837.28558350
0.27800000 837.43798828
0.31319997 837.59039307
0.33710003 837.74279785
0.37389997 837.89520264
0.38899997 838.04760742
0.40710002 838.20001221
0.41069996 838.35241699
0.41529998 838.50482178
0.41830000 838.65722656
0.42480001 838.80957031
0.42880002 838.96197510
0.43389997 839.11437988
0.43480000 839.26678467
0.43460000 839.41918945
0.43510002 839.57159424
0.43189999 839.72399902
0.42719999 839.87640381
0.41070002 840.02880859
0.39990002 840.18121338
0.39190003 840.33361816
0.38529998 840.48602295
0.38300002 840.63842773
0.38150001 840.79077148
0.38139996 840.94317627
0.38049999 841.09558105
0.37349999 841.24798584
0.36910000 841.40039062
0.36640003 841.55279541
0.35029998 841.70520020
0.34690002 841.85760498
0.34219998 842.01000977
0.34209999 842.16241455
0.34039998 842.31481934
0.34340000 842.46722412
0.34590000 842.61962891
0.34449998 842.77197266
0.33719999 842.92437744
0.32589996 843.07678223
0.31269997 843.22918701
0.29839998 843.38159180
0.29070002 843.53399658
0.28620002 843.68640137
0.29000002 843.83880615
0.30270001 843.99121094
0.30860001 844.14361572
0.30920002 844.29602051
0.31000000 844.44842529
0.31160000 844.60083008
0.32059997 844.75317383
0.32669997 844.90557861
0.33350000 845.05798340
0.33080003 845.21038818
0.32190001 845.36279297
0.31430000 845.51519775
0.30749997 845.66760254
0.30600002 845.82000732
0.31029999 845.97241211
0.31520000 846.12481689
0.31960002 846.27722168
0.32630002 846.42962646
0.32749999 846.58197021
0.32709998 846.73437500
0.32830000 846.88677979
0.32540002 847.03918457
0.31829998 847.19158936
0.31329998 847.34399414
0.30899999 847.49639893
0.30740002 847.64880371
0.31280002 847.80120850
0.31739998 847.95361328
0.31670004 848.10601807
0.31910002 848.25842285
0.31760001 848.41082764
0.31220001 848.56317139
0.31219998 848.71557617
0.30679998 848.86798096
0.30260000 849.02038574
0.30129999 849.17279053
0.29750001 849.32519531
0.29850000 849.47760010
0.29610002 849.63000488
0.29130000 849.78240967
0.28899997 849.93481445
0.28739998 850.08721924
0.29209998 850.23962402
0.30600002 850.39202881
0.31350002 850.54437256
0.33339998 850.69677734
0.34630001 850.84918213
0.34989998 851.00158691
0.35599998 851.15399170
0.35280001 851.30639648
0.35260004 851.45880127
0.35499996 851.61120605
0.35849997 851.76361084
0.36129999 851.91601562
0.36619997 852.06842041
0.37060001 852.22082520
0.37800002 852.37322998
0.37980002 852.52557373
0.38220000 852.67797852
0.38159996 852.83038330
0.37390000 852.98278809
0.36490002 853.13519287
0.34970000 853.28759766
0.33870000 853.44000244
0.32839999 853.59240723
0.30920002 853.74481201
0.29770002 853.89721680
0.27979997 854.04962158
0.27559999 854.20202637
0.27000001 854.35437012
0.26989996 854.50677490
0.27649999 854.65917969
0.27859998 854.81158447
0.28360000 854.96398926
0.29329997 855.11639404
0.29609999 855.26879883
0.30650002 855.42120361
0.31169996 855.57360840
0.31359997 855.72601318
0.31610003 855.87841797
0.31490001 856.03082275
0.31599998 856.18322754
0.31759998 856.33557129
0.31800002 856.48797607
0.32410002 856.64038086
0.32779998 856.79278564
0.32970002 856.94519043
0.32620004 857.09759521
0.32279998 857.25000000
0.31740001 857.40240479
0.30940002 857.55480957
0.29929999 857.70721436
0.29519999 857.85961914
0.28790003 858.01202393
0.28250000 858.16442871
0.28200004 858.31677246
0.28299999 858.46917725
0.28569999 858.62158203
0.29519999 858.77398682
0.30379999 858.92639160
0.31209996 859.07879639
0.31850001 859.23120117
0.31110001 859.38360596
0.30570003 859.53601074
0.30069998 859.68841553
0.28950000 859.84082031
0.28250003 859.99322510
0.27160001 860.14562988
0.26159999 860.29797363
0.24250001 860.45037842
0.23999998 860.60278320
0.23799998 860.75518799
0.23570001 860.90759277
0.23840001 861.05999756
0.24230003 861.21240234
0.24510002 861.36480713
0.25060001 861.51721191
0.26150003 861.66961670
0.27640000 861.82202148
0.30540001 861.97442627
0.31760001 862.12677002
0.33129999 862.27917480
0.34060001 862.43157959
0.34349999 862.58398438
0.34780002 862.73638916
0.35069996 862.88879395
0.35609996 863.04119873
0.35910001 863.19360352
0.36330003 863.34600830
0.36440000 863.49841309
0.36550000 863.65081787
0.36530000 863.80322266
0.36610001 863.95562744
0.34930000 864.10797119
0.34130001 864.26037598
0.33029997 864.41278076
0.32779998 864.56518555
0.32490003 864.71759033
0.32759997 864.86999512
0.33930001 865.02239990
0.34680000 865.17480469
0.35470003 865.32720947
0.35440001 865.47961426
0.35570002 865.63201904
0.34520000 865.78442383
0.33010000 865.93682861
0.31799999 866.08917236
0.31110001 866.24157715
0.30969998 866.39398193
0.31500000 866.54638672
0.32359996 866.69879150
0.34150001 866.85119629
0.35560003 867.00360107
0.36440003 867.15600586
0.36120000 867.30841064
0.35299999 867.46081543
0.34610000 867.61322021
0.34159997 867.76562500
0.33610001 867.91802979
0.34000000 868.07037354
0.34670001 868.22277832
0.35419998 868.37518311
0.36059999 868.52758789
0.36119998 868.67999268
0.36749998 868.83239746
0.37770000 868.98480225
0.38139999 869.13720703
0.38690001 869.28961182
0.39070004 869.44201660
0.38779998 869.59442139
0.38709998 869.74682617
0.37929997 869.89916992
0.38100001 870.05157471
0.37640002 870.20397949
0.37989998 870.35638428
0.38470003 870.50878906
0.38630000 870.66119385
0.38659999 870.81359863
0.38740000 870.96600342
0.38189998 871.11840820
0.38299999 871.27081299
0.38079998 871.42321777
0.37860003 871.57562256
0.38079998 871.72802734
0.38000000 871.88037109
0.38340002 872.03277588
0.38440001 872.18518066
0.38839999 872.33758545
0.39189997 872.48999023
0.39420003 872.64239502
0.40480000 872.79479980
0.40619999 872.94720459
0.40950000 873.09960938
0.41130000 873.25201416
0.40080002 873.40441895
0.39400002 873.55682373
0.38590002 873.70922852
0.36980000 873.86157227
0.36670002 874.01397705
0.36779997 874.16638184
0.36289999 874.31878662
0.36699998 874.47119141
0.37700000 874.62359619
0.38200003 874.77600098
0.38370001 874.92840576
0.38329998 875.08081055
0.37950003 875.23321533
0.37309998 875.38562012
0.38300002 875.53802490
0.38749999 875.69042969
0.40850002 875.84277344
0.42620000 875.99517822
0.43629998 876.14758301
0.44049999 876.29998779
0.44670001 876.45239258
0.44270000 876.60479736
0.43889996 876.75720215
0.43109998 876.90960693
0.42549998 877.06201172
0.40770003 877.21441650
0.39880002 877.36682129
0.38630003 877.51922607
0.37520003 877.67156982
0.37159997 877.82397461
0.36579999 877.97637939
0.36300001 878.12878418
0.35749999 878.28118896
0.34379998 878.43359375
0.32999998 878.58599854
0.31630000 878.73840332
0.31550002 878.89080811
0.32549998 879.04321289
0.34280002 879.19561768
0.37720001 879.34802246
0.40990001 879.50042725
0.44099998 879.65277100
0.44940001 879.80517578
0.45550001 879.95758057
0.45770001 880.10998535
0.45939997 880.26239014
0.46279997 880.41479492
0.46739998 880.56719971
0.46970001 880.71960449
0.46180001 880.87200928
0.45649996 881.02441406
0.44240001 881.17681885
0.41380000 881.32922363
0.38540003 881.48162842
0.35090002 881.63397217
0.31549999 881.78637695
0.28939998 881.93878174
0.28200004 882.09118652
0.27009997 882.24359131
0.25229999 882.39599609
0.24479997 882.54840088
0.23569998 882.70080566
0.23460004 882.85321045
0.23660004 883.00561523
0.24269998 883.15802002
0.25770000 883.31042480
0.27050000 883.46282959
0.27540004 883.61517334
0.28270000 883.76757812
0.28189996 883.91998291
0.29290000 884.07238770
0.29809996 884.22479248
0.30200002 884.37719727
0.30260000 884.52960205
0.30419999 884.68200684
0.30020002 884.83441162
0.29360002 884.98681641
0.29010001 885.13922119
0.28799999 885.29162598
0.28160003 885.44396973
0.27829999 885.59637451
0.27489999 885.74877930
0.27399999 885.90118408
0.27320001 886.05358887
0.27510002 886.20599365
0.27860001 886.35839844
0.27830002 886.51080322
0.27959999 886.66320801
0.27849999 886.81561279
0.27550000 886.96801758
0.27450001 887.12042236
0.27239996 887.27282715
0.27410001 887.42517090
0.27749997 887.57757568
0.28079998 887.72998047
0.28320000 887.88238525
0.28379998 888.03479004
0.28599998 888.18719482
0.28160000 888.33959961
0.28250000 888.49200439
0.28160000 888.64440918
0.28159997 888.79681396
0.28670001 888.94921875
0.28869998 889.10162354
0.29020000 889.25402832
0.29439998 889.40637207
0.28749999 889.55877686
0.28459996 889.71118164
0.28639999 889.86358643
0.28509998 890.01599121
0.29240000 890.16839600
0.29670000 890.32080078
0.29589999 890.47320557
0.29340002 890.62561035
0.28900000 890.77801514
0.27079999 890.93041992
0.26220000 891.08282471
0.25240004 891.23522949
0.24650002 891.38757324
0.24599999 891.53997803
0.24570000 891.69238281
0.24700001 891.84478760
0.24859998 891.99719238
0.25200000 892.14959717
0.25559998 892.30200195
0.26289999 892.45440674
0.27100000 892.60681152
0.27549997 892.75921631
0.27689999 892.91162109
0.27660000 893.06402588
0.27470002 893.21636963
0.27079999 893.36877441
0.26619998 893.52117920
0.26250002 893.67358398
0.25200003 893.82598877
0.24309999 893.97839355
0.23649999 894.13079834
0.23310000 894.28320312
0.22370002 894.43560791
0.22149998 894.58801270
0.21849999 894.74041748
0.21460003 894.89282227
0.21520001 895.04522705
0.21299997 895.19757080
0.21579999 895.34997559
0.21579999 895.50238037
