0.00000000 343.96679688
0.00000000 344.11920166
0.00087817 344.27160645
0.00503496 344.42401123
0.01045648 344.57638550
0.01450895 344.72879028
0.01473408 344.88119507
0.01616695 345.03359985
0.01443952 345.18600464
0.00982589 345.33840942
0.00878890 345.49081421
0.01681233 345.64318848
0.02652673 345.79559326
0.03863231 345.94799805
0.04949084 346.10040283
0.05274165 346.25280762
0.04998640 346.40521240
0.04291483 346.55758667
0.03208373 346.70999146
0.02398104 346.86239624
0.01648781 347.01480103
0.01046242 347.16720581
0.00525458 347.31961060
0.00413266 347.47198486
0.00329739 347.62438965
0.00337305 347.77679443
0.00396279 347.92919922
0.00345680 348.08160400
0.00949958 348.23400879
0.01182012 348.38641357
0.01920369 348.53878784
0.01719707 348.69119263
0.01084280 348.84359741
0.00843161 348.99600220
0.00321700 349.14840698
0.00000000 349.30081177
0.00000000 349.45318604
0.00000000 349.60559082
0.00000000 349.75799561
0.00453315 349.91040039
0.01900850 350.06280518
0.02517105 350.21520996
0.04289917 350.36761475
0.03895802 350.51998901
0.03607765 350.67239380
0.02690409 350.82479858
0.02219850 350.97720337
0.01143877 351.12960815
0.00990137 351.28201294
0.00734079 351.43438721
0.00734199 351.58679199
0.01368781 351.73919678
0.01791727 351.89160156
0.02304306 352.04400635
0.02165953 352.19641113
0.01841710 352.34878540
0.01160445 352.50119019
0.00904126 352.65359497
0.00864076 352.80599976
0.00479963 352.95840454
0.00385418 353.11080933
0.00263480 353.26321411
0.00082000 353.41558838
0.00024166 353.56799316
0.00000000 353.72039795
0.00000000 353.87280273
0.00000000 354.02520752
0.00000000 354.17761230
0.00000000 354.32998657
0.00000000 354.48239136
0.00000000 354.63479614
0.00000000 354.78720093
0.00000000 354.93960571
0.00436390 355.09201050
0.00052248 355.24438477
0.00040911 355.39678955
0.00126460 355.54919434
0.00000000 355.70159912
0.00000000 355.85400391
0.00000000 356.00640869
0.00000000 356.15881348
0.00000000 356.31118774
0.00000000 356.46359253
0.00000000 356.61599731
0.00000000 356.76840210
0.00000000 356.92080688
0.00000000 357.07321167
0.00000000 357.22558594
0.00000000 357.37799072
0.00000000 357.53039551
0.00000000 357.68280029
0.00006112 357.83520508
0.00625850 357.98760986
0.00451624 358.14001465
0.00242827 358.29238892
0.00000000 358.44479370
0.00000000 358.59719849
0.00000000 358.74960327
0.00000000 358.90200806
0.00000000 359.05441284
0.00000000 359.20678711
0.00000000 359.35919189
0.00000000 359.51159668
0.00000000 359.66400146
0.00000000 359.81640625
0.00000000 359.96881104
0.00000000 360.12118530
0.00000000 360.27359009
0.00000000 360.42599487
0.00000000 360.57839966
0.00000000 360.73080444
0.00000000 360.88320923
0.00000000 361.03561401
0.00000000 361.18798828
0.00000000 361.34039307
0.00000000 361.49279785
0.00000000 361.64520264
0.00000000 361.79760742
0.00000000 361.95001221
0.00000000 362.10238647
0.00000638 362.25479126
0.00000000 362.40719604
0.00000000 362.55960083
0.00000000 362.71200562
0.00000000 362.86441040
0.00000000 363.01681519
0.00000000 363.16918945
0.00000000 363.32159424
0.00000000 363.47399902
0.00000000 363.62640381
0.00000000 363.77880859
0.00000000 363.93121338
0.00000000 364.08358765
0.00000000 364.23599243
0.00000000 364.38839722
0.00000000 364.54080200
0.00000000 364.69320679
0.00000000 364.84561157
0.00000000 364.99798584
0.00000000 365.15039062
0.00000000 365.30279541
0.00000000 365.45520020
0.00000000 365.60760498
0.00000000 365.76000977
0.00296261 365.91241455
0.00790827 366.06478882
0.00441920 366.21719360
0.00600740 366.36959839
0.00000000 366.52200317
0.00000000 366.67440796
0.00000000 366.82681274
0.00000000 366.97918701
0.00000000 367.13159180
0.00000000 367.28399658
0.00000000 367.43640137
0.00000000 367.58880615
0.00000000 367.74121094
0.00000000 367.89358521
0.00000000 368.04598999
0.00258381 368.19839478
0.00502121 368.35079956
0.00985760 368.50320435
0.01599198 368.65560913
0.01769654 368.80801392
0.01186406 368.96038818
0.01089847 369.11279297
0.01043001 369.26519775
0.00879278 369.41760254
0.00943323 369.57000732
0.00640656 369.72241211
0.00484869 369.87478638
0.00296922 370.02719116
0.00000000 370.17959595
0.00000000 370.33200073
0.00000000 370.48440552
0.00000000 370.63681030
0.00000000 370.78921509
0.00000000 370.94158936
0.00000000 371.09399414
0.00000000 371.24639893
0.00000000 371.39880371
0.00000000 371.55120850
0.00000000 371.70361328
0.00000000 371.85598755
0.00000000 372.00839233
0.00000000 372.16079712
0.00539302 372.31320190
0.01354608 372.46560669
0.02255173 372.61801147
0.02124469 372.77038574
0.01965823 372.92279053
0.01685066 373.07519531
0.01263274 373.22760010
0.01007002 373.38000488
0.00760620 373.53240967
0.00474478 373.68481445
0.00486543 373.83718872
0.00678803 373.98959351
0.00109343 374.14199829
0.00220666 374.29440308
0.00000000 374.44680786
0.00000000 374.59921265
0.00559265 374.75158691
0.00668443 374.90399170
0.00673954 375.05639648
0.00873933 375.20880127
0.00673170 375.36120605
0.00519384 375.51361084
0.00528870 375.66598511
0.00000000 375.81838989
0.00000000 375.97079468
0.00000000 376.12319946
0.00097795 376.27560425
0.00332893 376.42800903
0.00621101 376.58041382
0.00620983 376.73278809
0.01417878 376.88519287
0.01430804 377.03759766
0.01551714 377.19000244
0.01802287 377.34240723
0.01561605 377.49481201
0.01216443 377.64718628
0.01022392 377.79959106
0.00779497 377.95199585
0.00571940 378.10440063
0.00366421 378.25680542
0.00041530 378.40921021
0.00091371 378.56161499
0.00023923 378.71398926
0.00374938 378.86639404
0.00702751 379.01879883
0.00605148 379.17120361
0.00470505 379.32360840
0.00275483 379.47601318
0.00119747 379.62838745
0.00000000 379.78079224
0.00044401 379.93319702
0.00288140 380.08560181
0.00373078 380.23800659
0.00510282 380.39041138
0.00592518 380.54278564
0.00656697 380.69519043
0.00446643 380.84759521
0.00000000 381.00000000
0.00000000 381.15240479
0.00000000 381.30480957
0.00000000 381.45721436
0.00000000 381.60958862
0.00000000 381.76199341
0.00000000 381.91439819
0.00000000 382.06680298
0.00000000 382.21920776
0.00000000 382.37161255
0.00000000 382.52398682
0.00000000 382.67639160
0.00000000 382.82879639
0.00000000 382.98120117
0.01064969 383.13360596
0.02381602 383.28601074
0.02718934 383.43838501
0.03671877 383.59078979
0.03041996 383.74319458
0.02162157 383.89559937
0.01394133 384.04800415
0.00867522 384.20040894
0.00665144 384.35281372
0.01398677 384.50518799
0.01617194 384.65759277
0.01900363 384.80999756
0.02612005 384.96240234
0.03093796 385.11480713
0.03093796 385.26721191
0.03093796 385.41958618
0.01540452 385.57199097
0.00972738 385.72439575
0.00000000 385.87680054
0.00000000 386.02920532
0.00118834 386.18161011
0.00372986 386.33401489
0.02230998 386.48638916
0.04517932 386.63879395
0.05675327 386.79119873
0.11054784 386.94360352
0.12208893 387.09600830
0.14245213 387.24841309
0.16971349 387.40078735
0.16971349 387.55319214
0.16971349 387.70559692
0.16971349 387.85800171
0.19547471 388.01040649
0.20050769 388.16281128
0.22462917 388.31518555
0.24179339 388.46759033
0.23677851 388.61999512
0.21000899 388.77239990
0.18294761 388.92480469
0.15594308 389.07720947
0.14369956 389.22961426
0.13451624 389.38198853
0.11142715 389.53439331
0.10574969 389.68679810
0.05915140 389.83920288
0.03371594 389.99160767
0.03350970 390.14401245
0.01987836 390.29638672
0.02121461 390.44879150
0.02904606 390.60119629
0.05112327 390.75360107
0.08537186 390.90600586
0.07366574 391.05841064
0.05632137 391.21078491
0.04270132 391.36318970
0.03164790 391.51559448
0.02345462 391.66799927
0.01382999 391.82040405
0.00648945 391.97280884
0.00495900 392.12521362
0.00204574 392.27758789
0.00217554 392.42999268
0.00333487 392.58239746
0.00375190 392.73480225
0.00391261 392.88720703
0.00381027 393.03961182
0.00215208 393.19198608
0.00131705 393.34439087
0.00000000 393.49679565
0.00000000 393.64920044
0.00000000 393.80160522
0.00000000 393.95401001
0.00000000 394.10641479
0.00000000 394.25878906
0.00000000 394.41119385
0.00000000 394.56359863
0.00000000 394.71600342
0.00000000 394.86840820
0.00000000 395.02081299
0.00000000 395.17318726
0.00000000 395.32559204
0.00000000 395.47799683
0.00309974 395.63040161
0.00621927 395.78280640
0.00645084 395.93521118
0.00572551 396.08758545
0.00364791 396.23999023
0.00288162 396.39239502
0.00257746 396.54479980
0.00348244 396.69720459
0.00334699 396.84960938
0.00275756 397.00201416
0.00494270 397.15438843
0.00000000 397.30679321
0.00136193 397.45919800
0.00000000 397.61160278
0.00000000 397.76400757
0.00000000 397.91641235
0.00000000 398.06878662
0.00000000 398.22119141
0.00000000 398.37359619
0.00000000 398.52600098
0.00000000 398.67840576
0.00000000 398.83081055
0.00000000 398.98318481
0.00000000 399.13558960
0.00005365 399.28799438
0.00000000 399.44039917
0.00000000 399.59280396
0.00000000 399.74520874
0.00000000 399.89761353
0.00000000 400.04998779
0.00000000 400.20239258
0.00000000 400.35479736
0.00000000 400.50720215
0.00000000 400.65960693
0.00000000 400.81201172
0.00000000 400.96438599
0.00000000 401.11679077
0.00000000 401.26919556
0.00000000 401.42160034
0.00000000 401.57400513
0.00000000 401.72640991
0.00000000 401.87881470
0.00000000 402.03118896
0.00000000 402.18359375
0.00000000 402.33599854
0.00000000 402.48840332
0.00000000 402.64080811
0.00000000 402.79321289
0.00000000 402.94558716
0.00111414 403.09799194
0.00478637 403.25039673
0.00612932 403.40280151
0.00453918 403.55520630
0.00233355 403.70761108
0.00055677 403.85998535
0.00192175 404.01239014
0.00000000 404.16479492
0.00000000 404.31719971
0.00350419 404.46960449
0.00538225 404.62200928
0.00380498 404.77441406
0.00078007 404.92678833
0.00000000 405.07919312
0.00000000 405.23159790
0.00000000 405.38400269
0.00000000 405.53640747
0.00000000 405.68881226
0.00000000 405.84118652
0.00433128 405.99359131
0.00555325 406.14599609
0.00797039 406.29840088
0.00704705 406.45080566
0.00479544 406.60321045
0.00311980 406.75561523
0.00836699 406.90798950
0.00273804 407.06039429
0.00560860 407.21279907
0.00335865 407.36520386
0.00184602 407.51760864
0.00562596 407.67001343
0.00350923 407.82238770
0.00521019 407.97479248
0.00829300 408.12719727
0.00899084 408.27960205
0.01309138 408.43200684
0.01315424 408.58441162
0.01244984 408.73678589
0.01337011 408.88919067
0.01145703 409.04159546
0.01477704 409.19400024
0.02623712 409.34640503
0.03708259 409.49880981
0.06313096 409.65121460
0.09982556 409.80358887
0.11417269 409.95599365
0.14486582 410.10839844
0.15560420 410.26080322
0.16677853 410.41320801
0.20950750 410.56561279
0.21360030 410.71798706
0.23374741 410.87039185
0.26185563 411.02279663
0.25999066 411.17520142
0.23311568 411.32760620
0.23719193 411.48001099
0.22794652 411.63238525
0.22906572 411.78479004
0.23890822 411.93719482
0.25255485 412.08959961
0.27116185 412.24200439
0.25922321 412.39440918
0.27896018 412.54681396
0.24132416 412.69918823
0.23558859 412.85159302
0.24347380 413.00399780
0.24294518 413.15640259
0.23914351 413.30880737
0.23343391 413.46121216
0.22886501 413.61358643
0.21961236 413.76599121
0.20858499 413.91839600
0.22993207 414.07080078
0.22469188 414.22320557
0.22458108 414.37561035
0.23616271 414.52801514
0.26923261 414.68038940
0.27975841 414.83279419
0.32133700 414.98519897
0.33266204 415.13760376
0.34038951 415.29000854
0.37001177 415.44241333
0.36206405 415.59478760
0.39618508 415.74719238
0.47796932 415.89959717
0.50621878 416.05200195
0.59078245 416.20440674
0.52855884 416.35681152
0.47475701 416.50918579
0.42331797 416.66159058
0.35891944 416.81399536
0.31960425 416.96640015
0.27345726 417.11880493
0.27569638 417.27120972
0.28085787 417.42361450
0.34205525 417.57598877
0.41713704 417.72839355
0.47735479 417.88079834
0.54250999 418.03320312
0.57874596 418.18560791
0.56195308 418.33801270
0.58037560 418.49038696
0.50627329 418.64279175
0.49058260 418.79519653
0.47130024 418.94760132
0.43736292 419.10000610
0.42121764 419.25241089
0.39146969 419.40478516
0.37675567 419.55718994
0.41122650 419.70959473
0.44412455 419.86199951
0.38347510 420.01440430
0.24228650 420.16680908
0.17944865 420.31921387
0.17309694 420.47158813
0.16715780 420.62399292
0.16915339 420.77639771
0.16937251 420.92880249
0.17262407 421.08120728
0.18352349 421.23361206
0.19817307 421.38598633
0.25324051 421.53839111
0.24587702 421.69079590
0.25709145 421.84320068
0.23392361 421.99560547
0.21765810 422.14801025
0.20284277 422.30041504
0.19417420 422.45278931
0.17058488 422.60519409
0.16555935 422.75759888
0.16395676 422.91000366
0.16174488 423.06240845
0.16948143 423.21481323
0.17578116 423.36718750
0.16800571 423.51959229
0.15914598 423.67199707
0.14814719 423.82440186
0.11945711 423.97680664
0.10727255 424.12921143
0.12061667 424.28158569
0.20183039 424.43399048
0.14518158 424.58639526
0.11727914 424.73880005
0.10896115 424.89120483
0.12148545 425.04360962
0.14085444 425.19601440
0.17064999 425.34838867
0.21370403 425.50079346
0.21071431 425.65319824
0.21822936 425.80560303
0.20855178 425.95800781
0.17118246 426.11041260
0.16186480 426.26278687
0.15668316 426.41519165
0.15267832 426.56759644
0.15052721 426.72000122
0.15617285 426.87240601
0.16355495 427.02481079
0.16545343 427.17718506
0.16567919 427.32958984
0.16467317 427.48199463
0.15896203 427.63439941
0.16110354 427.78680420
0.15118479 427.93920898
0.13627119 428.09161377
0.15510061 428.24398804
0.14928157 428.39639282
0.15527782 428.54879761
0.17446550 428.70120239
0.19222527 428.85360718
0.16616291 429.00601196
0.16483122 429.15838623
0.16296228 429.31079102
0.16115394 429.46319580
0.16319552 429.61560059
0.16250619 429.76800537
0.16396788 429.92041016
0.18300606 430.07281494
0.16952555 430.22518921
0.16583989 430.37759399
0.16610886 430.52999878
0.15488067 430.68240356
0.16438346 430.83480835
0.15746375 430.98721313
0.16319681 431.13958740
0.17523426 431.29199219
0.17585587 431.44439697
0.19773861 431.59680176
0.17495819 431.74920654
0.17016558 431.90161133
0.14581015 432.05398560
0.11497989 432.20639038
0.11992618 432.35879517
0.12911262 432.51119995
0.12760390 432.66360474
0.13925569 432.81600952
0.14030448 432.96841431
0.12804882 433.12078857
0.10693530 433.27319336
0.10180784 433.42559814
0.07099705 433.57800293
0.06138144 433.73040771
0.06697393 433.88281250
0.07328955 434.03518677
0.10163178 434.18759155
0.16563177 434.33999634
0.20026755 434.49240112
0.24939799 434.64480591
0.27710949 434.79721069
0.28041977 434.94958496
0.27917492 435.10198975
0.27026091 435.25439453
0.24943143 435.40679932
0.24878423 435.55920410
0.24106240 435.71160889
0.21789062 435.86401367
0.19418371 436.01638794
0.17385003 436.16879272
0.15831712 436.32119751
0.15206070 436.47360229
0.15625138 436.62600708
0.16566206 436.77841187
0.17292612 436.93078613
0.19565911 437.08319092
0.24536800 437.23559570
0.26982061 437.38800049
0.30815317 437.54040527
0.29742342 437.69281006
0.27669691 437.84521484
0.22804861 437.99758911
0.17196639 438.14999390
0.11837773 438.30239868
0.08846345 438.45480347
0.07750503 438.60720825
0.05895845 438.75961304
0.05741160 438.91198730
0.06121333 439.06439209
0.05160461 439.21679688
0.03603195 439.36920166
0.04525638 439.52160645
0.05096674 439.67401123
0.07322501 439.82638550
0.12151900 439.97879028
0.12792871 440.13119507
0.16344336 440.28359985
0.17797614 440.43600464
0.17279469 440.58840942
0.19261690 440.74081421
0.21007186 440.89318848
0.22352663 441.04559326
0.27348368 441.19799805
0.36778030 441.35040283
0.38622139 441.50280762
0.41566669 441.65521240
0.42003883 441.80758667
0.36399255 441.95999146
0.35781272 442.11239624
0.31029868 442.26480103
0.23852830 442.41720581
0.27840951 442.56961060
0.28397814 442.72198486
0.28944316 442.87438965
0.34977407 443.02679443
0.33364703 443.17919922
0.32367220 443.33160400
0.31464627 443.48400879
0.27296493 443.63641357
0.26455793 443.78878784
0.26321141 443.94119263
0.25025453 444.09359741
0.24599111 444.24600220
0.23801365 444.39840698
0.26503398 444.55081177
0.27623530 444.70318604
0.30108419 444.85559082
0.39395098 445.00799561
0.41577368 445.16040039
0.39721640 445.31280518
0.39009486 445.46520996
0.39817228 445.61761475
0.39434394 445.76998901
0.39631325 445.92239380
0.39120216 446.07479858
0.38395951 446.22720337
0.37382275 446.37960815
0.32569507 446.53201294
0.34814766 446.68438721
0.38725864 446.83679199
0.41944523 446.98919678
0.42313707 447.14160156
0.39498387 447.29400635
0.41768027 447.44641113
0.32973935 447.59878540
0.24296592 447.75119019
0.16522593 447.90359497
0.14969400 448.05599976
0.14212223 448.20840454
0.14231545 448.36080933
0.15106825 448.51321411
0.16635959 448.66558838
0.20326540 448.81799316
0.22864384 448.97039795
0.22970016 449.12280273
0.21560731 449.27520752
0.21031872 449.42761230
0.21493520 449.57998657
0.20515586 449.73239136
0.20523445 449.88479614
0.20667280 450.03720093
0.18459337 450.18960571
0.18202186 450.34201050
0.20313578 450.49438477
0.21474676 450.64678955
0.21651549 450.79919434
0.24369777 450.95159912
0.24814880 451.10400391
0.24099721 451.25640869
0.24253379 451.40881348
0.23408389 451.56118774
0.22023236 451.71359253
0.20144078 451.86599731
0.17258953 452.01840210
0.15429567 452.17080688
0.13836949 452.32321167
0.10741112 452.47558594
0.10134260 452.62799072
0.08662429 452.78039551
0.09272957 452.93280029
0.10012204 453.08520508
0.10713907 453.23760986
0.11133864 453.39001465
0.11694427 453.54238892
0.12429450 453.69479370
0.12529861 453.84719849
0.12640400 453.99960327
0.12372503 454.15200806
0.11460751 454.30441284
0.11185954 454.45678711
0.10332555 454.60919189
0.09969442 454.76159668
0.10569021 454.91400146
0.09705655 455.06640625
0.10577317 455.21881104
0.10749484 455.37118530
0.11815656 455.52359009
0.12830153 455.67599487
0.14859681 455.82839966
0.15034368 455.98080444
0.15590573 456.13320923
0.15674664 456.28561401
0.15408336 456.43798828
0.13545761 456.59039307
0.11824817 456.74279785
0.10534280 456.89520264
0.09420040 457.04760742
0.09860158 457.20001221
0.10590314 457.35238647
0.11386699 457.50479126
0.12841514 457.65719604
0.13300568 457.80960083
0.15208311 457.96200562
0.16988554 458.11441040
0.15965812 458.26681519
0.15268827 458.41918945
0.15006517 458.57159424
0.15003001 458.72399902
0.14257927 458.87640381
0.14565573 459.02880859
0.14805541 459.18121338
0.14405039 459.33358765
0.14020576 459.48599243
0.14332591 459.63839722
0.13876663 459.79080200
0.14778271 459.94320679
0.15548609 460.09561157
0.15759494 460.24798584
0.16702867 460.40039062
0.16566467 460.55279541
0.17908198 460.70520020
0.18701890 460.85760498
0.19706598 461.01000977
0.22230115 461.16241455
0.25966933 461.31478882
0.29257340 461.46719360
0.30684316 461.61959839
0.31083643 461.77200317
0.29582727 461.92440796
0.29749997 462.07681274
0.31333862 462.22918701
0.31008843 462.38159180
0.32783786 462.53399658
0.31837385 462.68640137
0.31920366 462.83880615
0.30238294 462.99121094
0.27689023 463.14358521
0.28580356 463.29598999
0.29755339 463.44839478
0.35587019 463.60079956
0.38610084 463.75320435
0.39444250 463.90560913
0.35038751 464.05801392
0.29545730 464.21038818
0.22832627 464.36279297
0.15850502 464.51519775
0.14192504 464.66760254
0.12533610 464.82000732
0.11969528 464.97241211
0.10638995 465.12478638
0.09812906 465.27719116
0.09718579 465.42959595
0.09231363 465.58200073
0.09450987 465.73440552
0.09456769 465.88681030
0.09076136 466.03921509
0.10056817 466.19158936
0.10903992 466.34399414
0.10942319 466.49639893
0.11185595 466.64880371
0.11265518 466.80120850
0.10700522 466.95361328
0.10914217 467.10598755
0.10790583 467.25839233
0.11933066 467.41079712
0.14990972 467.56320190
0.19697259 467.71560669
0.24830671 467.86801147
0.26663180 468.02038574
0.29113822 468.17279053
0.29124624 468.32519531
0.29094019 468.47760010
0.26114775 468.63000488
0.23339620 468.78240967
0.21442605 468.93481445
0.21066608 469.08718872
0.24816198 469.23959351
0.26270307 469.39199829
0.28209213 469.54440308
0.30676474 469.69680786
0.34056333 469.84921265
0.34406326 470.00158691
0.35639578 470.15399170
0.35264129 470.30639648
0.33085767 470.45880127
0.29486054 470.61120605
0.24877103 470.76361084
0.25755914 470.91598511
0.24417123 471.06838989
0.24055566 471.22079468
0.23411246 471.37319946
0.22645173 471.52560425
0.22813760 471.67800903
0.24000188 471.83041382
0.24726711 471.98278809
0.28625792 472.13519287
0.30488689 472.28759766
0.33198021 472.44000244
0.33319834 472.59240723
0.32780956 472.74481201
0.29545531 472.89718628
0.29767226 473.04959106
0.30462206 473.20199585
0.30388586 473.35440063
0.34650359 473.50680542
0.36862139 473.65921021
0.33155081 473.81161499
0.35159409 473.96398926
0.30546354 474.11639404
0.30227279 474.26879883
0.33258605 474.42120361
0.35541377 474.57360840
0.42944101 474.72601318
0.45230319 474.87838745
0.47450458 475.03079224
0.45948443 475.18319702
0.37217713 475.33560181
0.42760989 475.48800659
0.41482366 475.64041138
0.42538946 475.79278564
0.47053466 475.94519043
0.45734136 476.09759521
0.47944917 476.25000000
0.49300084 476.40240479
0.47767092 476.55480957
0.46100189 476.70721436
0.42622867 476.85958862
0.40830527 477.01199341
0.37653896 477.16439819
0.36214065 477.31680298
0.38095983 477.46920776
0.38077560 477.62161255
0.37224582 477.77398682
0.33225282 477.92639160
0.27223525 478.07879639
0.27020290 478.23120117
0.25991169 478.38360596
0.28717909 478.53601074
0.32971859 478.68838501
0.34255862 478.84078979
0.38341084 478.99319458
0.39911341 479.14559937
0.38057057 479.29800415
0.37883459 479.45040894
0.37885175 479.60281372
0.38204086 479.75518799
0.37138119 479.90759277
0.34587399 480.05999756
0.33138729 480.21240234
0.29100160 480.36480713
0.27888539 480.51721191
0.25206920 480.66958618
0.23505089 480.82199097
0.22096462 480.97439575
0.20537719 481.12680054
0.19207081 481.27920532
0.16191278 481.43161011
0.14798014 481.58401489
0.11768149 481.73638916
0.11439259 481.88879395
0.12349907 482.04119873
0.13319619 482.19360352
0.16785223 482.34600830
0.16776721 482.49841309
0.16755682 482.65078735
0.15887299 482.80319214
0.15520274 482.95559692
0.14650855 483.10800171
0.16109127 483.26040649
0.16076512 483.41281128
0.17305964 483.56518555
0.19824601 483.71759033
0.19560159 483.86999512
0.20433076 484.02239990
0.21390362 484.17480469
0.24235372 484.32720947
0.30746918 484.47961426
0.33524417 484.63198853
0.36802751 484.78439331
0.38937388 484.93679810
0.35814900 485.08920288
0.33595574 485.24160767
0.30632745 485.39401245
0.26729435 485.54638672
0.31377120 485.69879150
0.33407750 485.85119629
0.44711139 486.00360107
0.49321439 486.15600586
0.53314227 486.30841064
0.59723017 486.46078491
0.58871271 486.61318970
0.61344997 486.76559448
0.61372478 486.91799927
0.63733189 487.07040405
0.59452323 487.22280884
0.57093758 487.37521362
0.50252514 487.52758789
0.45444767 487.67999268
0.45501860 487.83239746
0.32563233 487.98480225
0.40214314 488.13720703
0.39519402 488.28961182
0.40920368 488.44198608
0.44222706 488.59439087
0.40657301 488.74679565
0.42161299 488.89920044
0.43433653 489.05160522
0.41510189 489.20401001
0.46171247 489.35641479
0.52167566 489.50878906
0.56893223 489.66119385
0.65304487 489.81359863
0.64924081 489.96600342
0.61915455 490.11840820
0.59502201 490.27081299
0.56336508 490.42318726
0.53329401 490.57559204
0.54077663 490.72799683
0.55011627 490.88040161
0.54523700 491.03280640
0.59348168 491.18521118
0.52796331 491.33758545
0.52377829 491.48999023
0.54117973 491.64239502
0.51450436 491.79479980
0.53286167 491.94720459
0.54355254 492.09960938
0.61145578 492.25201416
0.64097827 492.40438843
0.66342482 492.55679321
0.69824493 492.70919800
0.74320504 492.86160278
0.62749733 493.01400757
0.57008451 493.16641235
0.50235000 493.31878662
0.41131806 493.47119141
0.46101914 493.62359619
0.46270126 493.77600098
0.50017493 493.92840576
0.57274600 494.08081055
0.57144861 494.23318481
0.56142734 494.38558960
0.60556570 494.53799438
0.71222764 494.69039917
0.72230918 494.84280396
0.70092402 494.99520874
0.64157653 495.14761353
0.57526659 495.29998779
0.49769736 495.45239258
0.42549843 495.60479736
0.45415885 495.75720215
0.50708365 495.90960693
0.62277051 496.06201172
0.67535140 496.21438599
0.76429764 496.36679077
0.82388818 496.51919556
0.77899229 496.67160034
0.74384852 496.82400513
0.62710418 496.97640991
0.56816793 497.12881470
0.58449318 497.28118896
0.53012669 497.43359375
0.54938246 497.58599854
0.50017187 497.73840332
0.46615676 497.89080811
0.45481779 498.04321289
0.46990046 498.19558716
0.56157914 498.34799194
0.56388390 498.50039673
0.63802267 498.65280151
0.57475790 498.80520630
0.51391612 498.95761108
0.50694146 499.10998535
0.40955568 499.26239014
0.37006457 499.41479492
0.48656757 499.56719971
0.57200502 499.71960449
0.70675316 499.87200928
0.76040300 500.02441406
0.72448058 500.17678833
0.67490574 500.32919312
0.60242615 500.48159790
0.49188712 500.63400269
0.52358870 500.78640747
0.54592102 500.93881226
0.56317343 501.09118652
0.60398324 501.24359131
0.65798807 501.39599609
0.62850070 501.54840088
0.62554722 501.70080566
0.52028758 501.85321045
0.47920654 502.00561523
0.37873309 502.15798950
0.32661481 502.31039429
0.30951641 502.46279907
0.28071148 502.61520386
0.27494020 502.76760864
0.25174291 502.92001343
0.20395518 503.07238770
0.22585663 503.22479248
0.21951860 503.37719727
0.23751764 503.52960205
0.25873612 503.68200684
0.28196752 503.83441162
0.22761737 503.98678589
0.18332743 504.13919067
0.15542549 504.29159546
0.12030583 504.44400024
0.13515932 504.59640503
0.13924631 504.74880981
0.14171668 504.90121460
0.15200842 505.05358887
0.18070244 505.20599365
0.19523961 505.35839844
0.22072248 505.51080322
0.26612027 505.66320801
0.28711927 505.81561279
0.31893433 505.96798706
0.34935028 506.12039185
0.42753418 506.27279663
0.40577902 506.42520142
0.39705249 506.57760620
0.32995468 506.73001099
0.27027676 506.88238525
0.23583079 507.03479004
0.21502356 507.18719482
0.19675917 507.33959961
0.19838086 507.49200439
0.20809440 507.64440918
0.24225982 507.79681396
0.38963159 507.94918823
0.52262586 508.10159302
0.60867379 508.25399780
0.73915936 508.40640259
0.70298377 508.55880737
0.74565656 508.71121216
0.62436638 508.86358643
0.58657305 509.01599121
0.62184057 509.16839600
0.64843674 509.32080078
0.64095327 509.47320557
0.71926168 509.62561035
0.63196401 509.77801514
0.58257653 509.93038940
0.55363796 510.08279419
0.49864525 510.23519897
0.50992780 510.38760376
0.50484587 510.54000854
0.45632219 510.69241333
0.43700071 510.84478760
0.41038052 510.99719238
0.41449432 511.14959717
0.43405173 511.30200195
0.45814740 511.45440674
0.50242591 511.60681152
0.56741149 511.75918579
0.61410123 511.91159058
0.69651341 512.06402588
0.73690493 512.21636963
0.83707432 512.36877441
0.83304907 512.52117920
0.74617229 512.67358398
0.70173808 512.82598877
0.66780926 512.97839355
0.69094227 513.13079834
0.71803274 513.28320312
0.73773679 513.43560791
0.75372358 513.58801270
0.68853400 513.74041748
0.62813903 513.89282227
0.51913545 514.04522705
0.51242135 514.19757080
0.49724862 514.34997559
0.48329550 514.50238037
0.57509056 514.65478516
0.58410618 514.80718994
0.63861090 514.95959473
0.66845564 515.11199951
0.70536595 515.26440430
0.58948863 515.41680908
0.53649734 515.56921387
0.49810960 515.72161865
0.48840290 515.87402344
0.56386339 516.02642822
0.61442434 516.17877197
0.66996329 516.33117676
0.73158631 516.48358154
0.74245735 516.63598633
0.72039042 516.78839111
0.71350463 516.94079590
0.70586298 517.09320068
0.71561842 517.24560547
0.71033499 517.39801025
0.63741018 517.55041504
0.58764826 517.70281982
0.53108037 517.85522461
0.54338827 518.00762939
0.57204312 518.15997314
0.56746313 518.31237793
0.56693986 518.46478271
0.56922742 518.61718750
0.52053368 518.76959229
0.47560832 518.92199707
0.42994196 519.07440186
0.44325850 519.22680664
0.44556829 519.37921143
0.47975455 519.53161621
0.54268388 519.68402100
0.67419568 519.83642578
0.72564019 519.98876953
0.80372003 520.14117432
0.88221330 520.29357910
0.92097072 520.44598389
0.97198109 520.59838867
0.90550073 520.75079346
0.89793966 520.90319824
0.83919371 521.05560303
0.69228562 521.20800781
0.61409010 521.36041260
0.57737546 521.51281738
0.53609226 521.66522217
0.51133767 521.81762695
0.52732471 521.96997070
0.54310642 522.12237549
0.58370539 522.27478027
0.69336197 522.42718506
0.69540579 522.57958984
0.72096480 522.73199463
0.78526406 522.88439941
0.85176816 523.03680420
0.86185826 523.18920898
0.92119140 523.34161377
0.92114089 523.49401855
0.90376163 523.64642334
0.86004886 523.79882812
0.74569825 523.95117188
0.72301323 524.10357666
0.68828281 524.25598145
0.65419748 524.40838623
0.66036976 524.56079102
0.59294990 524.71319580
0.57988399 524.86560059
0.53966776 525.01800537
0.51031097 525.17041016
0.58575092 525.32281494
0.60397602 525.47521973
0.64666878 525.62762451
0.77567339 525.78002930
0.80177350 525.93237305
0.77044198 526.08477783
0.78516515 526.23718262
0.75796799 526.38958740
0.77480984 526.54199219
0.75025046 526.69439697
0.64432702 526.84680176
0.55575689 526.99920654
0.39623464 527.15161133
0.33687745 527.30401611
0.24107955 527.45642090
0.22527495 527.60882568
0.21493285 527.76123047
0.21944412 527.91357422
0.20117355 528.06597900
0.20171349 528.21838379
0.18869562 528.37078857
0.15105464 528.52319336
0.15322869 528.67559814
0.14349857 528.82800293
0.13956664 528.98040771
0.14307318 529.13281250
0.14137780 529.28521729
0.14119489 529.43762207
0.17575852 529.59002686
0.19338127 529.74237061
0.20995395 529.89477539
0.25027129 530.04718018
0.26841750 530.19958496
0.31543562 530.35198975
0.41680607 530.50439453
0.46787958 530.65679932
0.48982522 530.80920410
0.51838653 530.96160889
0.49493640 531.11401367
0.43030734 531.26641846
0.38226383 531.41882324
0.36457994 531.57122803
0.39949904 531.72357178
0.45513262 531.87597656
0.51694091 532.02838135
0.63360151 532.18078613
0.62364001 532.33319092
0.60268387 532.48559570
0.64106442 532.63800049
0.56217681 532.79040527
0.54873487 532.94281006
0.57689647 533.09521484
0.58378661 533.24761963
0.58890474 533.40002441
0.68995311 533.55242920
0.68883642 533.70477295
0.63803417 533.85717773
0.59815653 534.00958252
0.54162952 534.16198730
0.46951415 534.31439209
0.47822933 534.46679688
0.43839039 534.61920166
0.51357955 534.77160645
0.49241854 534.92401123
0.55799332 535.07641602
0.53885385 535.22882080
0.50729778 535.38122559
0.47267572 535.53363037
0.47469798 535.68597412
0.52662692 535.83837891
0.60900361 535.99078369
0.69885323 536.14318848
0.78663761 536.29559326
0.89043132 536.44799805
0.69982895 536.60040283
0.52090442 536.75280762
0.45882842 536.90521240
0.44114480 537.05761719
0.41861304 537.21002197
0.39500791 537.36242676
0.33076129 537.51477051
0.27391154 537.66717529
0.23494901 537.81958008
0.20745844 537.97198486
0.19925237 538.12438965
0.20898055 538.27679443
0.23708342 538.42919922
0.27238016 538.58160400
0.31417167 538.73400879
0.33641299 538.88641357
0.38826456 539.03881836
0.44654596 539.19122314
0.47025921 539.34362793
0.46735470 539.49597168
0.48800354 539.64837646
0.43771718 539.80078125
0.44797809 539.95318604
0.46817277 540.10559082
0.44618580 540.25799561
0.52534347 540.41040039
0.52460462 540.56280518
0.49015440 540.71520996
0.52524849 540.86761475
0.47525930 541.02001953
0.48166646 541.17242432
0.56711712 541.32482910
0.62810326 541.47717285
0.51939532 541.62957764
0.44574460 541.78198242
0.38077317 541.93438721
0.33223739 542.08679199
0.35858953 542.23919678
0.36807644 542.39160156
0.43784405 542.54400635
0.50867162 542.69641113
0.52125793 542.84881592
0.51584102 543.00122070
0.52247185 543.15362549
0.53091938 543.30603027
0.53275568 543.45837402
0.53322057 543.61077881
0.55739952 543.76318359
0.46902574 543.91558838
0.53888676 544.06799316
0.55162002 544.22039795
0.60561494 544.37280273
0.55255668 544.52520752
0.54397566 544.67761230
0.51860949 544.83001709
0.43756142 544.98242188
0.41881767 545.13482666
0.46974524 545.28717041
0.46555650 545.43957520
0.49551505 545.59197998
0.45812018 545.74438477
0.43606122 545.89678955
0.44478089 546.04919434
0.41966208 546.20159912
0.45166018 546.35400391
0.48811844 546.50640869
0.50701965 546.65881348
0.56223833 546.81121826
0.53176686 546.96362305
0.53151954 547.11602783
0.51206507 547.26837158
0.44962979 547.42077637
0.53668108 547.57318115
0.60458189 547.72558594
0.66092302 547.87799072
0.77505524 548.03039551
0.81316348 548.18280029
0.79504079 548.33520508
0.80129106 548.48760986
0.65699992 548.64001465
0.63527889 548.79241943
0.57162181 548.94482422
0.52480251 549.09722900
0.56708784 549.24957275
0.64660879 549.40197754
0.68783781 549.55438232
0.77906769 549.70678711
0.84802103 549.85919189
0.70575845 550.01159668
0.67009289 550.16400146
0.51792494 550.31640625
0.42946409 550.46881104
0.35258937 550.62121582
0.28844162 550.77362061
0.24257515 550.92602539
0.21552505 551.07843018
0.21046706 551.23077393
0.20436727 551.38317871
0.17364066 551.53558350
0.14916537 551.68798828
0.13866272 551.84039307
0.12794490 551.99279785
0.12064687 552.14520264
0.12340836 552.29760742
0.12549777 552.45001221
0.13034899 552.60241699
0.13730354 552.75482178
0.14227431 552.90722656
0.14522569 553.05957031
0.16560937 553.21197510
0.17430199 553.36437988
0.20419463 553.51678467
0.24775016 553.66918945
0.30785192 553.82159424
0.32547222 553.97399902
0.33781123 554.12640381
0.39422005 554.27880859
0.42519971 554.43121338
0.48034645 554.58361816
0.51928374 554.73602295
0.55557937 554.88842773
0.69216441 555.04077148
0.72097975 555.19317627
0.79593855 555.34558105
0.76480031 555.49798584
0.82714758 555.65039062
0.81766411 555.80279541
0.78879542 555.95520020
0.81687502 556.10760498
0.80131214 556.26000977
0.86346079 556.41241455
0.76795100 556.56481934
0.73436041 556.71722412
0.63438175 556.86962891
0.60125302 557.02197266
0.49776189 557.17437744
0.44448330 557.32678223
0.45899196 557.47918701
0.45957057 557.63159180
0.55268289 557.78399658
0.59916187 557.93640137
0.60399420 558.08880615
0.64201210 558.24121094
0.67020259 558.39361572
0.56970599 558.54602051
0.60042377 558.69842529
0.61773193 558.85083008
0.69170073 559.00317383
0.72659144 559.15557861
0.80621925 559.30798340
0.93799865 559.46038818
0.87723261 559.61279297
0.94131573 559.76519775
0.85297177 559.91760254
0.74223443 560.07000732
0.67758944 560.22241211
0.54243872 560.37481689
0.54482126 560.52722168
0.54692421 560.67962646
0.62032314 560.83197021
0.69106313 560.98437500
0.69516682 561.13677979
0.70111502 561.28918457
0.64453318 561.44158936
0.65962802 561.59399414
0.62573117 561.74639893
0.66307704 561.89880371
0.66198744 562.05120850
0.65811366 562.20361328
0.69103233 562.35601807
0.57032836 562.50842285
0.50254844 562.66082764
0.51667411 562.81317139
0.44976656 562.96557617
0.46388017 563.11798096
0.45244357 563.27038574
0.43060377 563.42279053
0.44508568 563.57519531
0.42133917 563.72760010
0.37989112 563.88000488
0.40911499 564.03240967
0.43878266 564.18481445
0.46996491 564.33721924
0.52498597 564.48962402
0.54661240 564.64202881
0.54814965 564.79437256
0.58443656 564.94677734
0.61203890 565.09918213
0.62397311 565.25158691
0.67380880 565.40399170
0.68426021 565.55639648
0.71696662 565.70880127
0.78619099 565.86120605
0.83304407 566.01361084
0.64797397 566.16601562
0.55830558 566.31842041
0.49433838 566.47082520
0.38719889 566.62322998
0.29739921 566.77557373
0.25661096 566.92797852
0.19158765 567.08038330
0.17221899 567.23278809
0.16896189 567.38519287
0.17455825 567.53759766
0.21279882 567.69000244
0.24497700 567.84240723
0.29684765 567.99481201
0.39068019 568.14721680
0.44156552 568.29962158
0.44630073 568.45202637
0.49972733 568.60437012
0.53693537 568.75677490
0.53871393 568.90917969
0.58541273 569.06158447
0.57384943 569.21398926
0.58520928 569.36639404
0.62406494 569.51879883
0.61038274 569.67120361
0.65813912 569.82360840
0.74145464 569.97601318
0.66578239 570.12841797
0.68294887 570.28082275
0.64348020 570.43322754
0.59259033 570.58557129
0.56468596 570.73797607
0.54063137 570.89038086
0.58948863 571.04278564
0.70437506 571.19519043
0.73686369 571.34759521
0.76409792 571.50000000
0.71693899 571.65240479
0.61882187 571.80480957
0.50107589 571.95721436
0.43217270 572.10961914
0.42735714 572.26202393
0.52840185 572.41442871
0.66404961 572.56677246
0.80778626 572.71917725
0.99567118 572.87158203
0.99567118 573.02398682
0.98012167 573.17639160
0.99567118 573.32879639
0.99567118 573.48120117
0.88282689 573.63360596
0.81454798 573.78601074
0.74584976 573.93841553
0.73282747 574.09082031
0.71018788 574.24322510
0.78015711 574.39562988
0.85057100 574.54797363
0.87339866 574.70037842
0.77123332 574.85278320
0.68355749 575.00518799
0.67247549 575.15759277
0.64376114 575.30999756
0.60177681 575.46240234
0.53425910 575.61480713
0.63365276 575.76721191
0.61206656 575.91961670
0.60022652 576.07202148
0.67151390 576.22442627
0.67627953 576.37677002
0.67799440 576.52917480
0.81135483 576.68157959
0.73876751 576.83398438
0.79324552 576.98638916
0.86767768 577.13879395
0.78055475 577.29119873
0.75476998 577.44360352
0.68693613 577.59600830
0.58931232 577.74841309
0.57030249 577.90081787
0.49533744 578.05322266
0.57255846 578.20562744
0.65555149 578.35797119
0.74653467 578.51037598
0.99567118 578.66278076
0.99567118 578.81518555
0.99276161 578.96759033
0.95097520 579.11999512
0.89903369 579.27239990
0.86071566 579.42480469
0.77624199 579.57720947
0.75002107 579.72961426
0.67798825 579.88201904
0.54070897 580.03442383
0.49373341 580.18682861
0.38034972 580.33917236
0.32202491 580.49157715
0.31483790 580.64398193
0.23971466 580.79638672
0.19903870 580.94879150
0.16749118 581.10119629
0.14496840 581.25360107
0.14532843 581.40600586
0.17232913 581.55841064
0.20785864 581.71081543
0.19896105 581.86322021
0.18706537 582.01562500
0.19028574 582.16802979
0.18475213 582.32037354
0.19238494 582.47277832
0.26327380 582.62518311
0.29171919 582.77758789
0.36685626 582.92999268
0.38691013 583.08239746
0.38239318 583.23480225
0.43690020 583.38720703
0.43830625 583.53961182
0.47791436 583.69201660
0.50031396 583.84442139
0.59158759 583.99682617
0.58287629 584.14916992
0.60169879 584.30157471
0.59672249 584.45397949
0.45982634 584.60638428
0.46420748 584.75878906
0.39668656 584.91119385
0.38305540 585.06359863
0.38181686 585.21600342
0.36428610 585.36840820
0.37900702 585.52081299
0.43912807 585.67321777
0.47510268 585.82562256
0.48389410 585.97802734
0.61583093 586.13037109
0.65278174 586.28277588
0.69372590 586.43518066
0.71743911 586.58758545
0.68275224 586.73999023
0.86192582 586.89239502
0.78775507 587.04479980
0.85427367 587.19720459
0.87279878 587.34960938
0.83434271 587.50201416
0.81859229 587.65441895
0.71878812 587.80682373
0.63830718 587.95922852
0.61528722 588.11157227
0.54189077 588.26397705
0.66591717 588.41638184
0.83515918 588.56878662
0.99567118 588.72119141
0.99567118 588.87359619
0.99567118 589.02600098
0.99565092 589.17840576
0.84162891 589.33081055
0.57854614 589.48321533
0.57599902 589.63562012
0.50616415 589.78802490
0.45617797 589.94042969
0.43742358 590.09277344
0.49023788 590.24517822
0.64872920 590.39758301
0.82197397 590.54998779
0.99567118 590.70239258
0.96145044 590.85479736
0.92442987 591.00720215
0.79976811 591.15960693
0.81895990 591.31201172
0.83327467 591.46441650
0.88756169 591.61682129
0.93774458 591.76922607
0.99567118 591.92156982
0.99567118 592.07397461
0.99567118 592.22637939
0.93170326 592.37878418
0.87442722 592.53118896
0.83088565 592.68359375
0.75794794 592.83599854
0.70598617 592.98840332
0.69048339 593.14080811
0.66000960 593.29321289
0.63308188 593.44561768
0.59788964 593.59802246
0.57169640 593.75042725
0.51295912 593.90277100
0.46478292 594.05517578
0.46234455 594.20758057
0.39600748 594.35998535
0.41291612 594.51239014
0.36648602 594.66479492
0.34504924 594.81719971
0.32322235 594.96960449
0.29245211 595.12200928
0.27221272 595.27441406
0.24508382 595.42681885
0.24386214 595.57922363
0.27010567 595.73162842
0.31054035 595.88397217
0.41692654 596.03637695
0.47457091 596.18878174
0.51658363 596.34118652
0.54431949 596.49359131
0.52019813 596.64599609
0.44320418 596.79840088
0.46648256 596.95080566
0.49129528 597.10321045
0.57588388 597.25561523
0.60444898 597.40802002
0.67372671 597.56042480
0.68384588 597.71282959
0.63651036 597.86517334
0.62838760 598.01757812
0.59394755 598.16998291
0.59250627 598.32238770
0.65511360 598.47479248
0.68993469 598.62719727
0.74867680 598.77960205
0.73832822 598.93200684
0.61024885 599.08441162
0.62259674 599.23681641
0.58188085 599.38922119
0.55351490 599.54162598
0.62092480 599.69396973
0.62442997 599.84637451
0.61069866 599.99877930
0.56508055 600.15118408
0.56276813 600.30358887
0.59445863 600.45599365
0.59739054 600.60839844
0.60409232 600.76080322
0.66087764 600.91320801
0.64816167 601.06561279
0.67737606 601.21801758
0.70704596 601.37042236
0.70934617 601.52282715
0.69873321 601.67517090
0.68628815 601.82757568
0.72068389 601.97998047
0.73357948 602.13238525
0.78384664 602.28479004
0.77032010 602.43719482
0.74980941 602.58959961
0.70054643 602.74200439
0.62690310 602.89440918
0.61109913 603.04681396
0.60022472 603.19921875
0.61600670 603.35162354
0.62411536 603.50402832
0.61471983 603.65637207
0.59888922 603.80877686
0.64335709 603.96118164
0.65160418 604.11358643
0.69426285 604.26599121
0.68073547 604.41839600
0.58579698 604.57080078
0.54374330 604.72320557
0.45391150 604.87561035
0.37355190 605.02801514
0.32768452 605.18041992
0.26893148 605.33282471
0.24887386 605.48522949
0.21271894 605.63757324
0.20654240 605.78997803
0.20494917 605.94238281
0.19686216 606.09478760
0.20075022 606.24719238
0.20716024 606.39959717
0.16863920 606.55200195
0.17156229 606.70440674
0.20744231 606.85681152
0.21291710 607.00921631
0.27011030 607.16162109
0.36360571 607.31402588
0.38532274 607.46636963
0.50262746 607.61877441
0.59023144 607.77117920
0.66524319 607.92358398
0.83157063 608.07598877
0.89756304 608.22839355
0.80644058 608.38079834
0.81099502 608.53320312
0.74793271 608.68560791
0.72081378 608.83801270
0.74022014 608.99041748
0.73468938 609.14282227
0.83477514 609.29522705
0.72716617 609.44757080
0.65908561 609.59997559
0.68005633 609.75238037
0.65027296 609.90478516
0.67630776 610.05718994
0.89701016 610.20959473
0.99567118 610.36199951
0.99567118 610.51440430
0.99567118 610.66680908
0.83872028 610.81921387
0.84270426 610.97161865
0.77545053 611.12402344
0.77745542 611.27642822
0.73715257 611.42877197
0.67123031 611.58117676
0.65182978 611.73358154
0.58016846 611.88598633
0.59612519 612.03839111
0.55503678 612.19079590
0.56301616 612.34320068
0.64129263 612.49560547
0.57570249 612.64801025
0.59861846 612.80041504
0.58934261 612.95281982
0.56621579 613.10522461
0.63685331 613.25762939
0.64416924 613.40997314
0.63723847 613.56237793
0.70753558 613.71478271
0.73388437 613.86718750
0.62957529 614.01959229
0.67877649 614.17199707
0.65559058 614.32440186
0.72225159 614.47680664
0.83330132 614.62921143
0.87202968 614.78161621
0.99567118 614.93402100
0.99567118 615.08642578
0.99567118 615.23876953
0.93823400 615.39117432
0.84392316 615.54357910
0.88689630 615.69598389
0.91570812 615.84838867
0.96392273 616.00079346
0.89594429 616.15319824
0.73283390 616.30560303
0.61092094 616.45800781
0.50735871 616.61041260
0.49888558 616.76281738
0.54450213 616.91522217
0.55358228 617.06762695
0.57805588 617.21997070
0.68347837 617.37237549
0.69579129 617.52478027
0.79677450 617.67718506
0.83965544 617.82958984
0.82706798 617.98199463
0.89603764 618.13439941
0.73451183 618.28680420
0.59977618 618.43920898
0.57645458 618.59161377
0.52574951 618.74401855
0.60901451 618.89642334
0.61195242 619.04882812
0.63699438 619.20117188
0.63846383 619.35357666
0.53506700 619.50598145
0.52475905 619.65838623
0.49640424 619.81079102
0.52487336 619.96319580
0.60460925 620.11560059
0.63835876 620.26800537
0.75110024 620.42041016
0.80137073 620.57281494
0.80403713 620.72521973
0.83652156 620.87762451
0.70128119 621.03002930
0.68830322 621.18237305
0.60250965 621.33477783
0.50584753 621.48718262
0.47435549 621.63958740
0.37687856 621.79199219
0.36984388 621.94439697
0.40359681 622.09680176
0.39833668 622.24920654
0.42093334 622.40161133
0.43585092 622.55401611
0.43602955 622.70642090
0.46187403 622.85882568
0.45739136 623.01123047
0.45636795 623.16357422
0.44796544 623.31597900
0.44971576 623.46838379
0.44812849 623.62078857
0.42730714 623.77319336
0.42053456 623.92559814
0.44800480 624.07800293
0.46717985 624.23040771
0.53779768 624.38281250
0.60537252 624.53521729
0.57465520 624.68762207
0.55848736 624.84002686
0.62642014 624.99237061
0.60381590 625.14477539
0.58664217 625.29718018
0.74001961 625.44958496
0.64247491 625.60198975
0.65527375 625.75439453
0.61222665 625.90679932
0.50555915 626.05920410
0.50470114 626.21160889
0.44730503 626.36401367
0.47494306 626.51641846
0.54857933 626.66882324
0.59954672 626.82122803
0.62963374 626.97357178
0.68873633 627.12597656
0.71465911 627.27838135
0.73604148 627.43078613
0.69836078 627.58319092
0.64336486 627.73559570
0.67141605 627.88800049
0.70092623 628.04040527
0.70210387 628.19281006
0.71577911 628.34521484
0.74191543 628.49761963
0.73558827 628.65002441
0.76665657 628.80242920
0.73409627 628.95477295
0.73487340 629.10717773
0.72679295 629.25958252
0.75061024 629.41198730
0.78876073 629.56439209
0.96197297 629.71679688
0.99567118 629.86920166
0.99567118 630.02160645
0.99567118 630.17401123
0.95873818 630.32641602
0.89440600 630.47882080
0.80275795 630.63122559
0.74494612 630.78363037
0.68172906 630.93597412
0.66511851 631.08837891
0.66374303 631.24078369
0.67505625 631.39318848
0.69467449 631.54559326
0.66837808 631.69799805
0.65081485 631.85040283
0.66206043 632.00280762
0.71938275 632.15521240
0.80759770 632.30761719
0.85635563 632.46002197
0.83999248 632.61242676
0.82629490 632.76477051
0.77739389 632.91717529
0.54906446 633.06958008
0.49772200 633.22198486
0.44142524 633.37438965
0.36428972 633.52679443
0.35273933 633.67919922
0.32980272 633.83160400
0.26335082 633.98400879
0.21486894 634.13641357
0.16049483 634.28881836
0.12439385 634.44122314
0.12355539 634.59362793
0.14797892 634.74597168
0.18857836 634.89837646
0.24960842 635.05078125
0.32397594 635.20318604
0.37549016 635.35559082
0.43306554 635.50799561
0.45126244 635.66040039
0.53946176 635.81280518
0.61161390 635.96520996
0.64096672 636.11761475
0.71843576 636.27001953
0.68848709 636.42242432
0.68802562 636.57482910
0.59641842 636.72717285
0.53548440 636.87957764
0.52871922 637.03198242
0.36936699 637.18438721
0.36939568 637.33679199
0.37499391 637.48919678
0.40624904 637.64160156
0.50530680 637.79400635
0.57925774 637.94641113
0.67665556 638.09881592
0.71092544 638.25122070
0.73193144 638.40362549
0.65078373 638.55603027
0.50597387 638.70837402
0.51095852 638.86077881
0.55320818 639.01318359
0.59060594 639.16558838
0.82701742 639.31799316
0.90920838 639.47039795
0.99567118 639.62280273
0.99567118 639.77520752
0.99567118 639.92761230
0.99501137 640.08001709
0.99567118 640.23242188
0.80659367 640.38482666
0.72365580 640.53717041
0.71726320 640.68957520
0.56215635 640.84197998
0.63015476 640.99438477
0.66948690 641.14678955
0.69726299 641.29919434
0.92267351 641.45159912
0.99567118 641.60400391
0.99567118 641.75640869
0.99567118 641.90881348
0.99567118 642.06121826
0.99567118 642.21362305
0.90773050 642.36602783
0.78515357 642.51837158
0.81677977 642.67077637
0.83184687 642.82318115
0.81927516 642.97558594
0.77937127 643.12799072
0.74600548 643.28039551
0.65380340 643.43280029
0.67835512 643.58520508
0.65288118 643.73760986
0.74684222 643.89001465
0.75053295 644.04241943
0.76912345 644.19482422
0.99567118 644.34722900
0.99567118 644.49957275
0.99567118 644.65197754
0.99567118 644.80438232
0.99567118 644.95678711
0.99567118 645.10919189
0.99567118 645.26159668
0.99567118 645.41400146
0.99567118 645.56640625
0.99567118 645.71881104
0.99567118 645.87121582
0.91169403 646.02362061
0.94314237 646.17602539
0.90509505 646.32843018
0.87369488 646.48077393
0.88304426 646.63317871
0.86761469 646.78558350
0.79063009 646.93798828
0.77300164 647.09039307
0.70087635 647.24279785
0.52117152 647.39520264
0.48246994 647.54760742
0.47426543 647.70001221
0.45936237 647.85241699
0.48405170 648.00482178
0.52442606 648.15722656
0.59955209 648.30957031
0.72161225 648.46197510
0.87700627 648.61437988
0.95243831 648.76678467
0.99567118 648.91918945
0.99567118 649.07159424
0.99079241 649.22399902
0.95762178 649.37640381
0.86176569 649.52880859
0.79432043 649.68121338
0.79290450 649.83361816
0.60103563 649.98602295
0.83071878 650.13842773
0.99567118 650.29077148
0.89432565 650.44317627
0.86218107 650.59558105
0.83336925 650.74798584
0.90718768 650.90039062
0.82655742 651.05279541
0.73457673 651.20520020
0.62422779 651.35760498
0.50555142 651.51000977
0.45183291 651.66241455
0.39444877 651.81481934
0.35303369 651.96722412
0.37739397 652.11962891
0.40920885 652.27197266
0.51306808 652.42437744
0.73535217 652.57678223
0.70021252 652.72918701
0.69296326 652.88159180
0.70195227 653.03399658
0.68906736 653.18640137
0.70709831 653.33880615
0.78433795 653.49121094
0.68441863 653.64361572
0.65710172 653.79602051
0.60779173 653.94842529
0.53571532 654.10083008
0.57153348 654.25317383
0.68531518 654.40557861
0.86721459 654.55798340
0.85699000 654.71038818
0.92574558 654.86279297
0.79087526 655.01519775
0.75187145 655.16760254
0.70017930 655.32000732
0.66639917 655.47241211
0.71603733 655.62481689
0.71781643 655.77722168
0.70967148 655.92962646
0.80748688 656.08197021
0.83246950 656.23437500
0.83582304 656.38677979
0.99567118 656.53918457
0.99567118 656.69158936
0.99567118 656.84399414
0.94828513 656.99639893
0.97210129 657.14880371
0.93337293 657.30120850
0.91308043 657.45361328
0.96694878 657.60601807
0.99567118 657.75842285
0.99567118 657.91082764
0.99567118 658.06317139
0.99567118 658.21557617
0.99567118 658.36798096
0.99567118 658.52038574
0.99567118 658.67279053
0.99567118 658.82519531
0.99567118 658.97760010
0.92715156 659.13000488
0.79902980 659.28240967
0.73836953 659.43481445
0.63494801 659.58721924
0.62699890 659.73962402
0.71655578 659.89202881
0.87676990 660.04437256
0.99567118 660.19677734
0.99567118 660.34918213
0.99567118 660.50158691
0.99567118 660.65399170
0.99567118 660.80639648
0.96471017 660.95880127
0.80842097 661.11120605
0.79912335 661.26361084
0.69988493 661.41601562
0.63889943 661.56842041
0.60793254 661.72082520
0.56119878 661.87322998
0.61244197 662.02557373
0.67969881 662.17797852
0.65302539 662.33038330
0.73578987 662.48278809
0.73689847 662.63519287
0.70084516 662.78759766
0.65602682 662.94000244
0.53015753 663.09240723
0.32805984 663.24481201
0.24800856 663.39721680
0.16887980 663.54962158
0.16213789 663.70202637
0.16366664 663.85437012
0.16508136 664.00677490
0.16310557 664.15917969
0.17880181 664.31158447
0.16852597 664.46398926
0.15980595 664.61639404
0.17893633 664.76879883
0.18957612 664.92120361
0.23433501 665.07360840
0.28946490 665.22601318
0.38497322 665.37841797
0.45755600 665.53082275
0.56584109 665.68322754
0.54833850 665.83557129
0.52386177 665.98797607
0.53683356 666.14038086
0.53765147 666.29278564
0.59536327 666.44519043
0.62029700 666.59759521
0.63820213 666.75000000
0.68139098 666.90240479
0.77200034 667.05480957
0.80164947 667.20721436
0.83288661 667.35961914
0.87350493 667.51202393
0.79242000 667.66442871
0.77203437 667.81677246
0.70318766 667.96917725
0.66942914 668.12158203
0.67255348 668.27398682
0.60553287 668.42639160
0.55341539 668.57879639
0.47345899 668.73120117
0.47195084 668.88360596
0.44658810 669.03601074
0.46899206 669.18841553
0.47338818 669.34082031
0.53136501 669.49322510
0.59975632 669.64562988
0.62617226 669.79797363
0.63944635 669.95037842
0.67405528 670.10278320
0.71036431 670.25518799
0.71268255 670.40759277
0.76169694 670.55999756
0.71986510 670.71240234
0.74524638 670.86480713
0.71222347 671.01721191
0.62071992 671.16961670
0.67070729 671.32202148
0.70410408 671.47442627
0.70520114 671.62677002
0.84363373 671.77917480
0.82472174 671.93157959
0.89721785 672.08398438
0.92844141 672.23638916
0.99567118 672.38879395
0.99567118 672.54119873
0.99567118 672.69360352
0.93607576 672.84600830
0.84737542 672.99841309
0.74607800 673.15081787
0.70567289 673.30322266
0.68985693 673.45562744
0.63762180 673.60797119
0.59184833 673.76037598
0.57561361 673.91278076
0.51277772 674.06518555
0.49046408 674.21759033
0.56175325 674.36999512
0.56113047 674.52239990
0.76304893 674.67480469
0.78166439 674.82720947
0.78973546 674.97961426
0.86988777 675.13201904
0.87075609 675.28442383
0.78225305 675.43682861
0.67526699 675.58917236
0.58747420 675.74157715
0.50780597 675.89398193
0.49934794 676.04638672
0.47696474 676.19879150
0.44772931 676.35119629
0.48216903 676.50360107
0.50349181 676.65600586
0.51754317 676.80841064
0.64579024 676.96081543
0.70572515 677.11322021
0.85163693 677.26562500
0.89019421 677.41802979
0.90937134 677.57037354
0.82906297 677.72277832
0.74609776 677.87518311
0.77463501 678.02758789
0.73560993 678.17999268
0.83697452 678.33239746
0.87384196 678.48480225
0.87542145 678.63720703
0.81364533 678.78961182
0.73210201 678.94201660
0.75334928 679.09442139
0.62377663 679.24682617
0.56231693 679.39916992
0.44048051 679.55157471
0.36199689 679.70397949
0.30207493 679.85638428
0.26622106 680.00878906
0.24217888 680.16119385
0.23805613 680.31359863
0.25317911 680.46600342
0.26859707 680.61840820
0.35437608 680.77081299
0.49332882 680.92321777
0.59199489 681.07562256
0.66783307 681.22802734
0.66070636 681.38037109
0.66528884 681.53277588
0.67951503 681.68518066
0.77898550 681.83758545
0.91119383 681.98999023
0.99567118 682.14239502
0.98579990 682.29479980
0.92538782 682.44720459
0.76123875 682.59960938
0.73597861 682.75201416
0.72537691 682.90441895
0.72349141 683.05682373
0.75990753 683.20922852
0.76989306 683.36157227
0.77229470 683.51397705
0.71662556 683.66638184
0.67683067 683.81878662
0.70418326 683.97119141
0.73237818 684.12359619
0.71842086 684.27600098
0.81168876 684.42840576
0.89662104 684.58081055
0.89248245 684.73321533
0.92669152 684.88562012
0.89788775 685.03802490
0.82930694 685.19042969
0.81417021 685.34277344
0.74589363 685.49517822
0.71172452 685.64758301
0.83107434 685.79998779
0.82235978 685.95239258
0.85687058 686.10479736
0.98265494 686.25720215
0.81647247 686.40960693
0.81028756 686.56201172
0.87168827 686.71441650
0.91186263 686.86682129
0.94887486 687.01922607
0.99567118 687.17156982
0.99567118 687.32397461
0.86856167 687.47637939
0.84884722 687.62878418
0.69670743 687.78118896
0.69516886 687.93359375
0.77157264 688.08599854
0.77530973 688.23840332
0.85668150 688.39080811
0.98437460 688.54321289
0.99567118 688.69561768
0.99567118 688.84802246
0.99567118 689.00042725
0.99567118 689.15277100
0.99567118 689.30517578
0.99567118 689.45758057
0.99567118 689.60998535
0.99567118 689.76239014
0.96074557 689.91479492
0.93785552 690.06719971
0.73221843 690.21960449
0.70222869 690.37200928
0.69104874 690.52441406
0.61941870 690.67681885
0.59505433 690.82922363
0.68271372 690.98162842
0.77039233 691.13397217
0.82213449 691.28637695
0.94263464 691.43878174
0.99567118 691.59118652
0.97010567 691.74359131
0.93614328 691.89599609
0.74939936 692.04840088
0.70719040 692.20080566
0.64613952 692.35321045
0.63941570 692.50561523
0.77313307 692.65802002
0.86032093 692.81042480
0.99567118 692.96282959
0.99273597 693.11517334
0.99535680 693.26757812
0.99567118 693.41998291
0.99567118 693.57238770
0.99567118 693.72479248
0.99567118 693.87719727
0.84891875 694.02960205
0.61273494 694.18200684
0.42901512 694.33441162
0.30610581 694.48681641
0.24333896 694.63922119
0.19570190 694.79162598
0.17064128 694.94396973
0.17659573 695.09637451
0.17838413 695.24877930
0.15779439 695.40118408
0.14091491 695.55358887
0.13746634 695.70599365
0.11870588 695.85839844
0.11907259 696.01080322
0.12821204 696.16320801
0.13273933 696.31561279
0.17142349 696.46801758
0.20525355 696.62042236
0.26248163 696.77282715
0.37272943 696.92517090
0.61793240 697.07757568
0.77030648 697.22998047
0.87244706 697.38238525
0.92253761 697.53479004
0.92174736 697.68719482
0.81978656 697.83959961
0.72258431 697.99200439
0.68815833 698.14440918
0.62701956 698.29681396
0.59499516 698.44921875
0.60377233 698.60162354
0.62939611 698.75402832
0.56738219 698.90637207
0.67689299 699.05877686
0.66795639 699.21118164
0.65120941 699.36358643
0.61190455 699.51599121
0.51975915 699.66839600
0.55969778 699.82080078
0.53081212 699.97320557
0.53042550 700.12561035
0.60377414 700.27801514
0.61103295 700.43041992
0.61555528 700.58282471
0.56860597 700.73522949
0.57257236 700.88757324
0.53222777 701.03997803
0.58516501 701.19238281
0.65832748 701.34478760
0.62892281 701.49719238
0.64410373 701.64959717
0.62110200 701.80200195
0.57398505 701.95440674
0.58954378 702.10681152
0.53606438 702.25921631
0.57176570 702.41162109
0.61443167 702.56402588
0.57911916 702.71636963
0.59475457 702.86877441
0.51869238 703.02117920
0.48941585 703.17358398
0.53341304 703.32598877
0.59947075 703.47839355
0.64633648 703.63079834
0.74185211 703.78320312
0.76651481 703.93560791
0.81294519 704.08801270
0.86920929 704.24041748
0.84561814 704.39282227
0.92526499 704.54522705
0.89423523 704.69757080
0.86286466 704.84997559
0.73904179 705.00238037
0.67744042 705.15478516
0.65529523 705.30718994
0.62313501 705.45959473
0.62319307 705.61199951
0.78421181 705.76440430
0.88068121 705.91680908
0.99185320 706.06921387
0.86275690 706.22161865
0.80018192 706.37402344
0.78424387 706.52642822
0.74918332 706.67877197
0.86945130 706.83117676
0.89615176 706.98358154
0.87320626 707.13598633
0.94299314 707.28839111
0.80548039 707.44079590
0.71632081 707.59320068
0.72027131 707.74560547
0.62369425 707.89801025
0.67673812 708.05041504
0.72816854 708.20281982
0.63593721 708.35522461
0.51586643 708.50762939
0.38429968 708.65997314
0.29578710 708.81237793
0.20120513 708.96478271
0.16389795 709.11718750
0.15083720 709.26959229
0.14645204 709.42199707
0.16029374 709.57440186
0.20924272 709.72680664
0.23552784 709.87921143
0.30788500 710.03161621
0.40023801 710.18402100
0.43922765 710.33642578
0.45445483 710.48876953
0.42436075 710.64117432
0.43648605 710.79357910
0.45017438 710.94598389
0.47841665 711.09838867
0.48778593 711.25079346
0.47903837 711.40319824
0.48150953 711.55560303
0.49772036 711.70800781
0.45962658 711.86041260
0.55253472 712.01281738
0.71430438 712.16522217
0.78055946 712.31762695
0.81118683 712.46997070
0.87365449 712.62237549
0.81918203 712.77478027
0.63414630 712.92718506
0.57158201 713.07958984
0.48188779 713.23199463
0.43152799 713.38439941
0.47778815 713.53680420
0.45173374 713.68920898
0.48471118 713.84161377
0.49309696 713.99401855
0.48742630 714.14642334
0.49117209 714.29882812
0.55250789 714.45117188
0.62333702 714.60357666
0.71502238 714.75598145
0.74858642 714.90838623
0.72463882 715.06079102
0.64077882 715.21319580
0.57038551 715.36560059
0.51088929 715.51800537
0.48663097 715.67041016
0.55925547 715.82281494
0.63321266 715.97521973
0.69800288 716.12762451
0.71737120 716.28002930
0.72391004 716.43237305
0.73943145 716.58477783
0.73092229 716.73718262
0.74332755 716.88958740
0.79918411 717.04199219
0.81321327 717.19439697
0.80402065 717.34680176
0.76182459 717.49920654
0.79355410 717.65161133
0.80172899 717.80401611
0.63585719 717.95642090
0.65225993 718.10882568
0.58421400 718.26123047
0.62440939 718.41357422
0.67609872 718.56597900
0.62636196 718.71838379
0.53060583 718.87078857
0.42994870 719.02319336
0.31547257 719.17559814
0.27873695 719.32800293
0.22181168 719.48040771
0.22837904 719.63281250
0.21030088 719.78521729
0.19260376 719.93762207
0.17804041 720.09002686
0.15830308 720.24237061
0.13486034 720.39477539
0.12615631 720.54718018
0.13462339 720.69958496
0.13638444 720.85198975
0.14740173 721.00439453
0.20091558 721.15679932
0.28454502 721.30920410
0.35882581 721.46160889
0.41912197 721.61401367
0.44841965 721.76641846
0.50784655 721.91882324
0.56192233 722.07122803
0.59401744 722.22357178
0.63056271 722.37597656
0.62396568 722.52838135
0.55483923 722.68078613
0.53769749 722.83319092
0.46042175 722.98559570
0.45423144 723.13800049
0.43751179 723.29040527
0.41526673 723.44281006
0.46652330 723.59521484
0.53030371 723.74761963
0.60766741 723.90002441
0.63827658 724.05242920
0.73005643 724.20477295
0.76763339 724.35717773
0.79011899 724.50958252
0.86261916 724.66198730
0.99567118 724.81439209
0.97963171 724.96679688
0.99567118 725.11920166
0.82247263 725.27160645
0.73143740 725.42401123
0.62627742 725.57641602
0.54112690 725.72882080
0.51550506 725.88122559
0.46942342 726.03363037
0.43186725 726.18597412
0.43673922 726.33837891
0.44181418 726.49078369
0.51682810 726.64318848
0.59604796 726.79559326
0.77214077 726.94799805
0.79908130 727.10040283
0.82786600 727.25280762
0.85935988 727.40521240
0.76195873 727.55761719
0.84806786 727.71002197
0.89455350 727.86242676
0.92320083 728.01477051
0.99567118 728.16717529
0.91777531 728.31958008
0.84938272 728.47198486
0.71173929 728.62438965
0.60756501 728.77679443
0.56606447 728.92919922
0.50895519 729.08160400
0.52574791 729.23400879
0.56247925 729.38641357
0.61523912 729.53881836
0.59643283 729.69122314
0.58330659 729.84362793
0.54618914 729.99597168
0.61889248 730.14837646
0.63523508 730.30078125
0.67630162 730.45318604
0.82743922 730.60559082
0.81919879 730.75799561
0.89511527 730.91040039
0.91286415 731.06280518
0.79089609 731.21520996
0.76175735 731.36761475
0.69754186 731.52001953
0.65949437 731.67242432
0.66288340 731.82482910
0.64391707 731.97717285
0.67705802 732.12957764
0.65422682 732.28198242
0.59678002 732.43438721
0.59629971 732.58679199
0.60693072 732.73919678
0.56905998 732.89160156
0.59617911 733.04400635
0.60490240 733.19641113
0.49462885 733.34881592
0.41837538 733.50122070
0.41014287 733.65362549
0.38058406 733.80603027
0.43840008 733.95837402
0.62427465 734.11077881
0.80491827 734.26318359
0.99567118 734.41558838
0.99567118 734.56799316
0.88931840 734.72039795
0.61269067 734.87280273
0.46113300 735.02520752
0.35209145 735.17761230
0.30668530 735.33001709
0.24730208 735.48242188
0.24872714 735.63482666
0.26946486 735.78717041
0.27701414 735.93957520
0.30643152 736.09197998
0.30654804 736.24438477
0.31374499 736.39678955
0.33481696 736.54919434
0.33410295 736.70159912
0.33260368 736.85400391
0.28647109 737.00640869
0.21718001 737.15881348
0.17364470 737.31121826
0.15259097 737.46362305
0.13190694 737.61602783
0.12694861 737.76837158
0.12842855 737.92077637
0.13785606 738.07318115
0.17570850 738.22558594
0.22767165 738.37799072
0.31975140 738.53039551
0.43190001 738.68280029
0.52479600 738.83520508
0.59818543 738.98760986
0.60235900 739.14001465
0.61589389 739.29241943
0.56585315 739.44482422
0.45315575 739.59722900
0.45445049 739.74957275
0.48806860 739.90197754
0.52100361 740.05438232
0.61008362 740.20678711
0.56724111 740.35919189
0.57080946 740.51159668
0.49656379 740.66400146
0.43521260 740.81640625
0.44228541 740.96881104
0.50633103 741.12121582
0.59115548 741.27362061
0.61316415 741.42602539
0.63084991 741.57843018
0.62222140 741.73077393
0.59799611 741.88317871
0.58721867 742.03558350
0.58754165 742.18798828
0.60379051 742.34039307
0.56746142 742.49279785
0.66612930 742.64520264
0.61469771 742.79760742
0.69547388 742.95001221
0.69175207 743.10241699
0.74725755 743.25482178
0.80435650 743.40722656
0.75204602 743.55957031
0.80197030 743.71197510
0.70121893 743.86437988
0.57248735 744.01678467
0.54244871 744.16918945
0.51633599 744.32159424
0.46904470 744.47399902
0.47409434 744.62640381
0.50502177 744.77880859
0.54521695 744.93121338
0.65170332 745.08361816
0.78457697 745.23602295
0.78016618 745.38842773
0.72140780 745.54077148
0.70381666 745.69317627
0.63449377 745.84558105
0.58583414 745.99798584
0.68053124 746.15039062
0.61002860 746.30279541
0.86715681 746.45520020
0.99567118 746.60760498
0.99567118 746.76000977
0.99567118 746.91241455
0.98950776 747.06481934
0.95868304 747.21722412
0.94180956 747.36962891
0.85778424 747.52197266
0.85778424 747.67437744
0.93572771 747.82678223
0.03093796 747.97918701
0.03093796 748.13159180
0.03093796 748.28399658
0.03093796 748.43640137
0.16893517 748.58880615
0.29478254 748.74121094
0.42726261 748.89361572
0.61049844 749.04602051
0.78380076 749.19842529
0.89739687 749.35083008
0.99567118 749.50317383
0.99567118 749.65557861
0.98421074 749.80798340
0.90549014 749.96038818
0.66451456 750.11279297
0.44663154 750.26519775
0.32781396 750.41760254
0.19922096 750.57000732
0.19549024 750.72241211
0.18652745 750.87481689
0.19661103 751.02722168
0.19424761 751.17962646
0.19175127 751.33197021
0.16793859 751.48437500
0.14179704 751.63677979
0.13851080 751.78918457
0.12681913 751.94158936
0.12411234 752.09399414
0.14589863 752.24639893
0.14431863 752.39880371
0.19544304 752.55120850
0.22239817 752.70361328
0.37817846 752.85601807
0.42779115 753.00842285
0.41825599 753.16082764
0.47391735 753.31317139
0.48549339 753.46557617
0.51656449 753.61798096
0.54518370 753.77038574
0.54703263 753.92279053
0.58314954 754.07519531
0.53762677 754.22760010
0.44363347 754.38000488
0.36571190 754.53240967
0.47407814 754.68481445
0.54412349 754.83721924
0.73909177 754.98962402
0.99567118 755.14202881
0.99567118 755.29437256
0.99567118 755.44677734
0.99567118 755.59918213
0.89212605 755.75158691
0.73699619 755.90399170
0.66647259 756.05639648
0.59393320 756.20880127
0.57161837 756.36120605
0.65270579 756.51361084
0.71967375 756.66601562
0.82616486 756.81842041
0.81735886 756.97082520
0.79428091 757.12322998
0.76945969 757.27557373
0.62784532 757.42797852
0.62198795 757.58038330
0.56046396 757.73278809
0.46525307 757.88519287
0.45658787 758.03759766
0.38211480 758.19000244
0.38987062 758.34240723
0.52153643 758.49481201
0.64803983 758.64721680
0.74411564 758.79962158
0.94362629 758.95202637
0.79543605 759.10437012
0.83651431 759.25677490
0.91726134 759.40917969
0.99567118 759.56158447
0.99567118 759.71398926
0.99567118 759.86639404
0.99567118 760.01879883
0.64762764 760.17120361
0.55632540 760.32360840
0.56863190 760.47601318
0.51541476 760.62841797
0.60945989 760.78082275
0.61440955 760.93322754
0.62066960 761.08557129
0.67984026 761.23797607
0.58666340 761.39038086
0.58187910 761.54278564
0.58506595 761.69519043
0.59257955 761.84759521
0.71645420 762.00000000
0.80957363 762.15240479
0.98048166 762.30480957
0.99567118 762.45721436
0.99567118 762.60961914
0.81688465 762.76202393
0.66616698 762.91442871
0.31508759 763.06677246
0.26294205 763.21917725
0.23147531 763.37158203
0.20784554 763.52398682
0.19559495 763.67639160
0.18410775 763.82879639
0.17787594 763.98120117
0.17675389 764.13360596
0.18801377 764.28601074
0.20274739 764.43841553
0.23842102 764.59082031
0.30767913 764.74322510
0.37893367 764.89562988
0.42635552 765.04797363
0.46320284 765.20037842
0.46306692 765.35278320
0.39341338 765.50518799
0.33528295 765.65759277
0.30667184 765.80999756
0.26938185 765.96240234
0.25386074 766.11480713
0.25813131 766.26721191
0.25851811 766.41961670
0.26271773 766.57202148
0.28633707 766.72442627
0.27252226 766.87677002
0.30314591 767.02917480
0.29314763 767.18157959
0.28270455 767.33398438
0.33032222 767.48638916
0.33765527 767.63879395
0.33958316 767.79119873
0.36139404 767.94360352
0.35066758 768.09600830
0.34172678 768.24841309
0.30707034 768.40081787
0.23955322 768.55322266
0.23019730 768.70562744
0.22105477 768.85797119
0.22681488 769.01037598
0.25444100 769.16278076
0.27403348 769.31518555
0.33145971 769.46759033
0.36036566 769.61999512
0.36145634 769.77239990
0.33363601 769.92480469
0.33333826 770.07720947
0.27130346 770.22961426
0.28633319 770.38201904
0.31533326 770.53442383
0.41906487 770.68682861
0.46753828 770.83917236
0.53355999 770.99157715
0.62504659 771.14398193
0.58103457 771.29638672
0.59332769 771.44879150
0.47964872 771.60119629
0.54587274 771.75360107
0.62142081 771.90600586
0.67074322 772.05841064
0.81718246 772.21081543
0.88114833 772.36322021
0.90890377 772.51562500
0.87619077 772.66802979
0.86129804 772.82037354
0.84404114 772.97277832
0.82504140 773.12518311
0.56788702 773.27758789
0.47555506 773.42999268
0.36502219 773.58239746
0.36744742 773.73480225
0.36123284 773.88720703
0.39252237 774.03961182
0.53735904 774.19201660
0.60228646 774.34442139
0.94184475 774.49682617
0.99567118 774.64916992
0.99567118 774.80157471
0.94259114 774.95397949
0.83915477 775.10638428
0.67168981 775.25878906
0.57241267 775.41119385
0.62321547 775.56359863
0.64866136 775.71600342
0.99547923 775.86840820
0.97006696 776.02081299
0.92195745 776.17321777
0.86966066 776.32562256
0.67687488 776.47802734
0.54496585 776.63037109
0.50102020 776.78277588
0.49337924 776.93518066
0.55484593 777.08758545
0.65570204 777.23999023
0.74620094 777.39239502
0.97955572 777.54479980
0.97847062 777.69720459
0.88695547 777.84960938
0.95278642 778.00201416
0.94444744 778.15441895
0.85167904 778.30682373
0.83551424 778.45922852
0.77083532 778.61157227
0.72315180 778.76397705
0.72979172 778.91638184
0.97032609 779.06878662
0.99567118 779.22119141
0.99567118 779.37359619
0.99567118 779.52600098
0.99567118 779.67840576
0.99567118 779.83081055
0.88032912 779.98321533
0.91138343 780.13562012
0.91966650 780.28802490
0.81467618 780.44042969
0.88486982 780.59277344
0.93120631 780.74517822
0.97387394 780.89758301
0.99567118 781.04998779
0.99567118 781.20239258
0.89972547 781.35479736
0.76563355 781.50720215
0.66203665 781.65960693
0.48009444 781.81201172
0.44274327 781.96441650
0.37476721 782.11682129
0.35017990 782.26922607
0.28554000 782.42156982
0.27160096 782.57397461
0.27996878 782.72637939
0.27142450 782.87878418
0.30492803 783.03118896
0.34314049 783.18359375
0.33031020 783.33599854
0.33401238 783.48840332
0.30779910 783.64080811
0.29040493 783.79321289
0.30288633 783.94561768
0.33467983 784.09802246
0.43530180 784.25042725
0.48820163 784.40277100
0.67103059 784.55517578
0.58650569 784.70758057
0.53186622 784.85998535
0.39348903 785.01239014
0.34434605 785.16479492
0.36758466 785.31719971
0.38115884 785.46960449
0.42966227 785.62200928
0.41599025 785.77441406
0.43758897 785.92681885
0.43254664 786.07922363
0.44811583 786.23162842
0.47515883 786.38397217
0.46463798 786.53637695
0.55128577 786.68878174
0.61463302 786.84118652
0.78986716 786.99359131
0.74931344 787.14599609
0.80088387 787.29840088
0.76965155 787.45080566
0.72487411 787.60321045
0.57931205 787.75561523
0.55361597 787.90802002
0.52913727 788.06042480
0.46168221 788.21282959
0.53499172 788.36517334
0.54929368 788.51757812
0.56662155 788.66998291
0.68110969 788.82238770
0.55870302 788.97479248
0.54323405 789.12719727
0.49351198 789.27960205
0.39507503 789.43200684
0.28518104 789.58441162
0.36442708 789.73681641
0.32111653 789.88922119
0.36794743 790.04162598
0.45999172 790.19396973
0.50130164 790.34637451
0.52939824 790.49877930
0.57356421 790.65118408
0.49435214 790.80358887
0.47919904 790.95599365
0.43982814 791.10839844
0.42932705 791.26080322
0.47439974 791.41320801
0.49876076 791.56561279
0.62843660 791.71801758
0.63839883 791.87042236
0.64309376 792.02282715
0.66186119 792.17517090
0.63023774 792.32757568
0.49188398 792.47998047
0.25042927 792.63238525
0.22239009 792.78479004
0.20885070 792.93719482
0.20863671 793.08959961
0.22049176 793.24200439
0.22905419 793.39440918
0.24202311 793.54681396
0.27921706 793.69921875
0.32741059 793.85162354
0.38750398 794.00402832
0.47153812 794.15637207
0.47952064 794.30877686
0.45478650 794.46118164
0.41412564 794.61358643
0.38961278 794.76599121
0.30090113 794.91839600
0.27706279 795.07080078
0.26611477 795.22320557
0.24572725 795.37561035
0.24359912 795.52801514
0.24173402 795.68041992
0.23973004 795.83282471
0.23440900 795.98522949
0.22967445 796.13757324
0.24288823 796.28997803
0.25459202 796.44238281
0.26199993 796.59478760
0.29453056 796.74719238
0.26459380 796.89959717
0.25727610 797.05200195
0.28402188 797.20440674
0.29835426 797.35681152
0.31214206 797.50921631
0.32011197 797.66162109
0.34073158 797.81402588
0.33687966 797.96636963
0.40293760 798.11877441
0.51304592 798.27117920
0.54623248 798.42358398
0.54169072 798.57598877
0.61159734 798.72839355
0.51501404 798.88079834
0.47844195 799.03320312
0.53525356 799.18560791
0.49626767 799.33801270
0.53979469 799.49041748
0.48993446 799.64282227
0.35509701 799.79522705
0.35846565 799.94757080
0.38932130 800.09997559
0.43336492 800.25238037
0.53889669 800.40478516
0.63424119 800.55718994
0.62731293 800.70959473
0.62208694 800.86199951
0.51040841 801.01440430
0.35788272 801.16680908
0.35242336 801.31921387
0.31473786 801.47161865
0.34631484 801.62402344
0.34985424 801.77642822
0.36264773 801.92877197
0.38805993 802.08117676
0.37172185 802.23358154
0.41911933 802.38598633
0.43856579 802.53839111
0.42945322 802.69079590
0.49621092 802.84320068
0.51368863 802.99560547
0.49554415 803.14801025
0.53883250 803.30041504
0.53461382 803.45281982
0.51771182 803.60522461
0.53072434 803.75762939
0.55901745 803.90997314
0.54135994 804.06237793
0.60587942 804.21478271
0.59359279 804.36718750
0.58112431 804.51959229
0.50919356 804.67199707
0.48545871 804.82440186
0.42255442 804.97680664
0.35506338 805.12921143
0.34735053 805.28161621
0.35085710 805.43402100
0.34342827 805.58642578
0.34033794 805.73876953
0.37070678 805.89117432
0.42992424 806.04357910
0.47965031 806.19598389
0.60685589 806.34838867
0.56732019 806.50079346
0.53578419 806.65319824
0.56262961 806.80560303
0.64615882 806.95800781
0.69048339 807.11041260
0.70517821 807.26281738
0.68894073 807.41522217
0.54318104 807.56762695
0.45152001 807.71997070
0.37370788 807.87237549
0.36421744 808.02478027
0.40321302 808.17718506
0.54787062 808.32958984
0.70484218 808.48199463
0.75532914 808.63439941
0.78493754 808.78680420
0.81590357 808.93920898
0.79985692 809.09161377
0.72815346 809.24401855
0.68755617 809.39642334
0.70435422 809.54882812
0.85226321 809.70117188
0.87245960 809.85357666
0.99299242 810.00598145
0.97186943 810.15838623
0.73512672 810.31079102
0.74415073 810.46319580
0.64326289 810.61560059
0.54016253 810.76800537
0.65685493 810.92041016
0.68042204 811.07281494
0.72019472 811.22521973
0.85986409 811.37762451
0.70988559 811.53002930
0.75357975 811.68237305
0.66948098 811.83477783
0.69932545 811.98718262
0.86124558 812.13958740
0.91222624 812.29199219
0.84587404 812.44439697
0.73603056 812.59680176
0.52953124 812.74920654
0.44292002 812.90161133
0.36620644 813.05401611
0.47631278 813.20642090
0.51097112 813.35882568
0.69544919 813.51123047
0.77095744 813.66357422
0.84669833 813.81597900
0.93811229 813.96838379
0.85653724 814.12078857
0.73885234 814.27319336
0.71406798 814.42559814
0.60081831 814.57800293
0.57936464 814.73040771
0.58024912 814.88281250
0.43281290 815.03521729
0.40346413 815.18762207
0.45609520 815.34002686
0.42174522 815.49237061
0.46391486 815.64477539
0.47506130 815.79718018
0.49287426 815.94958496
0.53958701 816.10198975
0.55007764 816.25439453
0.56735119 816.40679932
0.70206644 816.55920410
0.74616358 816.71160889
0.84227801 816.86401367
0.86546007 817.01641846
0.65552598 817.16882324
0.53606600 817.32122803
0.47793669 817.47357178
0.31676497 817.62597656
0.29168944 817.77838135
0.26039685 817.93078613
0.19463471 818.08319092
0.18817456 818.23559570
0.12293724 818.38800049
0.10796600 818.54040527
0.11338646 818.69281006
0.10867012 818.84521484
0.09792104 818.99761963
0.09681881 819.15002441
0.09691739 819.30242920
0.11200921 819.45477295
0.12101711 819.60717773
0.12777682 819.75958252
0.14345240 819.91198730
0.15060699 820.06439209
0.15492728 820.21679688
0.14878702 820.36920166
0.15264585 820.52160645
0.18692384 820.67401123
0.19597880 820.82641602
0.24781758 820.97882080
0.32799781 821.13122559
0.36795226 821.28363037
0.39332754 821.43597412
0.41359669 821.58837891
0.32947055 821.74078369
0.30233600 821.89318848
0.26728048 822.04559326
0.20595577 822.19799805
0.19719947 822.35040283
0.19258917 822.50280762
0.19699629 822.65521240
0.22665008 822.80761719
0.24035356 822.96002197
0.28572840 823.11242676
0.33270495 823.26477051
0.31103458 823.41717529
0.29215802 823.56958008
0.25476637 823.72198486
0.25004106 823.87438965
0.26477332 824.02679443
0.30148708 824.17919922
0.34162555 824.33160400
0.37746345 824.48400879
0.34600578 824.63641357
0.29153174 824.78881836
0.24164980 824.94122314
0.18255776 825.09362793
0.12615909 825.24597168
0.11250501 825.39837646
0.08782904 825.55078125
0.07409482 825.70318604
0.07878932 825.85559082
0.08409549 826.00799561
0.11988318 826.16040039
0.14478077 826.31280518
0.15864766 826.46520996
0.18307931 826.61761475
0.18242915 826.77001953
0.19700590 826.92242432
0.19533540 827.07482910
0.16143918 827.22717285
0.18613453 827.37957764
0.20262032 827.53198242
0.23206118 827.68438721
0.27055561 827.83679199
0.33485233 827.98919678
0.40459376 828.14160156
0.46405242 828.29400635
0.51358112 828.44641113
0.55900902 828.59881592
0.56038052 828.75122070
0.50416454 828.90362549
0.46901258 829.05603027
0.43616703 829.20837402
0.41623343 829.36077881
0.41849622 829.51318359
0.40090510 829.66558838
0.42455819 829.81799316
0.42048930 829.97039795
0.40222664 830.12280273
0.43134956 830.27520752
0.38654823 830.42761230
0.43317084 830.58001709
0.41524962 830.73242188
0.42673997 830.88482666
0.42914121 831.03717041
0.41855995 831.18957520
0.37472116 831.34197998
0.38762489 831.49438477
0.49932783 831.64678955
0.52389720 831.79919434
0.62700077 831.95159912
0.70858706 832.10400391
0.73339359 832.25640869
0.81842038 832.40881348
0.82570529 832.56121826
0.88277832 832.71362305
0.90949483 832.86602783
0.85553264 833.01837158
0.81220544 833.17077637
0.77179674 833.32318115
0.78965683 833.47558594
0.72432450 833.62799072
0.77503479 833.78039551
0.67770023 833.93280029
0.56484376 834.08520508
0.55150235 834.23760986
0.44770540 834.39001465
0.48462702 834.54241943
0.52998874 834.69482422
0.51219274 834.84722900
0.47323501 834.99957275
0.49084684 835.15197754
0.43357410 835.30438232
0.52262255 835.45678711
0.52909511 835.60919189
0.64564553 835.76159668
0.71225286 835.91400146
0.67411753 836.06640625
0.69494426 836.21881104
0.72759948 836.37121582
0.64363035 836.52362061
0.55205373 836.67602539
0.52643656 836.82843018
0.47982753 836.98077393
0.41075959 837.13317871
0.36132456 837.28558350
0.35367715 837.43798828
0.35230120 837.59039307
0.41124088 837.74279785
0.45492601 837.89520264
0.49983846 838.04760742
0.60374320 838.20001221
0.57517072 838.35241699
0.56847831 838.50482178
0.53038003 838.65722656
0.52109793 838.80957031
0.45253000 838.96197510
0.36809557 839.11437988
0.29922761 839.26678467
0.26756993 839.41918945
0.25812772 839.57159424
0.22909964 839.72399902
0.20516732 839.87640381
0.17616032 840.02880859
0.15067443 840.18121338
0.13639720 840.33361816
0.12219539 840.48602295
0.11714293 840.63842773
0.12052777 840.79077148
0.12618677 840.94317627
0.13161467 841.09558105
0.15087310 841.24798584
0.17208518 841.40039062
0.19485240 841.55279541
0.24925808 841.70520020
0.26436378 841.85760498
0.31565509 842.01000977
0.32773563 842.16241455
0.33332834 842.31481934
0.31573112 842.46722412
0.28148847 842.61962891
0.28124925 842.77197266
0.36663595 842.92437744
0.44980465 843.07678223
0.48503892 843.22918701
0.55012458 843.38159180
0.62166333 843.53399658
0.62105905 843.68640137
0.57146592 843.83880615
0.57925426 843.99121094
0.59287303 844.14361572
0.61120766 844.29602051
0.66682785 844.44842529
0.65222488 844.60083008
0.64419039 844.75317383
0.53665642 844.90557861
0.45590683 845.05798340
0.45642930 845.21038818
0.48992844 845.36279297
0.69975843 845.51519775
0.71271421 845.66760254
0.69860073 845.82000732
0.66626021 845.97241211
0.51746529 846.12481689
0.44387895 846.27722168
0.50470589 846.42962646
0.47752993 846.58197021
0.58241804 846.73437500
0.55918581 846.88677979
0.47617055 847.03918457
0.42686417 847.19158936
0.44048886 847.34399414
0.44961849 847.49639893
0.51211087 847.64880371
0.59737969 847.80120850
0.58727188 847.95361328
0.52300596 848.10601807
0.41852145 848.25842285
0.38666140 848.41082764
0.32317181 848.56317139
0.36763354 848.71557617
0.39857632 848.86798096
0.48477289 849.02038574
0.57014507 849.17279053
0.66129144 849.32519531
0.64707837 849.47760010
0.68005233 849.63000488
0.65363360 849.78240967
0.61536297 849.93481445
0.54876154 850.08721924
0.48536995 850.23962402
0.43419275 850.39202881
0.39723804 850.54437256
0.39532319 850.69677734
0.42432181 850.84918213
0.47504800 851.00158691
0.50465140 851.15399170
0.55098180 851.30639648
0.58320781 851.45880127
0.58616361 851.61120605
0.58599710 851.76361084
0.58291328 851.91601562
0.55855189 852.06842041
0.49909966 852.22082520
0.48065083 852.37322998
0.44168358 852.52557373
0.47291992 852.67797852
0.44464955 852.83038330
0.43031553 852.98278809
0.40609884 853.13519287
0.32859677 853.28759766
0.30085948 853.44000244
0.25228132 853.59240723
0.18891079 853.74481201
0.16329267 853.89721680
0.12766526 854.04962158
0.11301141 854.20202637
0.12859937 854.35437012
0.14151626 854.50677490
0.15195616 854.65917969
0.14715904 854.81158447
0.14032934 854.96398926
0.12952526 855.11639404
0.14748896 855.26879883
0.15976289 855.42120361
0.19228432 855.57360840
0.24759432 855.72601318
0.26955729 855.87841797
0.33548900 856.03082275
0.34634216 856.18322754
0.33733351 856.33557129
0.30455332 856.48797607
0.28546095 856.64038086
0.27740808 856.79278564
0.26972162 856.94519043
0.24027055 857.09759521
0.23239925 857.25000000
0.25548793 857.40240479
0.30376396 857.55480957
0.36997581 857.70721436
0.45041440 857.85961914
0.63110129 858.01202393
0.56286049 858.16442871
0.49351804 858.31677246
0.43568619 858.46917725
0.37484720 858.62158203
0.37320757 858.77398682
0.39018251 858.92639160
0.42473436 859.07879639
0.38352825 859.23120117
0.37763295 859.38360596
0.42118423 859.53601074
0.42226273 859.68841553
0.49561158 859.84082031
0.47026949 859.99322510
0.45267757 860.14562988
0.43669649 860.29797363
0.37211213 860.45037842
0.33380260 860.60278320
0.31114731 860.75518799
0.35074108 860.90759277
0.42138318 861.05999756
0.45885567 861.21240234
0.52079732 861.36480713
0.53671876 861.51721191
0.53805255 861.66961670
0.49691829 861.82202148
0.52080379 861.97442627
0.46166923 862.12677002
0.42618825 862.27917480
0.46553911 862.43157959
0.45947150 862.58398438
0.44045143 862.73638916
0.48018385 862.88879395
0.44434512 863.04119873
0.48623297 863.19360352
0.47136631 863.34600830
0.42718964 863.49841309
0.44536951 863.65081787
0.44511502 863.80322266
0.40742277 863.95562744
0.39297839 864.10797119
0.37129345 864.26037598
0.35965135 864.41278076
0.37937909 864.56518555
0.45811154 864.71759033
0.50300591 864.86999512
0.60124390 865.02239990
0.62762896 865.17480469
0.71833604 865.32720947
0.67171771 865.47961426
0.66043464 865.63201904
0.68103283 865.78442383
0.66616501 865.93682861
0.81544900 866.08917236
0.73441011 866.24157715
0.75107160 866.39398193
0.78019600 866.54638672
0.61950427 866.69879150
0.56880792 866.85119629
0.47138535 867.00360107
0.51061739 867.15600586
0.53166926 867.30841064
0.55443401 867.46081543
0.66354530 867.61322021
0.68427633 867.76562500
0.78194373 867.91802979
0.83869329 868.07037354
0.78587799 868.22277832
0.84772769 868.37518311
0.88708637 868.52758789
0.78183157 868.67999268
0.66688344 868.83239746
0.56079121 868.98480225
0.50238098 869.13720703
0.40818818 869.28961182
0.31417696 869.44201660
0.39900114 869.59442139
0.45237976 869.74682617
0.64702041 869.89916992
0.80345711 870.05157471
0.76669931 870.20397949
0.72652505 870.35638428
0.58614239 870.50878906
0.53715042 870.66119385
0.48078952 870.81359863
0.48692366 870.96600342
0.52694497 871.11840820
0.50148273 871.27081299
0.50239493 871.42321777
0.48802627 871.57562256
0.47971283 871.72802734
0.51591724 871.88037109
0.55586516 872.03277588
0.63290933 872.18518066
0.68906955 872.33758545
0.62118023 872.48999023
0.60428347 872.64239502
0.56997911 872.79479980
0.49487826 872.94720459
0.47560832 873.09960938
0.47692764 873.25201416
0.50392215 873.40441895
0.57004652 873.55682373
0.61932747 873.70922852
0.72429889 873.86157227
0.73012526 874.01397705
0.72349564 874.16638184
0.70295662 874.31878662
0.65391266 874.47119141
0.69945600 874.62359619
0.68697704 874.77600098
0.66883766 874.92840576
0.67039599 875.08081055
0.58497932 875.23321533
0.56521776 875.38562012
0.56281940 875.53802490
0.54823151 875.69042969
0.79668831 875.84277344
0.99567118 875.99517822
0.99567118 876.14758301
0.99567118 876.29998779
0.99567118 876.45239258
0.99567118 876.60479736
0.91771972 876.75720215
0.79523148 876.90960693
0.79480137 877.06201172
0.82921756 877.21441650
0.86171817 877.36682129
0.99567118 877.51922607
0.99567118 877.67156982
0.99567118 877.82397461
0.99567118 877.97637939
0.99567118 878.12878418
0.99567118 878.28118896
0.99567118 878.43359375
0.80698713 878.58599854
0.82926105 878.73840332
0.91374788 878.89080811
0.99567118 879.04321289
0.99567118 879.19561768
0.99567118 879.34802246
0.99567118 879.50042725
0.99567118 879.65277100
0.99567118 879.80517578
0.99567118 879.95758057
0.99567118 880.10998535
0.90016807 880.26239014
0.84396492 880.41479492
0.73293542 880.56719971
0.71838266 880.71960449
0.69853252 880.87200928
0.75831546 881.02441406
0.88895294 881.17681885
0.96155256 881.32922363
0.99567118 881.48162842
0.99567118 881.63397217
0.99567118 881.78637695
0.95448805 881.93878174
0.63391657 882.09118652
0.42725849 882.24359131
0.25865736 882.39599609
0.18813435 882.54840088
0.16981658 882.70080566
0.17264436 882.85321045
0.16128261 883.00561523
0.17728055 883.15802002
0.19068473 883.31042480
0.19841064 883.46282959
0.20319943 883.61517334
0.25816383 883.76757812
0.31997967 883.91998291
0.37570147 884.07238770
0.45355620 884.22479248
0.50643247 884.37719727
0.54999555 884.52960205
0.65862600 884.68200684
0.68423774 884.83441162
0.72778847 884.98681641
0.83321636 885.13922119
0.83609555 885.29162598
0.85459143 885.44396973
0.86473459 885.59637451
0.87575664 885.74877930
0.70392491 885.90118408
0.64215228 886.05358887
0.50057961 886.20599365
0.50315331 886.35839844
0.55467884 886.51080322
0.60291093 886.66320801
0.70218285 886.81561279
0.89405146 886.96801758
0.97463255 887.12042236
0.99567118 887.27282715
0.99567118 887.42517090
0.99567118 887.57757568
0.99567118 887.72998047
0.99567118 887.88238525
0.99567118 888.03479004
0.99567118 888.18719482
0.99567118 888.33959961
0.99567118 888.49200439
0.99567118 888.64440918
0.99567118 888.79681396
0.99050223 888.94921875
0.99567118 889.10162354
0.99567118 889.25402832
0.99567118 889.40637207
0.99567118 889.55877686
0.99567118 889.71118164
0.99567118 889.86358643
0.99567118 890.01599121
0.95303627 890.16839600
0.99567118 890.32080078
0.99567118 890.47320557
0.99567118 890.62561035
0.99567118 890.77801514
0.97697072 890.93041992
0.84325102 891.08282471
0.78610127 891.23522949
0.71060378 891.38757324
0.77308776 891.53997803
0.81245901 891.69238281
0.86877833 891.84478760
0.90941605 891.99719238
0.94167087 892.14959717
0.99567118 892.30200195
0.99567118 892.45440674
0.99567118 892.60681152
0.99567118 892.75921631
0.99567118 892.91162109
0.99567118 893.06402588
0.99567118 893.21636963
0.99567118 893.36877441
0.99567118 893.52117920
0.99567118 893.67358398
0.99567118 893.82598877
0.99567118 893.97839355
0.99567118 894.13079834
0.99567118 894.28320312
0.99567118 894.43560791
0.91778865 894.58801270
0.97148679 894.74041748
0.91701789 894.89282227
0.99567118 895.04522705
0.99567118 895.19757080
0.99567118 895.34997559
0.99567118 895.50238037
0.99567118 895.65478516
0.99567118 895.80718994
0.99567118 895.95959473
0.99567118 896.11199951
0.99567118 896.26440430
0.99567118 896.41680908
0.99567118 896.56921387
0.95763817 896.72161865
0.90081891 896.87402344
0.97508344 897.02642822
0.98930630 897.17877197
0.92802122 897.33117676
0.98052978 897.48358154
0.87334032 897.63598633
0.84632167 897.78839111
0.76766260 897.94079590
0.72089676 898.09320068
0.65102078 898.24560547
0.37630184 898.39801025
0.37630184 898.55041504
