1296.55859375 343.96679688
1882.17346191 344.11920166
2488.93701172 344.27160645
2756.12573242 344.42401123
2959.32885742 344.57638550
3096.14697266 344.72879028
2980.25659180 344.88119507
3111.16796875 345.03359985
3130.23242188 345.18600464
3085.70751953 345.33840942
3240.61767578 345.49081421
3252.28149414 345.64318848
3470.64648438 345.79559326
3525.54370117 345.94799805
4000.00000000 346.10040283
4000.00000000 346.25280762
4000.00000000 346.40521240
4000.00000000 346.55758667
4000.00000000 346.70999146
4000.00000000 346.86239624
4000.00000000 347.01480103
4000.00000000 347.16720581
4000.00000000 347.31961060
4000.00000000 347.47198486
4000.00000000 347.62438965
4000.00000000 347.77679443
4000.00000000 347.92919922
4000.00000000 348.08160400
4000.00000000 348.23400879
4000.00000000 348.38641357
4000.00000000 348.53878784
4000.00000000 348.69119263
4000.00000000 348.84359741
4000.00000000 348.99600220
4000.00000000 349.14840698
4000.00000000 349.30081177
4000.00000000 349.45318604
4000.00000000 349.60559082
3931.68725586 349.75799561
3929.34033203 349.91040039
3927.36132812 350.06280518
3923.28759766 350.21520996
3938.56494141 350.36761475
3955.34960938 350.51998901
3961.61230469 350.67239380
4000.00000000 350.82479858
3906.62792969 350.97720337
3726.11401367 351.12960815
3163.40063477 351.28201294
2870.24243164 351.43438721
3160.80590820 351.58679199
3465.28979492 351.73919678
4000.00000000 351.89160156
3650.98266602 352.04400635
3578.71606445 352.19641113
3570.51269531 352.34878540
3610.60156250 352.50119019
3580.82031250 352.65359497
3493.56030273 352.80599976
3507.48388672 352.95840454
3555.13940430 353.11080933
3617.68188477 353.26321411
3651.55761719 353.41558838
3693.89208984 353.56799316
3797.82202148 353.72039795
3860.95605469 353.87280273
4000.00000000 354.02520752
4000.00000000 354.17761230
4000.00000000 354.32998657
4000.00000000 354.48239136
4000.00000000 354.63479614
4000.00000000 354.78720093
4000.00000000 354.93960571
4000.00000000 355.09201050
4000.00000000 355.24438477
4000.00000000 355.39678955
4000.00000000 355.54919434
4000.00000000 355.70159912
4000.00000000 355.85400391
4000.00000000 356.00640869
4000.00000000 356.15881348
4000.00000000 356.31118774
4000.00000000 356.46359253
4000.00000000 356.61599731
4000.00000000 356.76840210
4000.00000000 356.92080688
4000.00000000 357.07321167
4000.00000000 357.22558594
4000.00000000 357.37799072
4000.00000000 357.53039551
4000.00000000 357.68280029
4000.00000000 357.83520508
4000.00000000 357.98760986
4000.00000000 358.14001465
4000.00000000 358.29238892
4000.00000000 358.44479370
4000.00000000 358.59719849
4000.00000000 358.74960327
4000.00000000 358.90200806
4000.00000000 359.05441284
4000.00000000 359.20678711
4000.00000000 359.35919189
4000.00000000 359.51159668
4000.00000000 359.66400146
4000.00000000 359.81640625
4000.00000000 359.96881104
4000.00000000 360.12118530
4000.00000000 360.27359009
4000.00000000 360.42599487
4000.00000000 360.57839966
4000.00000000 360.73080444
4000.00000000 360.88320923
4000.00000000 361.03561401
4000.00000000 361.18798828
4000.00000000 361.34039307
4000.00000000 361.49279785
4000.00000000 361.64520264
4000.00000000 361.79760742
4000.00000000 361.95001221
4000.00000000 362.10238647
4000.00000000 362.25479126
4000.00000000 362.40719604
4000.00000000 362.55960083
4000.00000000 362.71200562
4000.00000000 362.86441040
4000.00000000 363.01681519
4000.00000000 363.16918945
4000.00000000 363.32159424
4000.00000000 363.47399902
4000.00000000 363.62640381
4000.00000000 363.77880859
4000.00000000 363.93121338
4000.00000000 364.08358765
4000.00000000 364.23599243
4000.00000000 364.38839722
4000.00000000 364.54080200
4000.00000000 364.69320679
4000.00000000 364.84561157
4000.00000000 364.99798584
4000.00000000 365.15039062
4000.00000000 365.30279541
4000.00000000 365.45520020
4000.00000000 365.60760498
4000.00000000 365.76000977
4000.00000000 365.91241455
4000.00000000 366.06478882
4000.00000000 366.21719360
3793.88403320 366.36959839
3751.93994141 366.52200317
3722.14379883 366.67440796
3679.20336914 366.82681274
3722.60327148 366.97918701
3765.09130859 367.13159180
3787.13549805 367.28399658
4000.00000000 367.43640137
4000.00000000 367.58880615
4000.00000000 367.74121094
4000.00000000 367.89358521
4000.00000000 368.04598999
4000.00000000 368.19839478
4000.00000000 368.35079956
4000.00000000 368.50320435
4000.00000000 368.65560913
4000.00000000 368.80801392
4000.00000000 368.96038818
4000.00000000 369.11279297
4000.00000000 369.26519775
4000.00000000 369.41760254
4000.00000000 369.57000732
4000.00000000 369.72241211
4000.00000000 369.87478638
4000.00000000 370.02719116
4000.00000000 370.17959595
4000.00000000 370.33200073
4000.00000000 370.48440552
4000.00000000 370.63681030
4000.00000000 370.78921509
4000.00000000 370.94158936
4000.00000000 371.09399414
4000.00000000 371.24639893
4000.00000000 371.39880371
4000.00000000 371.55120850
4000.00000000 371.70361328
4000.00000000 371.85598755
4000.00000000 372.00839233
3955.67919922 372.16079712
3939.24975586 372.31320190
3910.10668945 372.46560669
3869.08959961 372.61801147
3822.72875977 372.77038574
3796.44946289 372.92279053
4000.00000000 373.07519531
4000.00000000 373.22760010
4000.00000000 373.38000488
4000.00000000 373.53240967
4000.00000000 373.68481445
4000.00000000 373.83718872
4000.00000000 373.98959351
4000.00000000 374.14199829
3908.09033203 374.29440308
3771.66845703 374.44680786
3792.35986328 374.59921265
3739.00659180 374.75158691
3766.63818359 374.90399170
3798.77441406 375.05639648
3787.59912109 375.20880127
3863.55664062 375.36120605
3903.85375977 375.51361084
3872.51562500 375.66598511
4000.00000000 375.81838989
4000.00000000 375.97079468
4000.00000000 376.12319946
3656.72436523 376.27560425
3652.19409180 376.42800903
3616.86791992 376.58041382
3614.06884766 376.73278809
3766.11718750 376.88519287
3780.59912109 377.03759766
3874.71997070 377.19000244
3904.24438477 377.34240723
3879.21289062 377.49481201
3901.13696289 377.64718628
3897.97753906 377.79959106
3885.57421875 377.95199585
4000.00000000 378.10440063
4000.00000000 378.25680542
4000.00000000 378.40921021
4000.00000000 378.56161499
4000.00000000 378.71398926
3254.33789062 378.86639404
2865.92456055 379.01879883
1966.38500977 379.17120361
1382.34094238 379.32360840
2516.75561523 379.47601318
2747.82031250 379.62838745
3336.53857422 379.78079224
4000.00000000 379.93319702
4000.00000000 380.08560181
4000.00000000 380.23800659
4000.00000000 380.39041138
4000.00000000 380.54278564
4000.00000000 380.69519043
4000.00000000 380.84759521
4000.00000000 381.00000000
4000.00000000 381.15240479
4000.00000000 381.30480957
4000.00000000 381.45721436
4000.00000000 381.60958862
4000.00000000 381.76199341
4000.00000000 381.91439819
4000.00000000 382.06680298
4000.00000000 382.21920776
4000.00000000 382.37161255
4000.00000000 382.52398682
4000.00000000 382.67639160
4000.00000000 382.82879639
4000.00000000 382.98120117
4000.00000000 383.13360596
4000.00000000 383.28601074
4000.00000000 383.43838501
4000.00000000 383.59078979
4000.00000000 383.74319458
4000.00000000 383.89559937
4000.00000000 384.04800415
4000.00000000 384.20040894
4000.00000000 384.35281372
4000.00000000 384.50518799
4000.00000000 384.65759277
4000.00000000 384.80999756
4000.00000000 384.96240234
4000.00000000 385.11480713
4000.00000000 385.26721191
4000.00000000 385.41958618
4000.00000000 385.57199097
4000.00000000 385.72439575
4000.00000000 385.87680054
4000.00000000 386.02920532
4000.00000000 386.18161011
4000.00000000 386.33401489
4000.00000000 386.48638916
4000.00000000 386.63879395
4000.00000000 386.79119873
4000.00000000 386.94360352
4000.00000000 387.09600830
4000.00000000 387.24841309
4000.00000000 387.40078735
4000.00000000 387.55319214
4000.00000000 387.70559692
3755.69873047 387.85800171
3397.18823242 388.01040649
3274.50781250 388.16281128
3282.46899414 388.31518555
3327.78344727 388.46759033
3359.50683594 388.61999512
3439.01757812 388.77239990
3524.78051758 388.92480469
3710.99047852 389.07720947
3915.06689453 389.22961426
4000.00000000 389.38198853
4000.00000000 389.53439331
4000.00000000 389.68679810
4000.00000000 389.83920288
4000.00000000 389.99160767
4000.00000000 390.14401245
4000.00000000 390.29638672
4000.00000000 390.44879150
4000.00000000 390.60119629
4000.00000000 390.75360107
4000.00000000 390.90600586
4000.00000000 391.05841064
4000.00000000 391.21078491
4000.00000000 391.36318970
4000.00000000 391.51559448
4000.00000000 391.66799927
4000.00000000 391.82040405
4000.00000000 391.97280884
4000.00000000 392.12521362
4000.00000000 392.27758789
4000.00000000 392.42999268
4000.00000000 392.58239746
4000.00000000 392.73480225
4000.00000000 392.88720703
4000.00000000 393.03961182
4000.00000000 393.19198608
4000.00000000 393.34439087
4000.00000000 393.49679565
4000.00000000 393.64920044
4000.00000000 393.80160522
4000.00000000 393.95401001
4000.00000000 394.10641479
4000.00000000 394.25878906
4000.00000000 394.41119385
4000.00000000 394.56359863
4000.00000000 394.71600342
4000.00000000 394.86840820
4000.00000000 395.02081299
4000.00000000 395.17318726
4000.00000000 395.32559204
3865.01269531 395.47799683
3815.29028320 395.63040161
3758.71386719 395.78280640
3707.18481445 395.93521118
3768.29028320 396.08758545
3871.73364258 396.23999023
3921.10791016 396.39239502
3818.54223633 396.54479980
3857.58715820 396.69720459
3872.03759766 396.84960938
3815.83325195 397.00201416
3820.40893555 397.15438843
3799.23559570 397.30679321
3752.28369141 397.45919800
3753.86181641 397.61160278
3699.13476562 397.76400757
3741.51513672 397.91641235
3795.56079102 398.06878662
3842.07055664 398.22119141
3747.69750977 398.37359619
3697.41601562 398.52600098
3608.80322266 398.67840576
3424.43530273 398.83081055
3237.35180664 398.98318481
3226.59350586 399.13558960
3287.12109375 399.28799438
3325.34472656 399.44039917
3458.20214844 399.59280396
3402.76635742 399.74520874
3358.99829102 399.89761353
3155.50170898 400.04998779
2179.64477539 400.20239258
784.80358887 400.35479736
211.48129272 400.50720215
0.40459999 400.65960693
0.50209999 400.81201172
0.53740001 400.96438599
0.60210001 401.11679077
0.68790001 401.26919556
313.00659180 401.42160034
681.08801270 401.57400513
1235.89807129 401.72640991
1509.73474121 401.87881470
2080.18945312 402.03118896
2501.82421875 402.18359375
2916.00585938 402.33599854
2770.50219727 402.48840332
2675.17651367 402.64080811
2815.17773438 402.79321289
2681.88793945 402.94558716
2901.97265625 403.09799194
3325.75854492 403.25039673
3791.73852539 403.40280151
4000.00000000 403.55520630
4000.00000000 403.70761108
3637.83764648 403.85998535
3416.34765625 404.01239014
3153.00512695 404.16479492
2772.68872070 404.31719971
2646.14501953 404.46960449
2367.07348633 404.62200928
2252.58911133 404.77441406
2260.81689453 404.92678833
2168.12695312 405.07919312
2073.00805664 405.23159790
1960.19543457 405.38400269
2084.27880859 405.53640747
2304.03344727 405.68881226
2662.58056641 405.84118652
3033.56713867 405.99359131
2996.08593750 406.14599609
3515.64160156 406.29840088
3260.44848633 406.45080566
3205.50927734 406.60321045
3372.34448242 406.75561523
3625.73510742 406.90798950
3503.39550781 407.06039429
3678.58959961 407.21279907
3071.01635742 407.36520386
2595.68090820 407.51760864
2592.99145508 407.67001343
2171.74609375 407.82238770
2444.28320312 407.97479248
2834.54272461 408.12719727
3077.09082031 408.27960205
3547.12158203 408.43200684
3379.86743164 408.58441162
3304.37670898 408.73678589
3323.61059570 408.88919067
3159.30297852 409.04159546
3117.93017578 409.19400024
2956.10205078 409.34640503
3022.45947266 409.49880981
3048.82543945 409.65121460
3107.60498047 409.80358887
2882.51123047 409.95599365
2595.57202148 410.10839844
2641.60668945 410.26080322
2558.31030273 410.41320801
2187.11669922 410.56561279
1942.40734863 410.71798706
1853.52880859 410.87039185
1247.26989746 411.02279663
605.31567383 411.17520142
389.51040649 411.32760620
0.26629999 411.48001099
0.26409999 411.63238525
0.28040001 411.78479004
0.28770000 411.93719482
0.29789999 412.08959961
0.30800000 412.24200439
0.31389999 412.39440918
0.32620001 412.54681396
0.33489999 412.69918823
0.34000000 412.85159302
0.34830001 413.00399780
0.35640001 413.15640259
0.36059999 413.30880737
0.36640000 413.46121216
0.36849999 413.61358643
0.36680001 413.76599121
0.36840001 413.91839600
0.36600000 414.07080078
0.36320001 414.22320557
0.36359999 414.37561035
0.36379999 414.52801514
0.36390001 414.68038940
0.36340001 414.83279419
0.36250001 414.98519897
0.36100000 415.13760376
0.35710001 415.29000854
0.35830000 415.44241333
0.35519999 415.59478760
0.35299999 415.74719238
0.34779999 415.89959717
0.34340000 416.05200195
0.33289999 416.20440674
0.31909999 416.35681152
0.30410001 416.50918579
0.28369999 416.66159058
0.25749999 416.81399536
0.25450000 416.96640015
0.24180000 417.11880493
0.26480001 417.27120972
21.38019943 417.42361450
16.98340034 417.57598877
17.38150024 417.72839355
21.17580032 417.88079834
17.49020004 418.03320312
16.72599983 418.18560791
20.67189980 418.33801270
0.55669999 418.49038696
0.80049998 418.64279175
0.92970002 418.79519653
0.91240001 418.94760132
0.91060001 419.10000610
0.86830002 419.25241089
0.83010000 419.40478516
0.82900000 419.55718994
0.81169999 419.70959473
0.79729998 419.86199951
0.78960001 420.01440430
0.78490001 420.16680908
0.78020000 420.31921387
0.77810001 420.47158813
0.77810001 420.62399292
0.77270001 420.77639771
0.76419997 420.92880249
0.75700003 421.08120728
0.75199997 421.23361206
0.74730003 421.38598633
0.74650002 421.53839111
0.74620003 421.69079590
0.74019998 421.84320068
0.72130001 421.99560547
0.70599997 422.14801025
0.70550001 422.30041504
0.70609999 422.45278931
0.70940000 422.60519409
0.71230000 422.75759888
0.71619999 422.91000366
0.71719998 423.06240845
0.71319997 423.21481323
0.70529997 423.36718750
0.70300001 423.51959229
0.70060003 423.67199707
0.70039999 423.82440186
0.69950002 423.97680664
0.69520003 424.12921143
0.68690002 424.28158569
0.67780000 424.43399048
0.66009998 424.58639526
0.65499997 424.73880005
0.65069997 424.89120483
0.65249997 425.04360962
0.65530002 425.19601440
0.65579998 425.34838867
0.65740001 425.50079346
0.66210002 425.65319824
0.66979998 425.80560303
0.68800002 425.95800781
0.70459998 426.11041260
0.70789999 426.26278687
0.70899999 426.41519165
0.70980000 426.56759644
0.71020001 426.72000122
0.71020001 426.87240601
0.71050000 427.02481079
0.70630002 427.17718506
0.69880003 427.32958984
0.69059998 427.48199463
0.68660003 427.63439941
0.69190001 427.78680420
0.69620001 427.93920898
0.70069999 428.09161377
0.70230001 428.24398804
0.70510000 428.39639282
0.70810002 428.54879761
0.70819998 428.70120239
0.70580000 428.85360718
0.69099998 429.00601196
0.68250000 429.15838623
0.67089999 429.31079102
0.66149998 429.46319580
0.66140002 429.61560059
0.66170001 429.76800537
0.67290002 429.92041016
0.67940003 430.07281494
0.69160002 430.22518921
0.70150000 430.37759399
0.70440000 430.52999878
0.70510000 430.68240356
0.70920002 430.83480835
0.71030003 430.98721313
0.71859998 431.13958740
0.72340000 431.29199219
0.72780001 431.44439697
0.73040003 431.59680176
0.73409998 431.74920654
0.73610002 431.90161133
0.73439997 432.05398560
0.73290002 432.20639038
0.73100001 432.35879517
0.72770000 432.51119995
0.72950000 432.66360474
0.73280001 432.81600952
0.73430002 432.96841431
0.73979998 433.12078857
0.74049997 433.27319336
0.74030000 433.42559814
0.73699999 433.57800293
0.73559999 433.73040771
0.73150003 433.88281250
0.72759998 434.03518677
0.73290002 434.18759155
0.74239999 434.33999634
0.74849999 434.49240112
0.77399999 434.64480591
0.78619999 434.79721069
0.79070002 434.94958496
0.79329997 435.10198975
0.78460002 435.25439453
0.77170002 435.40679932
0.76109999 435.55920410
0.73280001 435.71160889
0.70730001 435.86401367
0.69590002 436.01638794
0.69279999 436.16879272
0.69739997 436.32119751
0.70310003 436.47360229
0.71380001 436.62600708
0.72759998 436.77841187
0.73000002 436.93078613
0.73430002 437.08319092
0.73439997 437.23559570
0.73580003 437.38800049
0.73509997 437.54040527
0.74550003 437.69281006
0.75639999 437.84521484
0.76650000 437.99758911
0.78270000 438.14999390
0.79659998 438.30239868
0.79170001 438.45480347
0.78070003 438.60720825
0.75430000 438.75961304
0.72420001 438.91198730
0.69239998 439.06439209
0.66180003 439.21679688
0.62220001 439.36920166
0.62330002 439.52160645
0.66200000 439.67401123
0.73079997 439.82638550
0.76370001 439.97879028
0.77929997 440.13119507
0.76819998 440.28359985
0.75360000 440.43600464
0.74180001 440.58840942
0.73500001 440.74081421
0.73400003 440.89318848
0.73710001 441.04559326
0.73970002 441.19799805
0.75040001 441.35040283
0.74860001 441.50280762
0.73479998 441.65521240
0.72750002 441.80758667
0.70880002 441.95999146
0.70400000 442.11239624
0.69950002 442.26480103
0.69709998 442.41720581
0.69639999 442.56961060
0.69639999 442.72198486
0.69650000 442.87438965
0.69550002 443.02679443
0.69379997 443.17919922
0.69090003 443.33160400
0.68709999 443.48400879
0.67330003 443.63641357
0.66560000 443.78878784
0.66399997 443.94119263
0.66409999 444.09359741
0.66490000 444.24600220
0.66469997 444.39840698
0.66310000 444.55081177
0.65649998 444.70318604
0.65270001 444.85559082
0.65240002 445.00799561
0.65249997 445.16040039
0.65270001 445.31280518
0.65300000 445.46520996
0.65289998 445.61761475
0.65160000 445.76998901
0.64620000 445.92239380
0.63669997 446.07479858
0.63709998 446.22720337
0.63789999 446.37960815
0.64060003 446.53201294
0.64550000 446.68438721
0.64999998 446.83679199
0.66189998 446.98919678
0.66930002 447.14160156
0.67699999 447.29400635
0.67979997 447.44641113
0.67739999 447.59878540
0.67540002 447.75119019
0.66909999 447.90359497
0.66180003 448.05599976
0.65890002 448.20840454
0.65840000 448.36080933
0.66610003 448.51321411
0.67040002 448.66558838
0.67860001 448.81799316
0.68919998 448.97039795
0.69480002 449.12280273
0.70150000 449.27520752
0.69599998 449.42761230
0.69360000 449.57998657
0.69419998 449.73239136
0.68830001 449.88479614
0.66549999 450.03720093
0.66299999 450.18960571
0.66520000 450.34201050
0.66630000 450.49438477
0.66729999 450.64678955
0.66869998 450.79919434
0.67079997 450.95159912
0.67379999 451.10400391
0.67799997 451.25640869
0.68220001 451.40881348
0.68220001 451.56118774
0.67979997 451.71359253
0.67360002 451.86599731
0.67049998 452.01840210
0.66990000 452.17080688
0.67060000 452.32321167
0.67610002 452.47558594
0.67850000 452.62799072
0.68260002 452.78039551
0.68500000 452.93280029
0.69190001 453.08520508
0.69690001 453.23760986
0.69889998 453.39001465
0.70069999 453.54238892
0.70080000 453.69479370
0.70060003 453.84719849
0.70099998 453.99960327
0.70370001 454.15200806
0.70459998 454.30441284
0.70550001 454.45678711
0.70580000 454.60919189
0.70359999 454.76159668
0.70289999 454.91400146
0.70190001 455.06640625
0.70240003 455.21881104
0.70190001 455.37118530
0.70179999 455.52359009
0.70279998 455.67599487
0.70520002 455.82839966
0.70749998 455.98080444
0.71439999 456.13320923
0.72070003 456.28561401
0.72579998 456.43798828
0.73189998 456.59039307
0.73110002 456.74279785
0.73100001 456.89520264
0.72539997 457.04760742
0.72060001 457.20001221
0.71469998 457.35238647
0.70829999 457.50479126
0.70609999 457.65719604
0.69830000 457.80960083
0.69169998 457.96200562
0.68690002 458.11441040
0.68309999 458.26681519
0.68349999 458.41918945
0.68260002 458.57159424
0.68279999 458.72399902
0.68129998 458.87640381
0.67860001 459.02880859
0.67769998 459.18121338
0.67860001 459.33358765
0.67690003 459.48599243
0.67729998 459.63839722
0.67699999 459.79080200
0.67400002 459.94320679
0.66860002 460.09561157
0.66180003 460.24798584
0.65530002 460.40039062
0.65450001 460.55279541
0.66130000 460.70520020
0.68019998 460.85760498
0.69929999 461.01000977
0.72160000 461.16241455
0.72520000 461.31478882
0.71120000 461.46719360
0.69379997 461.61959839
0.67110002 461.77200317
0.64550000 461.92440796
0.62540001 462.07681274
0.61669999 462.22918701
0.61110002 462.38159180
0.60829997 462.53399658
0.60479999 462.68640137
0.60399997 462.83880615
0.60530001 462.99121094
0.61650002 463.14358521
0.62510002 463.29598999
0.62750000 463.44839478
0.63050002 463.60079956
0.63220000 463.75320435
0.63389999 463.90560913
0.63630003 464.05801392
0.64090002 464.21038818
0.64880002 464.36279297
0.65509999 464.51519775
0.65850002 464.66760254
0.65960002 464.82000732
0.65660000 464.97241211
0.65310001 465.12478638
0.65050000 465.27719116
0.64889997 465.42959595
0.64850003 465.58200073
0.64940000 465.73440552
0.65130001 465.88681030
0.65230000 466.03921509
0.64249998 466.19158936
0.63940001 466.34399414
0.63599998 466.49639893
0.62949997 466.64880371
0.62889999 466.80120850
0.63800001 466.95361328
0.64330000 467.10598755
0.65600002 467.25839233
0.66170001 467.41079712
0.66860002 467.56320190
0.66740000 467.71560669
0.65770000 467.86801147
0.64690000 468.02038574
0.63810003 468.17279053
0.62680000 468.32519531
0.62930000 468.47760010
0.63429999 468.63000488
0.64709997 468.78240967
0.65270001 468.93481445
0.65600002 469.08718872
0.65960002 469.23959351
0.66070002 469.39199829
0.67269999 469.54440308
0.68220001 469.69680786
0.70090002 469.84921265
0.70969999 470.00158691
0.71280003 470.15399170
0.71700001 470.30639648
0.71789998 470.45880127
0.72070003 470.61120605
0.72219998 470.76361084
0.73089999 470.91598511
0.74479997 471.06838989
0.75349998 471.22079468
0.76370001 471.37319946
0.77050000 471.52560425
0.76889998 471.67800903
0.76920003 471.83041382
0.75910002 471.98278809
0.75410002 472.13519287
0.75269997 472.28759766
0.75650001 472.44000244
0.75669998 472.59240723
0.76080000 472.74481201
0.76370001 472.89718628
0.76230001 473.04959106
0.76480001 473.20199585
0.76080000 473.35440063
0.75779998 473.50680542
0.75720000 473.65921021
0.75080001 473.81161499
0.74849999 473.96398926
0.74190003 474.11639404
0.73540002 474.26879883
0.72799999 474.42120361
0.72390002 474.57360840
0.72100002 474.72601318
0.72000003 474.87838745
0.72009999 475.03079224
0.72200000 475.18319702
0.72100002 475.33560181
0.72109997 475.48800659
0.72020000 475.64041138
0.71929997 475.79278564
0.71899998 475.94519043
0.71850002 476.09759521
0.71850002 476.25000000
0.71679997 476.40240479
0.71319997 476.55480957
0.70880002 476.70721436
0.70569998 476.85958862
0.70510000 477.01199341
0.70459998 477.16439819
0.70660001 477.31680298
0.70810002 477.46920776
0.72090000 477.62161255
0.73580003 477.77398682
0.74169999 477.92639160
0.74830002 478.07879639
0.75110000 478.23120117
0.74940002 478.38360596
0.75019997 478.53601074
0.71929997 478.68838501
0.70719999 478.84078979
0.69040000 478.99319458
0.69239998 479.14559937
0.68959999 479.29800415
0.68650001 479.45040894
0.68489999 479.60281372
0.68390000 479.75518799
0.68080002 479.90759277
0.68000001 480.05999756
0.67900002 480.21240234
0.67930001 480.36480713
0.67900002 480.51721191
0.67919999 480.66958618
0.67519999 480.82199097
0.67170000 480.97439575
0.66759998 481.12680054
0.66750002 481.27920532
0.67140001 481.43161011
0.67699999 481.58401489
0.68000001 481.73638916
0.68360001 481.88879395
0.68180001 482.04119873
0.67530000 482.19360352
0.66920000 482.34600830
0.65770000 482.49841309
0.66380000 482.65078735
0.67070001 482.80319214
0.67570001 482.95559692
0.68379998 483.10800171
0.68650001 483.26040649
0.68949997 483.41281128
0.69330001 483.56518555
0.69459999 483.71759033
0.69489998 483.86999512
0.69370002 484.02239990
0.69410002 484.17480469
0.69029999 484.32720947
0.68470001 484.47961426
0.68250000 484.63198853
0.67879999 484.78439331
0.67600000 484.93679810
0.66960001 485.08920288
0.67330003 485.24160767
0.67760003 485.39401245
0.69169998 485.54638672
0.70410001 485.69879150
0.71590000 485.85119629
0.72780001 486.00360107
0.73729998 486.15600586
0.73979998 486.30841064
0.73869997 486.46078491
0.73940003 486.61318970
0.74470001 486.76559448
0.74970001 486.91799927
0.77200001 487.07040405
0.77829999 487.22280884
0.78839999 487.37521362
0.79329997 487.52758789
0.78829998 487.67999268
0.78780001 487.83239746
0.77020001 487.98480225
0.76620001 488.13720703
0.76130003 488.28961182
0.75550002 488.44198608
0.75430000 488.59439087
0.74890000 488.74679565
0.74570000 488.89920044
0.73839998 489.05160522
0.73040003 489.20401001
0.72520000 489.35641479
0.72180003 489.50878906
0.71130002 489.66119385
0.71100003 489.81359863
0.71120000 489.96600342
0.71050000 490.11840820
0.71420002 490.27081299
0.71560001 490.42318726
0.71730000 490.57559204
0.72500002 490.72799683
0.72820002 490.88040161
0.72880000 491.03280640
0.72909999 491.18521118
0.72700000 491.33758545
0.72240001 491.48999023
0.71240002 491.64239502
0.70910001 491.79479980
0.70620000 491.94720459
0.71010000 492.09960938
0.71329999 492.25201416
0.71649998 492.40438843
0.72409999 492.55679321
0.73210001 492.70919800
0.73659998 492.86160278
0.73820001 493.01400757
0.73689997 493.16641235
0.73659998 493.31878662
0.73079997 493.47119141
0.72439998 493.62359619
0.71850002 493.77600098
0.72000003 493.92840576
0.71810001 494.08081055
0.71509999 494.23318481
0.71270001 494.38558960
0.70730001 494.53799438
0.70060003 494.69039917
0.69499999 494.84280396
0.68919998 494.99520874
0.68730003 495.14761353
0.68470001 495.29998779
0.68580002 495.45239258
0.68580002 495.60479736
0.68779999 495.75720215
0.68889999 495.90960693
0.68940002 496.06201172
0.69209999 496.21438599
0.69250000 496.36679077
0.69520003 496.51919556
0.69749999 496.67160034
0.71399999 496.82400513
0.72890002 496.97640991
0.74080002 497.12881470
0.75770003 497.28118896
0.76440001 497.43359375
0.77920002 497.58599854
0.78479999 497.73840332
0.79130000 497.89080811
0.79960001 498.04321289
0.80800003 498.19558716
0.82370001 498.34799194
0.86059999 498.50039673
0.88819999 498.65280151
0.92820001 498.80520630
0.94440001 498.95761108
0.94160002 499.10998535
0.94650000 499.26239014
0.93360001 499.41479492
0.92510003 499.56719971
0.92280000 499.71960449
0.91949999 499.87200928
0.92280000 500.02441406
0.91530001 500.17678833
0.91100001 500.32919312
0.89399999 500.48159790
0.85820001 500.63400269
0.84410000 500.78640747
0.81590003 500.93881226
0.79990000 501.09118652
0.78100002 501.24359131
0.76470000 501.39599609
0.75040001 501.54840088
0.74379998 501.70080566
0.73680001 501.85321045
0.72899997 502.00561523
0.72100002 502.15798950
0.71390003 502.31039429
0.70609999 502.46279907
0.70099998 502.61520386
0.69389999 502.76760864
0.68870002 502.92001343
0.68460000 503.07238770
0.69580001 503.22479248
0.70080000 503.37719727
0.70289999 503.52960205
0.70279998 503.68200684
0.69440001 503.83441162
0.68730003 503.98678589
0.68300003 504.13919067
0.67869997 504.29159546
0.67760003 504.44400024
0.67809999 504.59640503
0.68070000 504.74880981
0.68750000 504.90121460
0.70880002 505.05358887
0.71899998 505.20599365
0.72390002 505.35839844
0.73600000 505.51080322
0.74640000 505.66320801
0.75139999 505.81561279
0.75510001 505.96798706
0.74849999 506.12039185
0.73930001 506.27279663
0.72899997 506.42520142
0.71869999 506.57760620
0.70200002 506.73001099
0.69760001 506.88238525
0.69389999 507.03479004
0.68949997 507.18719482
0.68809998 507.33959961
0.68739998 507.49200439
0.68449998 507.64440918
0.67989999 507.79681396
0.68480003 507.94918823
0.68830001 508.10159302
0.69630003 508.25399780
0.70539999 508.40640259
0.72369999 508.55880737
0.75199997 508.71121216
0.76800001 508.86358643
0.79540002 509.01599121
0.80860001 509.16839600
0.82120001 509.32080078
0.84219998 509.47320557
0.86009997 509.62561035
0.88080001 509.77801514
0.88510001 509.93038940
0.87510002 510.08279419
0.86210001 510.23519897
0.85219997 510.38760376
0.83270001 510.54000854
0.82239997 510.69241333
0.81750000 510.84478760
0.82020003 510.99719238
0.81930000 511.14959717
0.81250000 511.30200195
0.80849999 511.45440674
0.79159999 511.60681152
0.77880001 511.75918579
0.76429999 511.91159058
0.76569998 512.06402588
0.76880002 512.21636963
0.77230000 512.36877441
0.77670002 512.52117920
0.77569997 512.67358398
0.77600002 512.82598877
0.77460003 512.97839355
0.77399999 513.13079834
0.77710003 513.28320312
0.77969998 513.43560791
0.78259999 513.58801270
0.78950000 513.74041748
0.79310000 513.89282227
0.79629999 514.04522705
0.80040002 514.19757080
0.79689997 514.34997559
0.79149997 514.50238037
0.77929997 514.65478516
0.77260000 514.80718994
0.77219999 514.95959473
0.77039999 515.11199951
0.76880002 515.26440430
0.76760000 515.41680908
0.76709998 515.56921387
0.76800001 515.72161865
0.76789999 515.87402344
0.76929998 516.02642822
0.77310002 516.17877197
0.77969998 516.33117676
0.79360002 516.48358154
0.80339998 516.63598633
0.81099999 516.78839111
0.81510001 516.94079590
0.81190002 517.09320068
0.80930001 517.24560547
0.81199998 517.39801025
0.81300002 517.55041504
0.81840003 517.70281982
0.82319999 517.85522461
0.82630002 518.00762939
0.82609999 518.15997314
0.81910002 518.31237793
0.80970001 518.46478271
0.80430001 518.61718750
0.79939997 518.76959229
0.79409999 518.92199707
0.77499998 519.07440186
0.76080000 519.22680664
0.74570000 519.37921143
0.74510002 519.53161621
0.74690002 519.68402100
0.74769998 519.83642578
0.75230002 519.98876953
0.75099999 520.14117432
0.74980003 520.29357910
0.74820000 520.44598389
0.74150002 520.59838867
0.73549998 520.75079346
0.72860003 520.90319824
0.72160000 521.05560303
0.71820003 521.20800781
0.71679997 521.36041260
0.71560001 521.51281738
0.71749997 521.66522217
0.71960002 521.81762695
0.72070003 521.96997070
0.72200000 522.12237549
0.72180003 522.27478027
0.72030002 522.42718506
0.71899998 522.57958984
0.72009999 522.73199463
0.72240001 522.88439941
0.72329998 523.03680420
0.72280002 523.18920898
0.72539997 523.34161377
0.72659999 523.49401855
0.72930002 523.64642334
0.73670000 523.79882812
0.74860001 523.95117188
0.75700003 524.10357666
0.76560003 524.25598145
0.76760000 524.40838623
0.76279998 524.56079102
0.75819999 524.71319580
0.74110001 524.86560059
0.73490000 525.01800537
0.71799999 525.17041016
0.70910001 525.32281494
0.69379997 525.47521973
0.68870002 525.62762451
0.68239999 525.78002930
0.68360001 525.93237305
0.68660003 526.08477783
0.69309998 526.23718262
0.69520003 526.38958740
0.70039999 526.54199219
0.71530002 526.69439697
0.72600001 526.84680176
0.73860002 526.99920654
0.74839997 527.15161133
0.76099998 527.30401611
0.76609999 527.45642090
0.78210002 527.60882568
0.77319998 527.76123047
0.76630002 527.91357422
0.76130003 528.06597900
0.75430000 528.21838379
0.75379997 528.37078857
0.75819999 528.52319336
0.76190001 528.67559814
0.76849997 528.82800293
0.76880002 528.98040771
0.76990002 529.13281250
0.76940000 529.28521729
0.76670003 529.43762207
0.76910001 529.59002686
0.76940000 529.74237061
0.77010000 529.89477539
0.77219999 530.04718018
0.77329999 530.19958496
0.77569997 530.35198975
0.77890003 530.50439453
0.79479998 530.65679932
0.80800003 530.80920410
0.82810003 530.96160889
0.85259998 531.11401367
0.87210000 531.26641846
0.88660002 531.41882324
0.90189999 531.57122803
0.91210002 531.72357178
0.90890002 531.87597656
0.89539999 532.02838135
0.88139999 532.18078613
0.87099999 532.33319092
0.85000002 532.48559570
0.83969998 532.63800049
0.81989998 532.79040527
0.80970001 532.94281006
0.80159998 533.09521484
0.80000001 533.24761963
0.80320001 533.40002441
0.81370002 533.55242920
0.83249998 533.70477295
0.86129999 533.85717773
0.87959999 534.00958252
0.89719999 534.16198730
0.90460002 534.31439209
0.90689999 534.46679688
0.90270001 534.61920166
0.88970000 534.77160645
0.88139999 534.92401123
0.86350000 535.07641602
0.83179998 535.22882080
0.80620003 535.38122559
0.78030002 535.53363037
0.77039999 535.68597412
0.76200002 535.83837891
0.75730002 535.99078369
0.74980003 536.14318848
0.73799998 536.29559326
0.72719997 536.44799805
0.71850002 536.60040283
0.71539998 536.75280762
0.71319997 536.90521240
0.71249998 537.05761719
0.71560001 537.21002197
0.71749997 537.36242676
0.72160000 537.51477051
0.72450000 537.66717529
0.72530001 537.81958008
0.72600001 537.97198486
0.72640002 538.12438965
0.72920001 538.27679443
0.73369998 538.42919922
0.73619998 538.58160400
0.73850000 538.73400879
0.74510002 538.88641357
0.74659997 539.03881836
0.74730003 539.19122314
0.74710000 539.34362793
0.74409997 539.49597168
0.74110001 539.64837646
0.73850000 539.80078125
0.73680001 539.95318604
0.73839998 540.10559082
0.74220002 540.25799561
0.74559999 540.41040039
0.74750000 540.56280518
0.75389999 540.71520996
0.75849998 540.86761475
0.76230001 541.02001953
0.78179997 541.17242432
0.78719997 541.32482910
0.79920000 541.47717285
0.80650002 541.62957764
0.82480001 541.78198242
0.81699997 541.93438721
0.81650001 542.08679199
0.80260003 542.23919678
0.78439999 542.39160156
0.76859999 542.54400635
0.75349998 542.69641113
0.72539997 542.84881592
0.70660001 543.00122070
0.69970000 543.15362549
0.69400001 543.30603027
0.68940002 543.45837402
0.68470001 543.61077881
0.67860001 543.76318359
0.67089999 543.91558838
0.66960001 544.06799316
0.66839999 544.22039795
0.66790003 544.37280273
0.67040002 544.52520752
0.67619997 544.67761230
0.67519999 544.83001709
0.67670000 544.98242188
0.67559999 545.13482666
0.67400002 545.28717041
0.67460001 545.43957520
0.67510003 545.59197998
0.67309999 545.74438477
0.67680001 545.89678955
0.67869997 546.04919434
0.68129998 546.20159912
0.68559998 546.35400391
0.68589997 546.50640869
0.68620002 546.65881348
0.68440002 546.81121826
0.68169999 546.96362305
0.67510003 547.11602783
0.66900003 547.26837158
0.66960001 547.42077637
0.67150003 547.57318115
0.68949997 547.72558594
0.70039999 547.87799072
0.71190000 548.03039551
0.72659999 548.18280029
0.73229998 548.33520508
0.73720002 548.48760986
0.73240000 548.64001465
0.71969998 548.79241943
0.70899999 548.94482422
0.69900000 549.09722900
0.68199998 549.24957275
0.68010002 549.40197754
0.67960000 549.55438232
0.67940003 549.70678711
0.68059999 549.85919189
0.68010002 550.01159668
0.68070000 550.16400146
0.67970002 550.31640625
0.67860001 550.46881104
0.67699999 550.62121582
0.67619997 550.77362061
0.67449999 550.92602539
0.67460001 551.07843018
0.67629999 551.23077393
0.67650002 551.38317871
0.67750001 551.53558350
0.68000001 551.68798828
0.68290001 551.84039307
0.68559998 551.99279785
0.68860000 552.14520264
0.68779999 552.29760742
0.68760002 552.45001221
0.68769997 552.60241699
0.68970001 552.75482178
0.69330001 552.90722656
0.69580001 553.05957031
0.70029998 553.21197510
0.70490003 553.36437988
0.70819998 553.51678467
0.71100003 553.66918945
0.71469998 553.82159424
0.71700001 553.97399902
0.71579999 554.12640381
0.71579999 554.27880859
0.71439999 554.43121338
0.70910001 554.58361816
0.70620000 554.73602295
0.70139998 554.88842773
0.69790000 555.04077148
0.69150001 555.19317627
0.69419998 555.34558105
0.69569999 555.49798584
0.70410001 555.65039062
0.71969998 555.80279541
0.73619998 555.95520020
0.74949998 556.10760498
0.75190002 556.26000977
0.75599998 556.41241455
0.75029999 556.56481934
0.74620003 556.71722412
0.74339998 556.86962891
0.74470001 557.02197266
0.76830000 557.17437744
0.78189999 557.32678223
0.80790001 557.47918701
0.81770003 557.63159180
0.83450001 557.78399658
0.84560001 557.93640137
0.85089999 558.08880615
0.85839999 558.24121094
0.85390002 558.39361572
0.84390002 558.54602051
0.83120000 558.69842529
0.82150000 558.85083008
0.81089997 559.00317383
0.80339998 559.15557861
0.80049998 559.30798340
0.79350001 559.46038818
0.78899997 559.61279297
0.78680003 559.76519775
0.78259999 559.91760254
0.77910000 560.07000732
0.77630001 560.22241211
0.77469999 560.37481689
0.78860003 560.52722168
0.79790002 560.67962646
0.80540001 560.83197021
0.81379998 560.98437500
0.81790000 561.13677979
0.82789999 561.28918457
0.83440000 561.44158936
0.83719999 561.59399414
0.82999998 561.74639893
0.81809998 561.89880371
0.81349999 562.05120850
0.80839998 562.20361328
0.79420000 562.35601807
0.78930002 562.50842285
0.77880001 562.66082764
0.77469999 562.81317139
0.77380002 562.96557617
0.77329999 563.11798096
0.77550000 563.27038574
0.77700001 563.42279053
0.77880001 563.57519531
0.78280002 563.72760010
0.78710002 563.88000488
0.79490000 564.03240967
0.80589998 564.18481445
0.81709999 564.33721924
0.81779999 564.48962402
0.81059998 564.64202881
0.79100001 564.79437256
0.77679998 564.94677734
0.74800003 565.09918213
0.73460001 565.25158691
0.72509998 565.40399170
0.72200000 565.55639648
0.71520001 565.70880127
0.71100003 565.86120605
0.70690000 566.01361084
0.69849998 566.16601562
0.69379997 566.31842041
0.69090003 566.47082520
0.68460000 566.62322998
0.68430001 566.77557373
0.68529999 566.92797852
0.68720001 567.08038330
0.68940002 567.23278809
0.68889999 567.38519287
0.68970001 567.53759766
0.68919998 567.69000244
0.68540001 567.84240723
0.68640000 567.99481201
0.68640000 568.14721680
0.68730003 568.29962158
0.68720001 568.45202637
0.68830001 568.60437012
0.68930000 568.75677490
0.68980002 568.90917969
0.68800002 569.06158447
0.68120003 569.21398926
0.67790002 569.36639404
0.67400002 569.51879883
0.67320001 569.67120361
0.67330003 569.82360840
0.67519999 569.97601318
0.67869997 570.12841797
0.68339998 570.28082275
0.68849999 570.43322754
0.68900001 570.58557129
0.68870002 570.73797607
0.68930000 570.89038086
0.69099998 571.04278564
0.69419998 571.19519043
0.70020002 571.34759521
0.70660001 571.50000000
0.71310002 571.65240479
0.71640003 571.80480957
0.72380000 571.95721436
0.72280002 572.10961914
0.72289997 572.26202393
0.72280002 572.41442871
0.72180003 572.56677246
0.72649997 572.71917725
0.73150003 572.87158203
0.74010003 573.02398682
0.74779999 573.17639160
0.75709999 573.32879639
0.76150000 573.48120117
0.77069998 573.63360596
0.77370000 573.78601074
0.77440000 573.93841553
0.77350003 574.09082031
0.76990002 574.24322510
0.77280003 574.39562988
0.77929997 574.54797363
0.79390001 574.70037842
0.80669999 574.85278320
0.81440002 575.00518799
0.82169998 575.15759277
0.82709998 575.30999756
0.82620001 575.46240234
0.82450002 575.61480713
0.82220000 575.76721191
0.81300002 575.91961670
0.80390000 576.07202148
0.80150002 576.22442627
0.79689997 576.37677002
0.79360002 576.52917480
0.79439998 576.68157959
0.79390001 576.83398438
0.79600000 576.98638916
0.79200000 577.13879395
0.79040003 577.29119873
0.78719997 577.44360352
0.77710003 577.59600830
0.76700002 577.74841309
0.76179999 577.90081787
0.76029998 578.05322266
0.73909998 578.20562744
0.73299998 578.35797119
0.71929997 578.51037598
0.71259999 578.66278076
0.70630002 578.81518555
0.69989997 578.96759033
0.70230001 579.11999512
0.70230001 579.27239990
0.70469999 579.42480469
0.70469999 579.57720947
0.70420003 579.72961426
0.70440000 579.88201904
0.70209998 580.03442383
0.70209998 580.18682861
0.70469999 580.33917236
0.70679998 580.49157715
0.71130002 580.64398193
0.71350002 580.79638672
0.71780002 580.94879150
0.72140002 581.10119629
0.72030002 581.25360107
0.72149998 581.40600586
0.72100002 581.55841064
0.72020000 581.71081543
0.71960002 581.86322021
0.71780002 582.01562500
0.71390003 582.16802979
0.71249998 582.32037354
0.70420003 582.47277832
0.69669998 582.62518311
0.68800002 582.77758789
0.69110000 582.92999268
0.70539999 583.08239746
0.72160000 583.23480225
0.74210000 583.38720703
0.77090001 583.53961182
0.78350002 583.69201660
0.79589999 583.84442139
0.80339998 583.99682617
0.80650002 584.14916992
0.79830003 584.30157471
0.78659999 584.45397949
0.76980001 584.60638428
0.75370002 584.75878906
0.73710001 584.91119385
0.72289997 585.06359863
0.71340001 585.21600342
0.69919997 585.36840820
0.69669998 585.52081299
0.69160002 585.67321777
0.68779999 585.82562256
0.68699998 585.97802734
0.68620002 586.13037109
0.68620002 586.28277588
0.68760002 586.43518066
0.68830001 586.58758545
0.68860000 586.73999023
0.68930000 586.89239502
0.68570000 587.04479980
0.68529999 587.19720459
0.68769997 587.34960938
0.68860000 587.50201416
0.69010001 587.65441895
0.69190001 587.80682373
0.69260001 587.95922852
0.68860000 588.11157227
0.68820000 588.26397705
0.68570000 588.41638184
0.67839998 588.56878662
0.68070000 588.72119141
0.67909998 588.87359619
0.68000001 589.02600098
0.68379998 589.17840576
0.68510002 589.33081055
0.68550003 589.48321533
0.68690002 589.63562012
0.68529999 589.78802490
0.68620002 589.94042969
0.68839997 590.09277344
0.69040000 590.24517822
0.69590002 590.39758301
0.69660002 590.54998779
0.69840002 590.70239258
0.69999999 590.85479736
0.70310003 591.00720215
0.70959997 591.15960693
0.72000003 591.31201172
0.72509998 591.46441650
0.73299998 591.61682129
0.72630000 591.76922607
0.72409999 591.92156982
0.72250003 592.07397461
0.71770000 592.22637939
0.71579999 592.37878418
0.71390003 592.53118896
0.71020001 592.68359375
0.71350002 592.83599854
0.71410000 592.98840332
0.71429998 593.14080811
0.71289998 593.29321289
0.71079999 593.44561768
0.70800000 593.59802246
0.70359999 593.75042725
0.70420003 593.90277100
0.70420003 594.05517578
0.70249999 594.20758057
0.70099998 594.35998535
0.69910002 594.51239014
0.69959998 594.66479492
0.70120001 594.81719971
0.70270002 594.96960449
0.70469999 595.12200928
0.70670003 595.27441406
0.70660001 595.42681885
0.70400000 595.57922363
0.70120001 595.73162842
0.69830000 595.88397217
0.70620000 596.03637695
0.70920002 596.18878174
0.72090000 596.34118652
0.72670001 596.49359131
0.73290002 596.64599609
0.73530000 596.79840088
0.72130001 596.95080566
0.71649998 597.10321045
0.70910001 597.25561523
0.69910002 597.40802002
0.68849999 597.56042480
0.67960000 597.71282959
0.67449999 597.86517334
0.66769999 598.01757812
0.66610003 598.16998291
0.66189998 598.32238770
0.66159999 598.47479248
0.66399997 598.62719727
0.66990000 598.77960205
0.67479998 598.93200684
0.68059999 599.08441162
0.68500000 599.23681641
0.69150001 599.38922119
0.69389999 599.54162598
0.70230001 599.69396973
0.70569998 599.84637451
0.70639998 599.99877930
0.70940000 600.15118408
0.71219999 600.30358887
0.71420002 600.45599365
0.72689998 600.60839844
0.73060000 600.76080322
0.73189998 600.91320801
0.73229998 601.06561279
0.72939998 601.21801758
0.72409999 601.37042236
0.71509999 601.52282715
0.70760000 601.67517090
0.71010000 601.82757568
0.71969998 601.97998047
0.73689997 602.13238525
0.75830001 602.28479004
0.77700001 602.43719482
0.79119998 602.58959961
0.78149998 602.74200439
0.76859999 602.89440918
0.74370003 603.04681396
0.72329998 603.19921875
0.71300000 603.35162354
0.70429999 603.50402832
0.69669998 603.65637207
0.70120001 603.80877686
0.70800000 603.96118164
0.70560002 604.11358643
0.70480001 604.26599121
0.70050001 604.41839600
0.69309998 604.57080078
0.69080001 604.72320557
0.68800002 604.87561035
0.68940002 605.02801514
0.69330001 605.18041992
0.69630003 605.33282471
0.69760001 605.48522949
0.69880003 605.63757324
0.70090002 605.78997803
0.70220000 605.94238281
0.70260000 606.09478760
0.70850003 606.24719238
0.72729999 606.39959717
0.73379999 606.55200195
0.74529999 606.70440674
0.75889999 606.85681152
0.76330000 607.00921631
0.76560003 607.16162109
0.76950002 607.31402588
0.76910001 607.46636963
0.76490003 607.61877441
0.75770003 607.77117920
0.75639999 607.92358398
0.75650001 608.07598877
0.75629997 608.22839355
0.75430000 608.38079834
0.75139999 608.53320312
0.74949998 608.68560791
0.74599999 608.83801270
0.74119997 608.99041748
0.74400002 609.14282227
0.74699998 609.29522705
0.75150001 609.44757080
0.75290000 609.59997559
0.75120002 609.75238037
0.74760002 609.90478516
0.73940003 610.05718994
0.73130000 610.20959473
0.72310001 610.36199951
0.71740001 610.51440430
0.71490002 610.66680908
0.71149999 610.81921387
0.71410000 610.97161865
0.71810001 611.12402344
0.72520000 611.27642822
0.73170000 611.42877197
0.73699999 611.58117676
0.74470001 611.73358154
0.75190002 611.88598633
0.76550001 612.03839111
0.77399999 612.19079590
0.78410000 612.34320068
0.78640002 612.49560547
0.78189999 612.64801025
0.76999998 612.80041504
0.75989997 612.95281982
0.74510002 613.10522461
0.72759998 613.25762939
0.72170001 613.40997314
0.70020002 613.56237793
0.69370002 613.71478271
0.68290001 613.86718750
0.67710000 614.01959229
0.67189997 614.17199707
0.66799998 614.32440186
0.66659999 614.47680664
0.66460001 614.62921143
0.66829997 614.78161621
0.67320001 614.93402100
0.68019998 615.08642578
0.68669999 615.23876953
0.69160002 615.39117432
0.69419998 615.54357910
0.69660002 615.69598389
0.71429998 615.84838867
0.72250003 616.00079346
0.73269999 616.15319824
0.74690002 616.30560303
0.75620002 616.45800781
0.75639999 616.61041260
0.76410002 616.76281738
0.75419998 616.91522217
0.74659997 617.06762695
0.74030000 617.21997070
0.72909999 617.37237549
0.71120000 617.52478027
0.68790001 617.67718506
0.66920000 617.82958984
0.66380000 617.98199463
0.65829998 618.13439941
0.64630002 618.28680420
0.64050001 618.43920898
0.63720000 618.59161377
0.63770002 618.74401855
0.64929998 618.89642334
0.64960003 619.04882812
0.64910001 619.20117188
0.64910001 619.35357666
0.64789999 619.50598145
0.64990002 619.65838623
0.65439999 619.81079102
0.66670001 619.96319580
0.68110001 620.11560059
0.68989998 620.26800537
0.70240003 620.42041016
0.70990002 620.57281494
0.72240001 620.72521973
0.74100000 620.87762451
0.77050000 621.03002930
0.79259998 621.18237305
0.79140002 621.33477783
0.79189998 621.48718262
0.78500003 621.63958740
0.77600002 621.79199219
0.76700002 621.94439697
0.75999999 622.09680176
0.75309998 622.24920654
0.75419998 622.40161133
0.75550002 622.55401611
0.76880002 622.70642090
0.77679998 622.85882568
0.78609997 623.01123047
0.79070002 623.16357422
0.79509997 623.31597900
0.79670000 623.46838379
0.79589999 623.62078857
0.77509999 623.77319336
0.75700003 623.92559814
0.74610001 624.07800293
0.72490001 624.23040771
0.70959997 624.38281250
0.69980001 624.53521729
0.69279999 624.68762207
0.68839997 624.84002686
0.68640000 624.99237061
0.68940002 625.14477539
0.69419998 625.29718018
0.69859999 625.44958496
0.70190001 625.60198975
0.70300001 625.75439453
0.70420003 625.90679932
0.70420003 626.05920410
0.70889997 626.21160889
0.71109998 626.36401367
0.71340001 626.51641846
0.71740001 626.66882324
0.72049999 626.82122803
0.72170001 626.97357178
0.73500001 627.12597656
0.74419999 627.27838135
0.75080001 627.43078613
0.76529998 627.58319092
0.76990002 627.73559570
0.78700000 627.88800049
0.78979999 628.04040527
0.79790002 628.19281006
0.79729998 628.34521484
0.79189998 628.49761963
0.79000002 628.65002441
0.77869999 628.80242920
0.76779997 628.95477295
0.75290000 629.10717773
0.74519998 629.25958252
0.73809999 629.41198730
0.73329997 629.56439209
0.72659999 629.71679688
0.72340000 629.86920166
0.72039998 630.02160645
0.70980000 630.17401123
0.70730001 630.32641602
0.69809997 630.47882080
0.69709998 630.63122559
0.69599998 630.78363037
0.69970000 630.93597412
0.71060002 631.08837891
0.72860003 631.24078369
0.75360000 631.39318848
0.76270002 631.54559326
0.77640003 631.69799805
0.78240001 631.85040283
0.79430002 632.00280762
0.80570000 632.15521240
0.80750000 632.30761719
0.80150002 632.46002197
0.80089998 632.61242676
0.79259998 632.76477051
0.78969997 632.91717529
0.78680003 633.06958008
0.78950000 633.22198486
0.79229999 633.37438965
0.79310000 633.52679443
0.79220003 633.67919922
0.79159999 633.83160400
0.79079998 633.98400879
0.79130000 634.13641357
0.80150002 634.28881836
0.80690002 634.44122314
0.81400001 634.59362793
0.81230003 634.74597168
0.80059999 634.89837646
0.79240000 635.05078125
0.77109998 635.20318604
0.75870001 635.35559082
0.74430001 635.50799561
0.74620003 635.66040039
0.74430001 635.81280518
0.74460000 635.96520996
0.74040002 636.11761475
0.73659998 636.27001953
0.73689997 636.42242432
0.73580003 636.57482910
0.73650002 636.72717285
0.74769998 636.87957764
0.75480002 637.03198242
0.76650000 637.18438721
0.77280003 637.33679199
0.77649999 637.48919678
0.78420001 637.64160156
0.77770001 637.79400635
0.76910001 637.94641113
0.76099998 638.09881592
0.75099999 638.25122070
0.74800003 638.40362549
0.74949998 638.55603027
0.76139998 638.70837402
0.77109998 638.86077881
0.78039998 639.01318359
0.79530001 639.16558838
0.79890001 639.31799316
0.80110002 639.47039795
0.79600000 639.62280273
0.78780001 639.77520752
0.77789998 639.92761230
0.76510000 640.08001709
0.75209999 640.23242188
0.74280000 640.38482666
0.74320000 640.53717041
0.73799998 640.68957520
0.73229998 640.84197998
0.72909999 640.99438477
0.72180003 641.14678955
0.71460003 641.29919434
0.71249998 641.45159912
0.70959997 641.60400391
0.70880002 641.75640869
0.70969999 641.90881348
0.71679997 642.06121826
0.72560000 642.21362305
0.73750001 642.36602783
0.74690002 642.51837158
0.77340001 642.67077637
0.79390001 642.82318115
0.81680000 642.97558594
0.82059997 643.12799072
0.82489997 643.28039551
0.82450002 643.43280029
0.82389998 643.58520508
0.82169998 643.73760986
0.81410003 643.89001465
0.80280000 644.04241943
0.78869998 644.19482422
0.75650001 644.34722900
0.73060000 644.49957275
0.70380002 644.65197754
0.68800002 644.80438232
0.68500000 644.95678711
0.67900002 645.10919189
0.68129998 645.26159668
0.68900001 645.41400146
0.69630003 645.56640625
0.70969999 645.71881104
0.71939999 645.87121582
0.74949998 646.02362061
0.78060001 646.17602539
0.80849999 646.32843018
0.81250000 646.48077393
0.81950003 646.63317871
0.82380003 646.78558350
0.82150000 646.93798828
0.82249999 647.09039307
0.85869998 647.24279785
0.85509998 647.39520264
0.85509998 647.54760742
0.85119998 647.70001221
0.83590001 647.85241699
0.82450002 648.00482178
0.81129998 648.15722656
0.79259998 648.30957031
0.78689998 648.46197510
0.77929997 648.61437988
0.77300000 648.76678467
0.76749998 648.91918945
0.76459998 649.07159424
0.75650001 649.22399902
0.75569999 649.37640381
0.75160003 649.52880859
0.75169998 649.68121338
0.75559998 649.83361816
0.75830001 649.98602295
0.75650001 650.13842773
0.75889999 650.29077148
0.75790000 650.44317627
0.75830001 650.59558105
0.76380002 650.74798584
0.75790000 650.90039062
0.74900001 651.05279541
0.74010003 651.20520020
0.72270000 651.35760498
0.71460003 651.51000977
0.70649999 651.66241455
0.70029998 651.81481934
0.69430000 651.96722412
0.68739998 652.11962891
0.68570000 652.27197266
0.68480003 652.42437744
0.68049997 652.57678223
0.67940003 652.72918701
0.67750001 652.88159180
0.67659998 653.03399658
0.67070001 653.18640137
0.66689998 653.33880615
0.66289997 653.49121094
0.65670002 653.64361572
0.65700001 653.79602051
0.65600002 653.94842529
0.65679997 654.10083008
0.65670002 654.25317383
0.65829998 654.40557861
0.66109997 654.55798340
0.66500002 654.71038818
0.66909999 654.86279297
0.67299998 655.01519775
0.67570001 655.16760254
0.67989999 655.32000732
0.68519998 655.47241211
0.68849999 655.62481689
0.69270003 655.77722168
0.69830000 655.92962646
0.70069999 656.08197021
0.70969999 656.23437500
0.71560001 656.38677979
0.71689999 656.53918457
0.71679997 656.69158936
0.71179998 656.84399414
0.70649999 656.99639893
0.69870001 657.14880371
0.68760002 657.30120850
0.68339998 657.45361328
0.67619997 657.60601807
0.66740000 657.75842285
0.66210002 657.91082764
0.65969998 658.06317139
0.66390002 658.21557617
0.66600001 658.36798096
0.66759998 658.52038574
0.67019999 658.67279053
0.67100000 658.82519531
0.67070001 658.97760010
0.67189997 659.13000488
0.67299998 659.28240967
0.67690003 659.43481445
0.67890000 659.58721924
0.68430001 659.73962402
0.68650001 659.89202881
0.68820000 660.04437256
0.69029999 660.19677734
0.68809998 660.34918213
0.69610000 660.50158691
0.70779997 660.65399170
0.72030002 660.80639648
0.73299998 660.95880127
0.74320000 661.11120605
0.75690001 661.26361084
0.77260000 661.41601562
0.79020000 661.56842041
0.80430001 661.72082520
0.81419998 661.87322998
0.82740003 662.02557373
0.84079999 662.17797852
0.84420002 662.33038330
0.84740001 662.48278809
0.84179997 662.63519287
0.83359998 662.78759766
0.81999999 662.94000244
0.80729997 663.09240723
0.79710001 663.24481201
0.78299999 663.39721680
0.77560002 663.54962158
0.76190001 663.70202637
0.75580001 663.85437012
0.74849999 664.00677490
0.73900002 664.15917969
0.73610002 664.31158447
0.73240000 664.46398926
0.73339999 664.61639404
0.74100000 664.76879883
0.74430001 664.92120361
0.75129998 665.07360840
0.75129998 665.22601318
0.75010002 665.37841797
0.74710000 665.53082275
0.74390000 665.68322754
0.73710001 665.83557129
0.73369998 665.98797607
0.72930002 666.14038086
0.72369999 666.29278564
0.72109997 666.44519043
0.71530002 666.59759521
0.71130002 666.75000000
0.70910001 666.90240479
0.70630002 667.05480957
0.70800000 667.20721436
0.71109998 667.35961914
0.71670002 667.51202393
0.72619998 667.66442871
0.74169999 667.81677246
0.74790001 667.96917725
0.75309998 668.12158203
0.75999999 668.27398682
0.76029998 668.42639160
0.75620002 668.57879639
0.76029998 668.73120117
0.76520002 668.88360596
0.77249998 669.03601074
0.78240001 669.18841553
0.78990000 669.34082031
0.78259999 669.49322510
0.78009999 669.64562988
0.77100003 669.79797363
0.76349998 669.95037842
0.75559998 670.10278320
0.75089997 670.25518799
0.74669999 670.40759277
0.75230002 670.55999756
0.76099998 670.71240234
0.77490002 670.86480713
0.78259999 671.01721191
0.79119998 671.16961670
0.79299998 671.32202148
0.77740002 671.47442627
0.75730002 671.62677002
0.74540001 671.77917480
0.73479998 671.93157959
0.72839999 672.08398438
0.72479999 672.23638916
0.71490002 672.38879395
0.70920002 672.54119873
0.70010000 672.69360352
0.68860000 672.84600830
0.67850000 672.99841309
0.67290002 673.15081787
0.67259997 673.30322266
0.66450000 673.45562744
0.66140002 673.60797119
0.65530002 673.76037598
0.64459997 673.91278076
0.64319998 674.06518555
0.64230001 674.21759033
0.64370000 674.36999512
0.64899999 674.52239990
0.65549999 674.67480469
0.66090000 674.82720947
0.66829997 674.97961426
0.67100000 675.13201904
0.67330003 675.28442383
0.67360002 675.43682861
0.67690003 675.58917236
0.68390000 675.74157715
0.68970001 675.89398193
0.69190001 676.04638672
0.69569999 676.19879150
0.69510001 676.35119629
0.69370002 676.50360107
0.69330001 676.65600586
0.69190001 676.80841064
0.69120002 676.96081543
0.69069999 677.11322021
0.68949997 677.26562500
0.68790001 677.41802979
0.68699998 677.57037354
0.68379998 677.72277832
0.68309999 677.87518311
0.68210000 678.02758789
0.68049997 678.17999268
0.68559998 678.33239746
0.69129997 678.48480225
0.69989997 678.63720703
0.70520002 678.78961182
0.71490002 678.94201660
0.72460002 679.09442139
0.73379999 679.24682617
0.74210000 679.39916992
0.74479997 679.55157471
0.76020002 679.70397949
0.76760000 679.85638428
0.77460003 680.00878906
0.77730000 680.16119385
0.76819998 680.31359863
0.75319999 680.46600342
0.73970002 680.61840820
0.72140002 680.77081299
0.70880002 680.92321777
0.70340002 681.07562256
0.70230001 681.22802734
0.70109999 681.38037109
0.70389998 681.53277588
0.71050000 681.68518066
0.71280003 681.83758545
0.71640003 681.98999023
0.71630001 682.14239502
0.72320002 682.29479980
0.73019999 682.44720459
0.73809999 682.59960938
0.74460000 682.75201416
0.74820000 682.90441895
0.75080001 683.05682373
0.74650002 683.20922852
0.73900002 683.36157227
0.74409997 683.51397705
0.74589998 683.66638184
0.75510001 683.81878662
0.76340002 683.97119141
0.77260000 684.12359619
0.77950001 684.27600098
0.78340000 684.42840576
0.78109998 684.58081055
0.77509999 684.73321533
0.76679999 684.88562012
0.75989997 685.03802490
0.74720001 685.19042969
0.72659999 685.34277344
0.71179998 685.49517822
0.69679999 685.64758301
0.68839997 685.79998779
0.67280000 685.95239258
0.66109997 686.10479736
0.64490002 686.25720215
0.63929999 686.40960693
0.63950002 686.56201172
0.64200002 686.71441650
0.64260000 686.86682129
0.64399999 687.01922607
0.64380002 687.17156982
0.63849998 687.32397461
0.63749999 687.47637939
0.63609999 687.62878418
0.63429999 687.78118896
0.63730001 687.93359375
0.64130002 688.08599854
0.64310002 688.23840332
0.64800000 688.39080811
0.64660001 688.54321289
0.64740002 688.69561768
0.64709997 688.84802246
0.64679998 689.00042725
0.64719999 689.15277100
0.64690000 689.30517578
0.64969999 689.45758057
0.65189999 689.60998535
0.65420002 689.76239014
0.66780001 689.91479492
0.68709999 690.06719971
0.69749999 690.21960449
0.70990002 690.37200928
0.72780001 690.52441406
0.75220001 690.67681885
0.77069998 690.82922363
0.79589999 690.98162842
0.80269998 691.13397217
0.80809999 691.28637695
0.80760002 691.43878174
0.79809999 691.59118652
0.78140002 691.74359131
0.76459998 691.89599609
0.74089998 692.04840088
0.72890002 692.20080566
0.71329999 692.35321045
0.70120001 692.50561523
0.68800002 692.65802002
0.67919999 692.81042480
0.67919999 692.96282959
0.67830002 693.11517334
0.67830002 693.26757812
0.67760003 693.41998291
0.67409998 693.57238770
0.66490000 693.72479248
0.65969998 693.87719727
0.65009999 694.02960205
0.64179999 694.18200684
0.64010000 694.33441162
0.64120001 694.48681641
0.64300001 694.63922119
0.64550000 694.79162598
0.64569998 694.94396973
0.64160001 695.09637451
0.63970000 695.24877930
0.63980001 695.40118408
0.64760000 695.55358887
0.65319997 695.70599365
0.67009997 695.85839844
0.70330000 696.01080322
0.72020000 696.16320801
0.73180002 696.31561279
0.74419999 696.46801758
0.74339998 696.62042236
0.73699999 696.77282715
0.72950000 696.92517090
0.71950001 697.07757568
0.71759999 697.22998047
0.71340001 697.38238525
0.70910001 697.53479004
0.70840001 697.68719482
0.70450002 697.83959961
0.70240003 697.99200439
0.70050001 698.14440918
0.69959998 698.29681396
0.70209998 698.44921875
0.70450002 698.60162354
0.70599997 698.75402832
0.70770001 698.90637207
0.69800001 699.05877686
0.68570000 699.21118164
0.67250001 699.36358643
0.66200000 699.51599121
0.64829999 699.66839600
0.64539999 699.82080078
0.64160001 699.97320557
0.63889998 700.12561035
0.63889998 700.27801514
0.63970000 700.43041992
0.64529997 700.58282471
0.64679998 700.73522949
0.64840001 700.88757324
0.64819998 701.03997803
0.64700001 701.19238281
0.64459997 701.34478760
0.64319998 701.49719238
0.64469999 701.64959717
0.64780003 701.80200195
0.65249997 701.95440674
0.65750003 702.10681152
0.66490000 702.25921631
0.67269999 702.41162109
0.68010002 702.56402588
0.69590002 702.71636963
0.71100003 702.86877441
0.71780002 703.02117920
0.73500001 703.17358398
0.73659998 703.32598877
0.74280000 703.47839355
0.74000001 703.63079834
0.72479999 703.78320312
0.70349997 703.93560791
0.68339998 704.08801270
0.66409999 704.24041748
0.66619998 704.39282227
0.66700000 704.54522705
0.66979998 704.69757080
0.67619997 704.84997559
0.68049997 705.00238037
0.68239999 705.15478516
0.68650001 705.30718994
0.68730003 705.45959473
0.68390000 705.61199951
0.68510002 705.76440430
0.67960000 705.91680908
0.67600000 706.06921387
0.67100000 706.22161865
0.66549999 706.37402344
0.66270000 706.52642822
0.66140002 706.67877197
0.66259998 706.83117676
0.66460001 706.98358154
0.66860002 707.13598633
0.67369998 707.28839111
0.68360001 707.44079590
0.69489998 707.59320068
0.70719999 707.74560547
0.71770000 707.89801025
0.74180001 708.05041504
0.74790001 708.20281982
0.76590002 708.35522461
0.77310002 708.50762939
0.77609998 708.65997314
0.77789998 708.81237793
0.77929997 708.96478271
0.77600002 709.11718750
0.78240001 709.26959229
0.78399998 709.42199707
0.78340000 709.57440186
0.77950001 709.72680664
0.75800002 709.87921143
0.74180001 710.03161621
0.71789998 710.18402100
0.70090002 710.33642578
0.68660003 710.48876953
0.67129999 710.64117432
0.65910000 710.79357910
0.65469998 710.94598389
0.65450001 711.09838867
0.65380001 711.25079346
0.65499997 711.40319824
0.65770000 711.55560303
0.65670002 711.70800781
0.66000003 711.86041260
0.66200000 712.01281738
0.66399997 712.16522217
0.66820002 712.31762695
0.66729999 712.46997070
0.66500002 712.62237549
0.66380000 712.77478027
0.65829998 712.92718506
0.64819998 713.07958984
0.64620000 713.23199463
0.64340001 713.38439941
0.64260000 713.53680420
0.64440000 713.68920898
0.64560002 713.84161377
0.64730000 713.99401855
0.65539998 714.14642334
0.66170001 714.29882812
0.67060000 714.45117188
0.67640001 714.60357666
0.68279999 714.75598145
0.68669999 714.90838623
0.70349997 715.06079102
0.71600002 715.21319580
0.73030001 715.36560059
0.74309999 715.51800537
0.75590003 715.67041016
0.76580000 715.82281494
0.77130002 715.97521973
0.75529999 716.12762451
0.74370003 716.28002930
0.71880001 716.43237305
0.68550003 716.58477783
0.66390002 716.73718262
0.63830000 716.88958740
0.61619997 717.04199219
0.60680002 717.19439697
0.59660000 717.34680176
0.58660001 717.49920654
0.58600003 717.65161133
0.58359998 717.80401611
0.58039999 717.95642090
0.57819998 718.10882568
0.57639998 718.26123047
0.57669997 718.41357422
0.57740003 718.56597900
0.58990002 718.71838379
0.59710002 718.87078857
0.60820001 719.02319336
0.61430001 719.17559814
0.62489998 719.32800293
0.63609999 719.48040771
0.65170002 719.63281250
0.66240001 719.78521729
0.68610001 719.93762207
0.69720000 720.09002686
0.71340001 720.24237061
0.72409999 720.39477539
0.72259998 720.54718018
0.71090001 720.69958496
0.70260000 720.85198975
0.68540001 721.00439453
0.65530002 721.15679932
0.63690001 721.30920410
0.62980002 721.46160889
0.61640000 721.61401367
0.60750002 721.76641846
0.60149997 721.91882324
0.59189999 722.07122803
0.59160000 722.22357178
0.59100002 722.37597656
0.59700000 722.52838135
0.60570002 722.68078613
0.61339998 722.83319092
0.62110001 722.98559570
0.62250000 723.13800049
0.62379998 723.29040527
0.62210000 723.44281006
0.61930001 723.59521484
0.61650002 723.74761963
0.61500001 723.90002441
0.61479998 724.05242920
0.61409998 724.20477295
0.61470002 724.35717773
0.61299998 724.50958252
0.61119998 724.66198730
0.60900003 724.81439209
0.60759997 724.96679688
0.60450000 725.11920166
0.60180002 725.27160645
0.59939998 725.42401123
0.59789997 725.57641602
0.59810001 725.72882080
0.59729999 725.88122559
0.59710002 726.03363037
0.60149997 726.18597412
0.60500002 726.33837891
0.60689998 726.49078369
0.61000001 726.64318848
0.61119998 726.79559326
0.61220002 726.94799805
0.61690003 727.10040283
0.61940002 727.25280762
0.62650001 727.40521240
0.63080001 727.55761719
0.63489997 727.71002197
0.63980001 727.86242676
0.64359999 728.01477051
0.64760000 728.16717529
0.65179998 728.31958008
0.65619999 728.47198486
0.65890002 728.62438965
0.66020000 728.77679443
0.67049998 728.92919922
0.67619997 729.08160400
0.68349999 729.23400879
0.68730003 729.38641357
0.68879998 729.53881836
0.68790001 729.69122314
0.68589997 729.84362793
0.68409997 729.99597168
0.67830002 730.14837646
0.67760003 730.30078125
0.67500001 730.45318604
0.67250001 730.60559082
0.67280000 730.75799561
0.67070001 730.91040039
0.66970003 731.06280518
0.66610003 731.21520996
0.67269999 731.36761475
0.66720003 731.52001953
0.66570002 731.67242432
0.66640002 731.82482910
0.66649997 731.97717285
0.66890001 732.12957764
0.67150003 732.28198242
0.67390001 732.43438721
0.67919999 732.58679199
0.68220001 732.73919678
0.68460000 732.89160156
0.68339998 733.04400635
0.67540002 733.19641113
0.66850001 733.34881592
0.66460001 733.50122070
0.66189998 733.65362549
0.66109997 733.80603027
0.65210003 733.95837402
0.63840002 734.11077881
0.62599999 734.26318359
0.61479998 734.41558838
0.60920000 734.56799316
0.60409999 734.72039795
0.60240000 734.87280273
0.60280001 735.02520752
0.60259998 735.17761230
0.60270000 735.33001709
0.59990001 735.48242188
0.59700000 735.63482666
0.59590000 735.78717041
0.59869999 735.93957520
0.60360003 736.09197998
0.61129999 736.24438477
0.61540002 736.39678955
0.61780000 736.54919434
0.62739998 736.70159912
0.63450003 736.85400391
0.64690000 737.00640869
0.65850002 737.15881348
0.66710001 737.31121826
0.67030001 737.46362305
0.67100000 737.61602783
0.66930002 737.76837158
0.67049998 737.92077637
0.66979998 738.07318115
0.66890001 738.22558594
0.66799998 738.37799072
0.66210002 738.53039551
0.65410000 738.68280029
0.64700001 738.83520508
0.63480002 738.98760986
0.61830002 739.14001465
0.61699998 739.29241943
0.61460000 739.44482422
0.61610001 739.59722900
0.61699998 739.74957275
0.62290001 739.90197754
0.62800002 740.05438232
0.63789999 740.20678711
0.64249998 740.35919189
0.65149999 740.51159668
0.65740001 740.66400146
0.65930003 740.81640625
0.67540002 740.96881104
0.67890000 741.12121582
0.67460001 741.27362061
0.67470002 741.42602539
0.67129999 741.57843018
0.66119999 741.73077393
0.65520000 741.88317871
0.64359999 742.03558350
0.63319999 742.18798828
0.62559998 742.34039307
0.61180001 742.49279785
0.60769999 742.64520264
0.60259998 742.79760742
0.59560001 742.95001221
0.59050000 743.10241699
0.58490002 743.25482178
0.58340001 743.40722656
0.57849997 743.55957031
0.57770002 743.71197510
0.58149999 743.86437988
0.58670002 744.01678467
0.59490001 744.16918945
0.59619999 744.32159424
0.59670001 744.47399902
0.59869999 744.62640381
0.59840000 744.77880859
0.59759998 744.93121338
0.60060000 745.08361816
0.59399998 745.23602295
0.59240001 745.38842773
0.59090000 745.54077148
0.58929998 745.69317627
0.58780003 745.84558105
0.58780003 745.99798584
0.59469998 746.15039062
0.59680003 746.30279541
0.59429997 746.45520020
0.59619999 746.60760498
0.59649998 746.76000977
0.59799999 746.91241455
0.60350001 747.06481934
0.60740000 747.21722412
0.61299998 747.36962891
0.61989999 747.52197266
0.62349999 747.67437744
0.62709999 747.82678223
0.62940001 747.97918701
0.63249999 748.13159180
0.63090003 748.28399658
0.62519997 748.43640137
0.61879998 748.58880615
0.61470002 748.74121094
0.61040002 748.89361572
0.60979998 749.04602051
0.61040002 749.19842529
0.61390001 749.35083008
0.61629999 749.50317383
0.61989999 749.65557861
0.62779999 749.80798340
0.63870001 749.96038818
0.65609998 750.11279297
0.67780000 750.26519775
0.68140000 750.41760254
0.68669999 750.57000732
0.68580002 750.72241211
0.68629998 750.87481689
0.68599999 751.02722168
0.68110001 751.17962646
0.67890000 751.33197021
0.66979998 751.48437500
0.65910000 751.63677979
0.64300001 751.78918457
0.63319999 751.94158936
0.61960000 752.09399414
0.61180001 752.24639893
0.60240000 752.39880371
0.60009998 752.55120850
0.59369999 752.70361328
0.59600002 752.85601807
0.61009997 753.00842285
0.61940002 753.16082764
0.62790000 753.31317139
0.63830000 753.46557617
0.64429998 753.61798096
0.65289998 753.77038574
0.66140002 753.92279053
0.66909999 754.07519531
0.67009997 754.22760010
0.66799998 754.38000488
0.66109997 754.53240967
0.65579998 754.68481445
0.65329999 754.83721924
0.64950001 754.98962402
0.65020001 755.14202881
0.64609998 755.29437256
0.63129997 755.44677734
0.63630003 755.59918213
0.63260001 755.75158691
0.62709999 755.90399170
0.62309998 756.05639648
0.61750001 756.20880127
0.61159998 756.36120605
0.60720003 756.51361084
0.59890002 756.66601562
0.59160000 756.81842041
0.58789998 756.97082520
0.58420002 757.12322998
0.58170003 757.27557373
0.58160001 757.42797852
0.58029997 757.58038330
0.57969999 757.73278809
0.57940000 757.88519287
0.57529998 758.03759766
0.58939999 758.19000244
0.61940002 758.34240723
0.62230003 758.49481201
0.62239999 758.64721680
0.61839998 758.79962158
0.61830002 758.95202637
0.61650002 759.10437012
0.61470002 759.25677490
0.61460000 759.40917969
0.61379999 759.56158447
0.60820001 759.71398926
0.60339999 759.86639404
0.60180002 760.01879883
0.58600003 760.17120361
0.58389997 760.32360840
0.58050001 760.47601318
0.57749999 760.62841797
0.57300001 760.78082275
0.57059997 760.93322754
0.56819999 761.08557129
0.56680000 761.23797607
0.56779999 761.39038086
0.56970000 761.54278564
0.57539999 761.69519043
0.58219999 761.84759521
0.59050000 762.00000000
0.59520000 762.15240479
0.59920001 762.30480957
0.60460001 762.45721436
0.60689998 762.60961914
0.60839999 762.76202393
0.60769999 762.91442871
0.60610002 763.06677246
0.60729998 763.21917725
0.61009997 763.37158203
0.61500001 763.52398682
0.61940002 763.67639160
0.62500000 763.82879639
0.62559998 763.98120117
0.62919998 764.13360596
0.62919998 764.28601074
0.63919997 764.43841553
0.65310001 764.59082031
0.66250002 764.74322510
0.66100001 764.89562988
0.66270000 765.04797363
0.65930003 765.20037842
0.65249997 765.35278320
0.64440000 765.50518799
0.63959998 765.65759277
0.63830000 765.80999756
0.63630003 765.96240234
0.63450003 766.11480713
0.63139999 766.26721191
0.62169999 766.41961670
0.61040002 766.57202148
0.60290003 766.72442627
0.59689999 766.87677002
0.59329998 767.02917480
0.58700001 767.18157959
0.58579999 767.33398438
0.58670002 767.48638916
0.58859998 767.63879395
0.59030002 767.79119873
0.59350002 767.94360352
0.59689999 768.09600830
0.60079998 768.24841309
0.60200000 768.40081787
0.60740000 768.55322266
0.60689998 768.70562744
0.60659999 768.85797119
0.60509998 769.01037598
0.60079998 769.16278076
0.59509999 769.31518555
0.58300000 769.46759033
0.58300000 769.61999512
0.57840002 769.77239990
0.57789999 769.92480469
0.57569999 770.07720947
0.57340002 770.22961426
0.57249999 770.38201904
0.56709999 770.53442383
0.56410003 770.68682861
0.56169999 770.83917236
0.55720001 770.99157715
0.55010003 771.14398193
0.54869998 771.29638672
0.54650003 771.44879150
0.54710001 771.60119629
0.55040002 771.75360107
0.55320001 771.90600586
0.55699998 772.05841064
0.56150001 772.21081543
0.56569999 772.36322021
0.57620001 772.51562500
0.58340001 772.66802979
0.58730000 772.82037354
0.58600003 772.97277832
0.58249998 773.12518311
0.57990003 773.27758789
0.58170003 773.42999268
0.58649999 773.58239746
0.59170002 773.73480225
0.60070002 773.88720703
0.61220002 774.03961182
0.63410002 774.19201660
0.64060003 774.34442139
0.64880002 774.49682617
0.65179998 774.64916992
0.64480001 774.80157471
0.64050001 774.95397949
0.63620001 775.10638428
0.63020003 775.25878906
0.63069999 775.41119385
0.63169998 775.56359863
0.64219999 775.71600342
0.65509999 775.86840820
0.66850001 776.02081299
0.66979998 776.17321777
0.67189997 776.32562256
0.66600001 776.47802734
0.66320002 776.63037109
0.65969998 776.78277588
0.66549999 776.93518066
0.66720003 777.08758545
0.66720003 777.23999023
0.66600001 777.39239502
0.65319997 777.54479980
0.65280002 777.69720459
0.64649999 777.84960938
0.64620000 778.00201416
0.65410000 778.15441895
0.66189998 778.30682373
0.67510003 778.45922852
0.68349999 778.61157227
0.68790001 778.76397705
0.67860001 778.91638184
0.67430001 779.06878662
0.66039997 779.22119141
0.64670002 779.37359619
0.63380003 779.52600098
0.61930001 779.67840576
0.60439998 779.83081055
0.59050000 779.98321533
0.58370000 780.13562012
0.57700002 780.28802490
0.57380003 780.44042969
0.56819999 780.59277344
0.56660002 780.74517822
0.56529999 780.89758301
0.56290001 781.04998779
0.56379998 781.20239258
0.56470001 781.35479736
0.56620002 781.50720215
0.56819999 781.65960693
0.57450002 781.81201172
0.57990003 781.96441650
0.59179997 782.11682129
0.60699999 782.26922607
0.63180000 782.42156982
0.63980001 782.57397461
0.66490000 782.72637939
0.67510003 782.87878418
0.68000001 783.03118896
0.68820000 783.18359375
0.69260001 783.33599854
0.69180000 783.48840332
0.69160002 783.64080811
0.68900001 783.79321289
0.68720001 783.94561768
0.69250000 784.09802246
0.69410002 784.25042725
0.70090002 784.40277100
0.70279998 784.55517578
0.70539999 784.70758057
0.70480001 784.85998535
0.69880003 785.01239014
0.69859999 785.16479492
0.69540000 785.31719971
0.69760001 785.46960449
0.69929999 785.62200928
0.69809997 785.77441406
0.70029998 785.92681885
0.69900000 786.07922363
0.69749999 786.23162842
0.69830000 786.38397217
0.70120001 786.53637695
0.68500000 786.68878174
0.67210001 786.84118652
0.65649998 786.99359131
0.64560002 787.14599609
0.64609998 787.29840088
0.63840002 787.45080566
0.64080000 787.60321045
0.64010000 787.75561523
0.63770002 787.90802002
0.62980002 788.06042480
0.62019998 788.21282959
0.61710000 788.36517334
0.60740000 788.51757812
0.60229999 788.66998291
0.59799999 788.82238770
0.59200001 788.97479248
0.58579999 789.12719727
0.57990003 789.27960205
0.57110000 789.43200684
0.56099999 789.58441162
0.54879999 789.73681641
0.54589999 789.88922119
0.54500002 790.04162598
0.54479998 790.19396973
0.54500002 790.34637451
0.54540002 790.49877930
0.54710001 790.65118408
0.55019999 790.80358887
0.55720001 790.95599365
0.56480002 791.10839844
0.57300001 791.26080322
0.58639997 791.41320801
0.59920001 791.56561279
0.61040002 791.71801758
0.61930001 791.87042236
0.62349999 792.02282715
0.62330002 792.17517090
0.62410003 792.32757568
0.62580001 792.47998047
0.62709999 792.63238525
0.62980002 792.78479004
0.62949997 792.93719482
0.62819999 793.08959961
0.62470001 793.24200439
0.61570001 793.39440918
0.60659999 793.54681396
0.59770000 793.69921875
0.59240001 793.85162354
0.59280002 794.00402832
0.59259999 794.15637207
0.59299999 794.30877686
0.59219998 794.46118164
0.59050000 794.61358643
0.58950001 794.76599121
0.58670002 794.91839600
0.58329999 795.07080078
0.58130002 795.22320557
0.57679999 795.37561035
0.57620001 795.52801514
0.57529998 795.68041992
0.57730001 795.83282471
0.57800001 795.98522949
0.57959998 796.13757324
0.57940000 796.28997803
0.57950002 796.44238281
0.58469999 796.59478760
0.58929998 796.74719238
0.60450000 796.89959717
0.61400002 797.05200195
0.62169999 797.20440674
0.63090003 797.35681152
0.64219999 797.50921631
0.65240002 797.66162109
0.66009998 797.81402588
0.67060000 797.96636963
0.68059999 798.11877441
0.68349999 798.27117920
0.68489999 798.42358398
0.69169998 798.57598877
0.69239998 798.72839355
0.70069999 798.88079834
0.70459998 799.03320312
0.70510000 799.18560791
0.70749998 799.33801270
0.69940001 799.49041748
0.69599998 799.64282227
0.69459999 799.79522705
0.68730003 799.94757080
0.68480003 800.09997559
0.68040001 800.25238037
0.67979997 800.40478516
0.68430001 800.55718994
0.68940002 800.70959473
0.70459998 800.86199951
0.71899998 801.01440430
0.71990001 801.16680908
0.71350002 801.31921387
0.70880002 801.47161865
0.70130002 801.62402344
0.69319999 801.77642822
0.69180000 801.92877197
0.69099998 802.08117676
0.69450003 802.23358154
0.69540000 802.38598633
0.69630003 802.53839111
0.69900000 802.69079590
0.69849998 802.84320068
0.68919998 802.99560547
0.68660003 803.14801025
0.67409998 803.30041504
0.66630000 803.45281982
0.66299999 803.60522461
0.65210003 803.75762939
0.64380002 803.90997314
0.63970000 804.06237793
0.63789999 804.21478271
0.63900000 804.36718750
0.63840002 804.51959229
0.64010000 804.67199707
0.64160001 804.82440186
0.64240003 804.97680664
0.64200002 805.12921143
0.64639997 805.28161621
0.65050000 805.43402100
0.65069997 805.58642578
0.65270001 805.73876953
0.65230000 805.89117432
0.65120000 806.04357910
0.65399998 806.19598389
0.65410000 806.34838867
0.66030002 806.50079346
0.66630000 806.65319824
0.66540003 806.80560303
0.66579998 806.95800781
0.66009998 807.11041260
0.65319997 807.26281738
0.64289999 807.41522217
0.63559997 807.56762695
0.62599999 807.71997070
0.62230003 807.87237549
0.61790001 808.02478027
0.61479998 808.17718506
0.60909998 808.32958984
0.60149997 808.48199463
0.59480000 808.63439941
0.58850002 808.78680420
0.58440000 808.93920898
0.58679998 809.09161377
0.58550000 809.24401855
0.59100002 809.39642334
0.59960002 809.54882812
0.60049999 809.70117188
0.60229999 809.85357666
0.60610002 810.00598145
0.61070001 810.15838623
0.61570001 810.31079102
0.61440003 810.46319580
0.61640000 810.61560059
0.61600000 810.76800537
0.61260003 810.92041016
0.61299998 811.07281494
0.60229999 811.22521973
0.59609997 811.37762451
0.59369999 811.53002930
0.59069997 811.68237305
0.59079999 811.83477783
0.59840000 811.98718262
0.60799998 812.13958740
0.61720002 812.29199219
0.62610000 812.44439697
0.63190001 812.59680176
0.63749999 812.74920654
0.65740001 812.90161133
0.68460000 813.05401611
0.69830000 813.20642090
0.70499998 813.35882568
0.70400000 813.51123047
0.69480002 813.66357422
0.70840001 813.81597900
0.71120000 813.96838379
0.73110002 814.12078857
0.75669998 814.27319336
0.77209997 814.42559814
0.78090000 814.57800293
0.77950001 814.73040771
0.77649999 814.88281250
0.77300000 815.03521729
0.76789999 815.18762207
0.76580000 815.34002686
0.75849998 815.49237061
0.75590003 815.64477539
0.75349998 815.79718018
0.74839997 815.94958496
0.74390000 816.10198975
0.74049997 816.25439453
0.73890001 816.40679932
0.73670000 816.55920410
0.73589998 816.71160889
0.73619998 816.86401367
0.73619998 817.01641846
0.73519999 817.16882324
0.72890002 817.32122803
0.71969998 817.47357178
0.71370000 817.62597656
0.71219999 817.77838135
0.71300000 817.93078613
0.71619999 818.08319092
0.71300000 818.23559570
0.70969999 818.38800049
0.69970000 818.54040527
0.68330002 818.69281006
0.67460001 818.84521484
0.67409998 818.99761963
0.68129998 819.15002441
0.70010000 819.30242920
0.72570002 819.45477295
0.73280001 819.60717773
0.74510002 819.75958252
0.74610001 819.91198730
0.74290001 820.06439209
0.73519999 820.21679688
0.73199999 820.36920166
0.72729999 820.52160645
0.72439998 820.67401123
0.72810000 820.82641602
0.71910000 820.97882080
0.71289998 821.13122559
0.71310002 821.28363037
0.70760000 821.43597412
0.71340001 821.58837891
0.71859998 821.74078369
0.71730000 821.89318848
0.71700001 822.04559326
0.71300000 822.19799805
0.70279998 822.35040283
0.69819999 822.50280762
0.69000000 822.65521240
0.68309999 822.80761719
0.67680001 822.96002197
0.67460001 823.11242676
0.67650002 823.26477051
0.67680001 823.41717529
0.68019998 823.56958008
0.68300003 823.72198486
0.68660003 823.87438965
0.68540001 824.02679443
0.67820001 824.17919922
0.66920000 824.33160400
0.66769999 824.48400879
0.66670001 824.63641357
0.67220002 824.78881836
0.67909998 824.94122314
0.68529999 825.09362793
0.69050002 825.24597168
0.69529998 825.39837646
0.69410002 825.55078125
0.69419998 825.70318604
0.69050002 825.85559082
0.69400001 826.00799561
0.69809997 826.16040039
0.70029998 826.31280518
0.70580000 826.46520996
0.70580000 826.61761475
0.70340002 826.77001953
0.69999999 826.92242432
0.69679999 827.07482910
0.69400001 827.22717285
0.69029999 827.37957764
0.68699998 827.53198242
0.68290001 827.68438721
0.68400002 827.83679199
0.68919998 827.98919678
0.69120002 828.14160156
0.69819999 828.29400635
0.70020002 828.44641113
0.69419998 828.59881592
0.69910002 828.75122070
0.69970000 828.90362549
0.70039999 829.05603027
0.71480000 829.20837402
0.71689999 829.36077881
0.72420001 829.51318359
0.72570002 829.66558838
0.73170000 829.81799316
0.73549998 829.97039795
0.73570001 830.12280273
0.74159998 830.27520752
0.74030000 830.42761230
0.74150002 830.58001709
0.73970002 830.73242188
0.73809999 830.88482666
0.73479998 831.03717041
0.72899997 831.18957520
0.72659999 831.34197998
0.72259998 831.49438477
0.72340000 831.64678955
0.72399998 831.79919434
0.72439998 831.95159912
0.72100002 832.10400391
0.71880001 832.25640869
0.71230000 832.40881348
0.71810001 832.56121826
0.71899998 832.71362305
0.72109997 832.86602783
0.72369999 833.01837158
0.72340000 833.17077637
0.72320002 833.32318115
0.72259998 833.47558594
0.72740000 833.62799072
0.73589998 833.78039551
0.74129999 833.93280029
0.74360001 834.08520508
0.74150002 834.23760986
0.73850000 834.39001465
0.73400003 834.54241943
0.72149998 834.69482422
0.71719998 834.84722900
0.71539998 834.99957275
0.71329999 835.15197754
0.71170002 835.30438232
0.72670001 835.45678711
0.72990000 835.60919189
0.74199998 835.76159668
0.74599999 835.91400146
0.75089997 836.06640625
0.75840002 836.21881104
0.75680000 836.37121582
0.75430000 836.52362061
0.75349998 836.67602539
0.75370002 836.82843018
0.75120002 836.98077393
0.75260001 837.13317871
0.75019997 837.28558350
0.74169999 837.43798828
0.73079997 837.59039307
0.72140002 837.74279785
0.70599997 837.89520264
0.69849998 838.04760742
0.69160002 838.20001221
0.69059998 838.35241699
0.69250000 838.50482178
0.69510001 838.65722656
0.70160002 838.80957031
0.70590001 838.96197510
0.71139997 839.11437988
0.71259999 839.26678467
0.71300000 839.41918945
0.71530002 839.57159424
0.71700001 839.72399902
0.71840000 839.87640381
0.71380001 840.02880859
0.71210003 840.18121338
0.70920002 840.33361816
0.70779997 840.48602295
0.72320002 840.63842773
0.73170000 840.79077148
0.74839997 840.94317627
0.75379997 841.09558105
0.74629998 841.24798584
0.74169999 841.40039062
0.74010003 841.55279541
0.72259998 841.70520020
0.72060001 841.85760498
0.71649998 842.01000977
0.71689999 842.16241455
0.71689999 842.31481934
0.71920002 842.46722412
0.72229999 842.61962891
0.72079998 842.77197266
0.71259999 842.92437744
0.70169997 843.07678223
0.68669999 843.22918701
0.67019999 843.38159180
0.66030002 843.53399658
0.65280002 843.68640137
0.65530002 843.83880615
0.67460001 843.99121094
0.68500000 844.14361572
0.68940002 844.29602051
0.69360000 844.44842529
0.69620001 844.60083008
0.71139997 844.75317383
0.71929997 844.90557861
0.72920001 845.05798340
0.72430003 845.21038818
0.70920002 845.36279297
0.69859999 845.51519775
0.68489999 845.66760254
0.68150002 845.82000732
0.68629998 845.97241211
0.69260001 846.12481689
0.70010000 846.27722168
0.71600002 846.42962646
0.72340000 846.58197021
0.72839999 846.73437500
0.73629999 846.88677979
0.72350001 847.03918457
0.70789999 847.19158936
0.69199997 847.34399414
0.68059999 847.49639893
0.68430001 847.64880371
0.69690001 847.80120850
0.70959997 847.95361328
0.71030003 848.10601807
0.71600002 848.25842285
0.71420002 848.41082764
0.70630002 848.56317139
0.70459998 848.71557617
0.69419998 848.86798096
0.68720001 849.02038574
0.68099999 849.17279053
0.67180002 849.32519531
0.67140001 849.47760010
0.66780001 849.63000488
0.66159999 849.78240967
0.65969998 849.93481445
0.65899998 850.08721924
0.65689999 850.23962402
0.66000003 850.39202881
0.66060001 850.54437256
0.65829998 850.69677734
0.64950001 850.84918213
0.63919997 851.00158691
0.61989999 851.15399170
0.61250001 851.30639648
0.60650003 851.45880127
0.60829997 851.61120605
0.61049998 851.76361084
0.61409998 851.91601562
0.61949998 852.06842041
0.62510002 852.22082520
0.63520002 852.37322998
0.63840002 852.52557373
0.64370000 852.67797852
0.64459997 852.83038330
0.63870001 852.98278809
0.63080001 853.13519287
0.61890000 853.28759766
0.60960001 853.44000244
0.60329998 853.59240723
0.59270000 853.74481201
0.58700001 853.89721680
0.57959998 854.04962158
0.58219999 854.20202637
0.58410001 854.35437012
0.59109998 854.50677490
0.60089999 854.65917969
0.60939997 854.81158447
0.61750001 854.96398926
0.63099998 855.11639404
0.63940001 855.26879883
0.65020001 855.42120361
0.65499997 855.57360840
0.65789998 855.72601318
0.65820003 855.87841797
0.65710002 856.03082275
0.65799999 856.18322754
0.66259998 856.33557129
0.66710001 856.48797607
0.67970002 856.64038086
0.68739998 856.79278564
0.69770002 856.94519043
0.69270003 857.09759521
0.68629998 857.25000000
0.67780000 857.40240479
0.66640002 857.55480957
0.65149999 857.70721436
0.64389998 857.85961914
0.63520002 858.01202393
0.63150001 858.16442871
0.63160002 858.31677246
0.63459998 858.46917725
0.63959998 858.62158203
0.65469998 858.77398682
0.66799998 858.92639160
0.67909998 859.07879639
0.69000000 859.23120117
0.68709999 859.38360596
0.68190002 859.53601074
0.67839998 859.68841553
0.66780001 859.84082031
0.65890002 859.99322510
0.64590001 860.14562988
0.63169998 860.29797363
0.60380000 860.45037842
0.59719998 860.60278320
0.59079999 860.75518799
0.58620000 860.90759277
0.58990002 861.05999756
0.59640002 861.21240234
0.60140002 861.36480713
0.60970002 861.51721191
0.62550002 861.66961670
0.64510000 861.82202148
0.68760002 861.97442627
0.70270002 862.12677002
0.72119999 862.27917480
0.73400003 862.43157959
0.73589998 862.58398438
0.74180001 862.73638916
0.74409997 862.88879395
0.74659997 863.04119873
0.74930000 863.19360352
0.75510001 863.34600830
0.75760001 863.49841309
0.76050001 863.65081787
0.76370001 863.80322266
0.76770002 863.95562744
0.75150001 864.10797119
0.74150002 864.26037598
0.72869998 864.41278076
0.72509998 864.56518555
0.72070003 864.71759033
0.72219998 864.86999512
0.73460001 865.02239990
0.74030000 865.17480469
0.75160003 865.32720947
0.75330001 865.47961426
0.75840002 865.63201904
0.74710000 865.78442383
0.72740000 865.93682861
0.70870000 866.08917236
0.69790000 866.24157715
0.68839997 866.39398193
0.69150001 866.54638672
0.70209998 866.69879150
0.72390002 866.85119629
0.74470001 867.00360107
0.76450002 867.15600586
0.76359999 867.30841064
0.75680000 867.46081543
0.74750000 867.61322021
0.73689997 867.76562500
0.72600001 867.91802979
0.72280002 868.07037354
0.72530001 868.22277832
0.73909998 868.37518311
0.75169998 868.52758789
0.75739998 868.67999268
0.76969999 868.83239746
0.78700000 868.98480225
0.79049999 869.13720703
0.79500002 869.28961182
0.79830003 869.44201660
0.79409999 869.59442139
0.79299998 869.74682617
0.78539997 869.89916992
0.79110003 870.05157471
0.79250002 870.20397949
0.79939997 870.35638428
0.80800003 870.50878906
0.81169999 870.66119385
0.80820000 870.81359863
0.80419999 870.96600342
0.79149997 871.11840820
0.79049999 871.27081299
0.78549999 871.42321777
0.79250002 871.57562256
0.80059999 871.72802734
0.80680001 871.88037109
0.81690001 872.03277588
0.82010001 872.18518066
0.82220000 872.33758545
0.82599998 872.48999023
0.82740003 872.64239502
0.83910000 872.79479980
0.84520000 872.94720459
0.84960002 873.09960938
0.85089999 873.25201416
0.83740002 873.40441895
0.82800001 873.55682373
0.81400001 873.70922852
0.79020000 873.86157227
0.78320003 874.01397705
0.78149998 874.16638184
0.77679998 874.31878662
0.78109998 874.47119141
0.80390000 874.62359619
0.82020003 874.77600098
0.82040000 874.92840576
0.81809998 875.08081055
0.80940002 875.23321533
0.79659998 875.38562012
0.80610001 875.53802490
0.81000000 875.69042969
0.84030002 875.84277344
0.86280000 875.99517822
0.87629998 876.14758301
0.88580000 876.29998779
0.88980001 876.45239258
0.88650000 876.60479736
0.88059998 876.75720215
0.86449999 876.90960693
0.85619998 877.06201172
0.82990003 877.21441650
0.81940001 877.36682129
0.80720001 877.51922607
0.79360002 877.67156982
0.78609997 877.82397461
0.77539998 877.97637939
0.76550001 878.12878418
0.75430000 878.28118896
0.73339999 878.43359375
0.71429998 878.58599854
0.69870001 878.73840332
0.69010001 878.89080811
0.67989999 879.04321289
0.67790002 879.19561768
0.68650001 879.34802246
0.69660002 879.50042725
0.71120000 879.65277100
0.72229999 879.80517578
0.72990000 879.95758057
0.73290002 880.10998535
0.73509997 880.26239014
0.73909998 880.41479492
0.74479997 880.56719971
0.74760002 880.71960449
0.73930001 880.87200928
0.73439997 881.02441406
0.71850002 881.17681885
0.68779999 881.32922363
0.66000003 881.48162842
0.62910002 881.63397217
0.60089999 881.78637695
0.58219999 881.93878174
0.57880002 882.09118652
0.57169998 882.24359131
0.56250000 882.39599609
0.55809999 882.54840088
0.55239999 882.70080566
0.55260003 882.85321045
0.55620003 883.00561523
0.56639999 883.15802002
0.58870000 883.31042480
0.60710001 883.46282959
0.61440003 883.61517334
0.62760001 883.76757812
0.62769997 883.91998291
0.64980000 884.07238770
0.65969998 884.22479248
0.66750002 884.37719727
0.66479999 884.52960205
0.66490000 884.68200684
0.65880001 884.83441162
0.64740002 884.98681641
0.64090002 885.13922119
0.63779998 885.29162598
0.62730002 885.44396973
0.62169999 885.59637451
0.61739999 885.74877930
0.61710000 885.90118408
0.62000000 886.05358887
0.62980002 886.20599365
0.63870001 886.35839844
0.63980001 886.51080322
0.64139998 886.66320801
0.63889998 886.81561279
0.63429999 886.96801758
0.63270003 887.12042236
0.63239998 887.27282715
0.63410002 887.42517090
0.63739997 887.57757568
0.64080000 887.72998047
0.64179999 887.88238525
0.64249998 888.03479004
0.64459997 888.18719482
0.64150000 888.33959961
0.64219999 888.49200439
0.64120001 888.64440918
0.64319998 888.79681396
0.64910001 888.94921875
0.65509999 889.10162354
0.65579998 889.25402832
0.66079998 889.40637207
0.65340000 889.55877686
0.64889997 889.71118164
0.64870000 889.86358643
0.64459997 890.01599121
0.65450001 890.16839600
0.66090000 890.32080078
0.66549999 890.47320557
0.66610003 890.62561035
0.66350001 890.77801514
0.64429998 890.93041992
0.62959999 891.08282471
0.61440003 891.23522949
0.60360003 891.38757324
0.59799999 891.53997803
0.59799999 891.69238281
0.59890002 891.84478760
0.60049999 891.99719238
0.60630000 892.14959717
0.61189997 892.30200195
0.62250000 892.45440674
0.63360000 892.60681152
0.64209998 892.75921631
0.64319998 892.91162109
0.64300001 893.06402588
0.64160001 893.21636963
0.63609999 893.36877441
0.63099998 893.52117920
0.62620002 893.67358398
0.61080003 893.82598877
0.59979999 893.97839355
0.58969998 894.13079834
0.58480000 894.28320312
0.57300001 894.43560791
0.56999999 894.58801270
0.56629997 894.74041748
0.56120002 894.89282227
0.56190002 895.04522705
0.55949998 895.19757080
0.56269997 895.34997559
0.56269997 895.50238037
