478.39419556 343.96679688
478.59921265 344.11920166
478.88848877 344.27160645
479.09869385 344.42401123
479.29440308 344.57638550
479.48080444 344.72879028
479.86669922 344.88119507
480.25650024 345.03359985
480.47109985 345.18600464
480.51251221 345.33840942
480.54589844 345.49081421
480.54098511 345.64318848
480.51419067 345.79559326
480.51388550 345.94799805
480.40109253 346.10040283
480.48590088 346.25280762
481.07620239 346.40521240
481.30621338 346.55758667
481.45410156 346.70999146
481.62210083 346.86239624
481.82540894 347.01480103
482.13290405 347.16720581
482.61730957 347.31961060
483.07009888 347.47198486
483.31188965 347.62438965
483.42730713 347.77679443
483.48611450 347.92919922
483.50460815 348.08160400
483.51229858 348.23400879
483.51699829 348.38641357
483.53170776 348.53878784
483.57159424 348.69119263
483.77090454 348.84359741
484.32650757 348.99600220
485.14340210 349.14840698
485.71469116 349.30081177
486.20339966 349.45318604
486.49789429 349.60559082
486.70330811 349.75799561
486.79238892 349.91040039
486.85159302 350.06280518
486.88351440 350.21520996
486.90521240 350.36761475
486.92749023 350.51998901
486.95748901 350.67239380
487.15719604 350.82479858
487.75048828 350.97720337
488.20660400 351.12960815
488.43389893 351.28201294
488.65240479 351.43438721
489.05929565 351.58679199
489.40829468 351.73919678
489.55499268 351.89160156
489.66650391 352.04400635
489.75430298 352.19641113
489.81799316 352.34878540
489.89129639 352.50119019
490.10119629 352.65359497
490.32931519 352.80599976
490.60049438 352.95840454
490.88479614 353.11080933
491.22210693 353.26321411
491.42568970 353.41558838
491.66799927 353.56799316
491.83999634 353.72039795
491.92819214 353.87280273
492.05310059 354.02520752
492.20941162 354.17761230
492.37319946 354.32998657
492.54400635 354.48239136
492.76470947 354.63479614
492.94158936 354.78720093
493.07189941 354.93960571
493.31228638 355.09201050
493.58020020 355.24438477
493.69879150 355.39678955
493.81039429 355.54919434
494.01431274 355.70159912
494.17068481 355.85400391
494.31790161 356.00640869
494.48208618 356.15881348
494.69519043 356.31118774
495.01690674 356.46359253
495.41900635 356.61599731
496.19400024 356.76840210
496.63479614 356.92080688
496.99108887 357.07321167
497.30789185 357.22558594
497.50500488 357.37799072
497.75909424 357.53039551
498.06329346 357.68280029
498.53549194 357.83520508
498.96520996 357.98760986
499.34240723 358.14001465
499.65701294 358.29238892
499.85260010 358.44479370
500.20208740 358.59719849
500.39999390 358.74960327
500.64181519 358.90200806
500.81539917 359.05441284
500.95458984 359.20678711
501.06750488 359.35919189
501.17239380 359.51159668
501.25030518 359.66400146
501.39559937 359.81640625
501.84140015 359.96881104
502.01568604 360.12118530
502.31060791 360.27359009
502.45471191 360.42599487
502.63031006 360.57839966
502.74301147 360.73080444
502.92120361 360.88320923
503.10729980 361.03561401
503.29269409 361.18798828
503.46499634 361.34039307
503.54589844 361.49279785
503.68218994 361.64520264
504.14581299 361.79760742
504.64810181 361.95001221
505.22729492 362.10238647
505.64651489 362.25479126
505.89941406 362.40719604
506.11358643 362.55960083
506.30639648 362.71200562
506.47790527 362.86441040
506.63128662 363.01681519
506.85659790 363.16918945
507.07589722 363.32159424
507.25000000 363.47399902
507.40771484 363.62640381
507.56271362 363.77880859
507.77288818 363.93121338
507.92349243 364.08358765
508.07681274 364.23599243
508.16421509 364.38839722
508.21578979 364.54080200
508.27578735 364.69320679
508.32800293 364.84561157
508.42471313 364.99798584
508.60729980 365.15039062
509.25048828 365.30279541
509.54290771 365.45520020
509.72659302 365.60760498
509.94488525 365.76000977
510.14099121 365.91241455
510.39208984 366.06478882
510.63299561 366.21719360
510.93038940 366.36959839
511.27328491 366.52200317
511.66149902 366.67440796
511.90280151 366.82681274
512.04998779 366.97918701
512.14337158 367.13159180
512.19012451 367.28399658
512.22827148 367.43640137
512.26367188 367.58880615
512.30047607 367.74121094
512.57592773 367.89358521
512.93627930 368.04598999
513.06341553 368.19839478
513.32702637 368.35079956
513.54870605 368.50320435
513.83227539 368.65560913
514.01739502 368.80801392
514.30932617 368.96038818
514.50451660 369.11279297
514.74298096 369.26519775
514.96209717 369.41760254
515.11700439 369.57000732
515.22637939 369.72241211
515.30017090 369.87478638
515.45599365 370.02719116
515.71191406 370.17959595
516.42230225 370.33200073
517.86297607 370.48440552
518.43591309 370.63681030
518.75372314 370.78921509
518.88482666 370.94158936
519.13250732 371.09399414
519.34680176 371.24639893
519.58941650 371.39880371
519.81402588 371.55120850
520.05010986 371.70361328
520.26123047 371.85598755
520.45550537 372.00839233
520.67871094 372.16079712
520.87268066 372.31320190
520.97583008 372.46560669
521.12841797 372.61801147
521.26898193 372.77038574
521.38909912 372.92279053
521.55541992 373.07519531
521.74517822 373.22760010
521.91552734 373.38000488
522.06140137 373.53240967
522.31719971 373.68481445
522.59301758 373.83718872
522.76489258 373.98959351
523.12249756 374.14199829
523.30029297 374.29440308
523.51440430 374.44680786
523.71820068 374.59921265
523.97460938 374.75158691
524.27752686 374.90399170
524.49237061 375.05639648
524.72241211 375.20880127
524.81701660 375.36120605
524.94396973 375.51361084
525.31250000 375.66598511
525.52630615 375.81838989
525.80938721 375.97079468
526.02368164 376.12319946
526.25311279 376.27560425
526.52789307 376.42800903
526.89630127 376.58041382
527.20849609 376.73278809
527.55480957 376.88519287
527.90832520 377.03759766
528.32952881 377.19000244
528.68859863 377.34240723
528.83587646 377.49481201
528.98730469 377.64718628
529.42999268 377.79959106
529.81817627 377.95199585
530.26721191 378.10440063
530.66278076 378.25680542
531.14221191 378.40921021
531.47509766 378.56161499
531.82110596 378.71398926
531.92010498 378.86639404
531.26409912 379.01879883
530.55261230 379.17120361
530.44921875 379.32360840
530.38671875 379.47601318
530.45147705 379.62838745
530.88330078 379.78079224
531.51019287 379.93319702
533.10791016 380.08560181
534.41632080 380.23800659
534.65631104 380.39041138
534.69580078 380.54278564
534.63098145 380.69519043
534.55432129 380.84759521
534.40502930 381.00000000
534.08972168 381.15240479
533.60089111 381.30480957
533.01751709 381.45721436
533.06787109 381.60958862
533.23492432 381.76199341
533.40832520 381.91439819
533.55389404 382.06680298
533.67749023 382.21920776
533.81427002 382.37161255
533.91741943 382.52398682
533.99420166 382.67639160
534.06872559 382.82879639
534.17089844 382.98120117
534.28289795 383.13360596
534.42797852 383.28601074
534.56359863 383.43838501
534.69451904 383.59078979
534.76007080 383.74319458
534.79217529 383.89559937
534.84661865 384.04800415
534.95629883 384.20040894
535.19830322 384.35281372
535.51721191 384.50518799
535.67492676 384.65759277
535.79412842 384.80999756
535.93298340 384.96240234
535.92932129 385.11480713
535.84057617 385.26721191
535.72680664 385.41958618
535.62292480 385.57199097
535.59661865 385.72439575
535.64038086 385.87680054
535.87609863 386.02920532
536.40802002 386.18161011
536.90020752 386.33401489
537.43261719 386.48638916
537.49780273 386.63879395
537.47668457 386.79119873
537.56011963 386.94360352
537.52502441 387.09600830
537.66192627 387.24841309
537.79162598 387.40078735
537.87561035 387.55319214
538.18408203 387.70559692
538.33331299 387.85800171
538.59851074 388.01040649
538.85321045 388.16281128
539.26330566 388.31518555
539.49792480 388.46759033
539.49798584 388.61999512
539.58459473 388.77239990
539.94030762 388.92480469
540.24072266 389.07720947
540.49719238 389.22961426
540.92932129 389.38198853
541.36218262 389.53439331
541.91961670 389.68679810
542.45721436 389.83920288
542.95007324 389.99160767
542.91680908 390.14401245
542.73718262 390.29638672
542.67022705 390.44879150
542.98822021 390.60119629
543.32141113 390.75360107
543.51550293 390.90600586
543.56250000 391.05841064
543.33978271 391.21078491
542.99169922 391.36318970
542.72888184 391.51559448
542.58807373 391.66799927
542.53112793 391.82040405
542.60522461 391.97280884
542.82977295 392.12521362
543.50830078 392.27758789
545.28997803 392.42999268
547.25421143 392.58239746
547.98901367 392.73480225
548.37591553 392.88720703
548.75177002 393.03961182
549.24102783 393.19198608
549.68597412 393.34439087
549.94940186 393.49679565
550.30969238 393.64920044
550.60797119 393.80160522
550.91949463 393.95401001
551.14251709 394.10641479
551.39392090 394.25878906
551.63781738 394.41119385
551.93511963 394.56359863
552.31427002 394.71600342
552.60461426 394.86840820
552.85382080 395.02081299
553.09368896 395.17318726
553.31542969 395.32559204
553.56079102 395.47799683
553.86761475 395.63040161
554.25469971 395.78280640
554.59460449 395.93521118
554.92828369 396.08758545
555.12829590 396.23999023
555.26367188 396.39239502
555.46087646 396.54479980
555.65008545 396.69720459
556.00982666 396.84960938
556.23272705 397.00201416
556.48840332 397.15438843
556.68212891 397.30679321
556.82568359 397.45919800
557.07342529 397.61160278
557.26971436 397.76400757
557.42559814 397.91641235
557.57080078 398.06878662
557.75219727 398.22119141
557.95977783 398.37359619
558.19628906 398.52600098
558.57208252 398.67840576
558.86199951 398.83081055
559.22961426 398.98318481
559.35491943 399.13558960
559.48492432 399.28799438
559.66967773 399.44039917
559.82952881 399.59280396
560.13751221 399.74520874
560.48107910 399.89761353
560.74267578 400.04998779
561.01318359 400.20239258
561.37890625 400.35479736
561.95989990 400.50720215
562.27111816 400.65960693
562.47070312 400.81201172
562.58502197 400.96438599
562.69201660 401.11679077
562.82092285 401.26919556
562.97198486 401.42160034
563.29968262 401.57400513
563.62219238 401.72640991
563.89038086 401.87881470
564.08380127 402.03118896
564.26477051 402.18359375
564.44219971 402.33599854
564.57257080 402.48840332
564.74090576 402.64080811
564.90051270 402.79321289
565.08422852 402.94558716
565.30157471 403.09799194
565.62249756 403.25039673
565.88751221 403.40280151
566.07440186 403.55520630
566.24749756 403.70761108
566.53399658 403.85998535
566.77392578 404.01239014
567.03082275 404.16479492
567.24517822 404.31719971
567.40667725 404.46960449
567.57257080 404.62200928
567.76757812 404.77441406
568.00939941 404.92678833
568.32647705 405.07919312
568.64019775 405.23159790
568.89941406 405.38400269
569.06951904 405.53640747
569.22131348 405.68881226
569.43231201 405.84118652
569.67987061 405.99359131
569.94647217 406.14599609
570.24768066 406.29840088
570.53417969 406.45080566
570.78192139 406.60321045
571.20520020 406.75561523
571.69287109 406.90798950
572.02331543 407.06039429
572.36810303 407.21279907
572.69079590 407.36520386
573.07141113 407.51760864
573.40759277 407.67001343
573.80810547 407.82238770
574.16442871 407.97479248
574.47497559 408.12719727
574.78637695 408.27960205
575.12207031 408.43200684
575.34179688 408.58441162
575.50701904 408.73678589
575.81622314 408.88919067
576.14270020 409.04159546
576.46661377 409.19400024
577.08038330 409.34640503
578.47827148 409.49880981
577.48602295 409.65121460
577.29492188 409.80358887
577.08319092 409.95599365
576.69079590 410.10839844
576.57159424 410.26080322
575.88000488 410.41320801
576.49151611 410.56561279
578.68139648 410.71798706
581.34802246 410.87039185
583.33142090 411.02279663
584.02331543 411.17520142
585.27618408 411.32760620
586.26220703 411.48001099
586.58666992 411.63238525
587.03820801 411.78479004
587.52062988 411.93719482
587.76177979 412.08959961
587.82952881 412.24200439
587.82440186 412.39440918
587.60418701 412.54681396
586.98077393 412.69918823
585.25677490 412.85159302
582.66241455 413.00399780
580.53479004 413.15640259
578.72131348 413.30880737
578.84100342 413.46121216
578.88568115 413.61358643
578.91162109 413.76599121
579.11901855 413.91839600
579.66320801 414.07080078
579.97631836 414.22320557
580.33648682 414.37561035
580.61492920 414.52801514
580.88269043 414.68038940
581.18829346 414.83279419
581.56530762 414.98519897
582.00201416 415.13760376
582.35681152 415.29000854
582.72442627 415.44241333
583.02288818 415.59478760
583.36840820 415.74719238
583.56982422 415.89959717
583.76531982 416.05200195
583.96618652 416.20440674
584.17401123 416.35681152
584.36480713 416.50918579
584.60302734 416.66159058
584.94250488 416.81399536
585.14398193 416.96640015
585.38378906 417.11880493
585.59271240 417.27120972
585.82598877 417.42361450
585.95977783 417.57598877
586.15118408 417.72839355
586.35571289 417.88079834
586.67651367 418.03320312
587.25427246 418.18560791
587.41638184 418.33801270
587.48260498 418.49038696
587.52478027 418.64279175
587.55358887 418.79519653
587.59497070 418.94760132
587.65832520 419.10000610
587.84991455 419.25241089
588.31207275 419.40478516
588.56787109 419.55718994
588.79498291 419.70959473
589.11999512 419.86199951
589.40447998 420.01440430
589.56579590 420.16680908
589.71649170 420.31921387
589.79632568 420.47158813
589.83679199 420.62399292
589.91198730 420.77639771
589.97937012 420.92880249
590.13977051 421.08120728
590.37249756 421.23361206
590.56640625 421.38598633
590.75811768 421.53839111
590.95349121 421.69079590
591.11871338 421.84320068
591.41772461 421.99560547
591.65997314 422.14801025
591.85528564 422.30041504
592.24938965 422.45278931
592.75677490 422.60519409
593.20770264 422.75759888
593.62811279 422.91000366
593.86041260 423.06240845
594.10699463 423.21481323
594.40960693 423.36718750
594.70312500 423.51959229
594.91479492 423.67199707
595.07641602 423.82440186
595.21527100 423.97680664
595.38897705 424.12921143
595.59930420 424.28158569
595.74450684 424.43399048
595.92791748 424.58639526
596.14312744 424.73880005
596.37097168 424.89120483
596.59710693 425.04360962
596.87322998 425.19601440
597.12530518 425.34838867
597.33758545 425.50079346
597.53118896 425.65319824
597.69842529 425.80560303
597.91302490 425.95800781
598.18029785 426.11041260
598.40161133 426.26278687
598.64538574 426.41519165
598.88122559 426.56759644
599.01312256 426.72000122
599.75500488 426.87240601
600.76812744 427.02481079
601.74847412 427.17718506
602.87231445 427.32958984
603.89093018 427.48199463
604.71618652 427.63439941
605.56091309 427.78680420
606.28979492 427.93920898
606.86450195 428.09161377
607.13580322 428.24398804
607.34857178 428.39639282
607.34960938 428.54879761
607.44189453 428.70120239
607.44360352 428.85360718
607.59320068 429.00601196
607.73248291 429.15838623
607.75500488 429.31079102
607.92510986 429.46319580
608.01580811 429.61560059
608.08239746 429.76800537
608.22167969 429.92041016
608.35198975 430.07281494
608.48858643 430.22518921
608.62829590 430.37759399
608.84869385 430.52999878
609.05249023 430.68240356
609.17626953 430.83480835
609.27362061 430.98721313
609.33038330 431.13958740
609.33557129 431.29199219
609.34399414 431.44439697
609.29138184 431.59680176
609.31097412 431.74920654
609.31689453 431.90161133
609.38299561 432.05398560
609.48760986 432.20639038
609.54132080 432.35879517
609.65881348 432.51119995
609.74212646 432.66360474
609.86590576 432.81600952
609.99261475 432.96841431
610.10321045 433.12078857
610.28417969 433.27319336
610.40777588 433.42559814
610.64050293 433.57800293
610.89550781 433.73040771
611.19641113 433.88281250
611.40539551 434.03518677
611.69421387 434.18759155
612.14538574 434.33999634
612.50061035 434.49240112
612.67132568 434.64480591
612.86389160 434.79721069
612.98468018 434.94958496
613.08770752 435.10198975
613.22540283 435.25439453
613.36627197 435.40679932
613.49877930 435.55920410
613.75677490 435.71160889
614.14990234 435.86401367
614.39660645 436.01638794
614.70941162 436.16879272
614.88067627 436.32119751
615.16888428 436.47360229
615.36468506 436.62600708
615.42352295 436.77841187
615.57702637 436.93078613
615.59887695 437.08319092
615.68920898 437.23559570
615.75689697 437.38800049
615.81896973 437.54040527
615.92987061 437.69281006
616.12780762 437.84521484
616.48339844 437.99758911
616.90319824 438.14999390
617.14422607 438.30239868
617.19458008 438.45480347
617.19873047 438.60720825
617.37640381 438.75961304
617.50549316 438.91198730
617.61700439 439.06439209
618.05090332 439.21679688
618.07598877 439.36920166
618.28161621 439.52160645
618.46618652 439.67401123
618.61602783 439.82638550
618.87817383 439.97879028
619.44500732 440.13119507
619.78967285 440.28359985
620.03387451 440.43600464
620.24340820 440.58840942
620.40509033 440.74081421
620.73638916 440.89318848
621.28002930 441.04559326
622.02679443 441.19799805
622.73742676 441.35040283
623.35278320 441.50280762
623.75567627 441.65521240
623.71447754 441.80758667
623.11938477 441.95999146
621.63171387 442.11239624
621.14672852 442.26480103
621.43371582 442.41720581
621.72607422 442.56961060
621.89788818 442.72198486
622.05700684 442.87438965
622.27288818 443.02679443
622.51177979 443.17919922
622.80480957 443.33160400
623.21551514 443.48400879
623.35290527 443.63641357
623.53759766 443.78878784
623.74639893 443.94119263
624.01959229 444.09359741
624.26928711 444.24600220
624.66009521 444.39840698
624.96789551 444.55081177
625.32348633 444.70318604
625.62658691 444.85559082
626.00158691 445.00799561
626.64300537 445.16040039
627.03167725 445.31280518
627.43511963 445.46520996
627.73229980 445.61761475
628.21649170 445.76998901
628.60839844 445.92239380
628.92779541 446.07479858
629.20581055 446.22720337
629.39508057 446.37960815
629.59649658 446.53201294
629.84942627 446.68438721
630.07537842 446.83679199
630.21801758 446.98919678
630.40667725 447.14160156
630.63360596 447.29400635
630.93988037 447.44641113
631.22167969 447.59878540
631.50488281 447.75119019
631.72460938 447.90359497
631.97979736 448.05599976
632.23321533 448.20840454
632.47100830 448.36080933
632.74310303 448.51321411
632.99322510 448.66558838
633.14459229 448.81799316
633.26867676 448.97039795
633.34222412 449.12280273
633.37469482 449.27520752
633.44342041 449.42761230
633.53942871 449.57998657
633.65631104 449.73239136
633.81768799 449.88479614
634.04852295 450.03720093
634.20678711 450.18960571
634.40179443 450.34201050
634.64929199 450.49438477
634.84667969 450.64678955
635.10040283 450.79919434
635.45397949 450.95159912
635.75262451 451.10400391
636.08319092 451.25640869
636.45349121 451.40881348
636.86242676 451.56118774
637.17761230 451.71359253
637.43200684 451.86599731
637.69659424 452.01840210
637.86212158 452.17080688
638.16381836 452.32321167
638.44207764 452.47558594
638.67218018 452.62799072
638.88800049 452.78039551
639.21612549 452.93280029
639.94451904 453.08520508
641.10961914 453.23760986
642.26031494 453.39001465
643.78479004 453.54238892
644.61560059 453.69479370
645.18750000 453.84719849
645.86639404 453.99960327
645.82672119 454.15200806
645.70471191 454.30441284
645.52191162 454.45678711
645.21209717 454.60919189
644.95037842 454.76159668
644.78088379 454.91400146
644.62939453 455.06640625
644.36938477 455.21881104
643.97839355 455.37118530
643.86517334 455.52359009
643.81701660 455.67599487
643.81481934 455.82839966
643.86322021 455.98080444
643.96838379 456.13320923
644.21887207 456.28561401
644.76141357 456.43798828
645.44958496 456.59039307
645.90057373 456.74279785
646.16320801 456.89520264
646.35742188 457.04760742
646.55157471 457.20001221
646.70019531 457.35238647
646.81207275 457.50479126
646.95452881 457.65719604
647.12969971 457.80960083
647.41009521 457.96200562
647.78198242 458.11441040
648.09820557 458.26681519
648.27197266 458.41918945
648.46911621 458.57159424
648.66052246 458.72399902
648.84588623 458.87640381
649.13507080 459.02880859
649.37628174 459.18121338
649.52398682 459.33358765
649.66699219 459.48599243
649.74932861 459.63839722
649.80902100 459.79080200
649.89117432 459.94320679
649.96441650 460.09561157
650.04547119 460.24798584
650.11877441 460.40039062
650.26342773 460.55279541
650.37048340 460.70520020
650.50231934 460.85760498
650.66839600 461.01000977
650.77392578 461.16241455
650.94219971 461.31478882
651.11267090 461.46719360
651.33941650 461.61959839
651.59558105 461.77200317
651.82519531 461.92440796
652.06427002 462.07681274
652.26397705 462.22918701
652.47338867 462.38159180
652.75610352 462.53399658
653.04479980 462.68640137
653.30212402 462.83880615
653.50372314 462.99121094
653.70379639 463.14358521
653.91729736 463.29598999
654.14929199 463.44839478
654.39697266 463.60079956
654.58917236 463.75320435
654.78967285 463.90560913
655.02868652 464.05801392
655.36169434 464.21038818
655.70172119 464.36279297
655.98791504 464.51519775
656.28112793 464.66760254
656.53332520 464.82000732
656.79260254 464.97241211
656.99658203 465.12478638
657.20709229 465.27719116
657.39288330 465.42959595
657.74859619 465.58200073
658.02398682 465.73440552
658.36218262 465.88681030
658.70318604 466.03921509
659.00982666 466.19158936
659.30828857 466.34399414
659.64447021 466.49639893
659.93969727 466.64880371
660.20758057 466.80120850
660.41528320 466.95361328
660.54779053 467.10598755
660.49609375 467.25839233
660.50250244 467.41079712
660.63140869 467.56320190
660.77770996 467.71560669
661.07507324 467.86801147
661.32177734 468.02038574
661.59429932 468.17279053
661.85931396 468.32519531
662.02832031 468.47760010
662.24810791 468.63000488
662.44757080 468.78240967
662.64221191 468.93481445
662.78649902 469.08718872
662.94219971 469.23959351
663.08288574 469.39199829
663.33679199 469.54440308
663.74542236 469.69680786
664.53338623 469.84921265
665.42779541 470.00158691
666.08361816 470.15399170
666.73229980 470.30639648
667.40240479 470.45880127
667.89440918 470.61120605
669.00048828 470.76361084
669.29901123 470.91598511
666.16400146 471.06838989
664.74407959 471.22079468
665.13171387 471.37319946
665.34680176 471.52560425
665.61157227 471.67800903
665.86499023 471.83041382
666.09649658 471.98278809
666.37121582 472.13519287
666.63012695 472.28759766
666.97277832 472.44000244
667.39489746 472.59240723
667.98687744 472.74481201
668.66229248 472.89718628
669.26898193 473.04959106
669.61578369 473.20199585
669.98120117 473.35440063
670.33941650 473.50680542
670.60559082 473.65921021
670.94860840 473.81161499
671.22821045 473.96398926
671.45782471 474.11639404
671.74951172 474.26879883
672.02630615 474.42120361
672.37829590 474.57360840
672.64019775 474.72601318
672.91900635 474.87838745
673.14117432 475.03079224
673.36517334 475.18319702
673.68817139 475.33560181
673.88592529 475.48800659
674.21002197 475.64041138
674.57128906 475.79278564
674.86267090 475.94519043
675.15362549 476.09759521
675.34497070 476.25000000
675.58428955 476.40240479
675.73510742 476.55480957
675.76562500 476.70721436
675.92047119 476.85958862
676.07641602 477.01199341
676.27197266 477.16439819
676.58599854 477.31680298
676.84967041 477.46920776
677.09729004 477.62161255
677.31469727 477.77398682
677.45819092 477.92639160
677.71270752 478.07879639
678.03479004 478.23120117
678.31878662 478.38360596
678.64392090 478.53601074
678.91119385 478.68838501
679.23748779 478.84078979
679.72937012 478.99319458
680.17858887 479.14559937
680.48870850 479.29800415
680.80529785 479.45040894
681.16760254 479.60281372
681.47497559 479.75518799
681.91571045 479.90759277
682.23712158 480.05999756
682.47167969 480.21240234
682.66967773 480.36480713
682.92517090 480.51721191
683.16491699 480.66958618
683.37921143 480.82199097
683.62512207 480.97439575
683.81127930 481.12680054
684.04522705 481.27920532
684.33392334 481.43161011
684.64868164 481.58401489
684.86968994 481.73638916
685.07757568 481.88879395
685.31072998 482.04119873
685.54449463 482.19360352
685.80328369 482.34600830
686.21478271 482.49841309
686.62072754 482.65078735
686.86248779 482.80319214
687.26611328 482.95559692
687.44873047 483.10800171
687.64691162 483.26040649
687.99597168 483.41281128
688.43872070 483.56518555
688.74328613 483.71759033
689.33392334 483.86999512
689.71929932 484.02239990
690.08489990 484.17480469
690.45202637 484.32720947
690.86700439 484.47961426
691.20989990 484.63198853
691.43621826 484.78439331
691.66760254 484.93679810
691.84991455 485.08920288
692.07037354 485.24160767
692.43499756 485.39401245
692.77801514 485.54638672
693.22198486 485.69879150
693.62487793 485.85119629
693.90332031 486.00360107
694.16900635 486.15600586
694.54052734 486.30841064
694.75341797 486.46078491
695.15240479 486.61318970
695.37219238 486.76559448
695.64300537 486.91799927
695.93469238 487.07040405
696.30090332 487.22280884
696.63842773 487.37521362
697.02929688 487.52758789
697.24499512 487.67999268
697.53991699 487.83239746
697.81091309 487.98480225
698.12182617 488.13720703
698.32708740 488.28961182
698.55908203 488.44198608
698.81518555 488.59439087
699.06048584 488.74679565
699.33618164 488.89920044
699.59881592 489.05160522
699.86376953 489.20401001
700.22918701 489.35641479
700.72650146 489.50878906
701.08337402 489.66119385
701.46600342 489.81359863
701.83911133 489.96600342
702.17108154 490.11840820
702.47949219 490.27081299
703.01428223 490.42318726
703.28881836 490.57559204
703.46087646 490.72799683
703.57818604 490.88040161
703.86737061 491.03280640
704.88299561 491.18521118
707.05200195 491.33758545
708.84619141 491.48999023
711.11639404 491.64239502
713.19482422 491.79479980
714.48822021 491.94720459
715.42968750 492.09960938
715.87438965 492.25201416
715.82751465 492.40438843
715.89080811 492.55679321
715.84710693 492.70919800
715.68579102 492.86160278
715.56927490 493.01400757
715.28808594 493.16641235
714.90838623 493.31878662
714.92028809 493.47119141
714.86688232 493.62359619
714.81207275 493.77600098
715.05908203 493.92840576
715.32489014 494.08081055
715.71520996 494.23318481
716.05072021 494.38558960
716.33038330 494.53799438
716.32739258 494.69039917
716.01751709 494.84280396
715.52008057 494.99520874
714.70599365 495.14761353
713.34619141 495.29998779
710.73889160 495.45239258
709.51208496 495.60479736
709.52612305 495.75720215
710.25927734 495.90960693
711.60418701 496.06201172
712.23211670 496.21438599
712.67132568 496.36679077
713.04711914 496.51919556
712.69030762 496.67160034
712.46398926 496.82400513
711.86859131 496.97640991
711.34350586 497.12881470
713.43298340 497.28118896
714.13867188 497.43359375
714.47662354 497.58599854
714.91882324 497.73840332
715.20672607 497.89080811
715.39831543 498.04321289
715.64331055 498.19558716
715.77618408 498.34799194
716.01171875 498.50039673
716.18249512 498.65280151
716.28289795 498.80520630
716.38787842 498.95761108
716.16870117 499.10998535
715.77642822 499.26239014
715.24639893 499.41479492
714.78509521 499.56719971
714.03021240 499.71960449
713.52471924 499.87200928
713.30450439 500.02441406
713.45117188 500.17678833
713.76440430 500.32919312
714.08520508 500.48159790
714.37371826 500.63400269
714.61932373 500.78640747
714.92510986 500.93881226
715.09057617 501.09118652
715.32812500 501.24359131
715.56658936 501.39599609
715.69622803 501.54840088
715.95178223 501.70080566
716.24407959 501.85321045
716.51458740 502.00561523
716.92999268 502.15798950
717.27648926 502.31039429
717.50360107 502.46279907
717.82373047 502.61520386
718.10919189 502.76760864
718.30212402 502.92001343
718.60949707 503.07238770
718.90429688 503.22479248
719.17932129 503.37719727
719.58660889 503.52960205
719.87988281 503.68200684
720.15399170 503.83441162
720.40277100 503.98678589
720.74407959 504.13919067
721.15881348 504.29159546
721.60717773 504.44400024
722.01928711 504.59640503
722.39007568 504.74880981
722.81372070 504.90121460
723.32867432 505.05358887
723.84741211 505.20599365
724.26849365 505.35839844
724.65057373 505.51080322
724.85522461 505.66320801
725.11041260 505.81561279
725.28302002 505.96798706
725.43908691 506.12039185
725.54779053 506.27279663
725.73992920 506.42520142
726.00939941 506.57760620
726.36260986 506.73001099
726.61108398 506.88238525
726.88012695 507.03479004
727.23522949 507.18719482
727.54272461 507.33959961
727.99829102 507.49200439
728.34747314 507.64440918
728.65539551 507.79681396
728.95697021 507.94918823
729.24359131 508.10159302
729.63378906 508.25399780
729.81048584 508.40640259
730.06951904 508.55880737
730.35662842 508.71121216
730.54919434 508.86358643
730.77032471 509.01599121
731.08850098 509.16839600
731.39611816 509.32080078
731.71881104 509.47320557
732.04797363 509.62561035
732.36621094 509.77801514
732.59600830 509.93038940
732.87249756 510.08279419
733.17968750 510.23519897
733.56750488 510.38760376
734.03350830 510.54000854
734.35900879 510.69241333
734.80322266 510.84478760
735.16772461 510.99719238
735.49627686 511.14959717
735.96441650 511.30200195
736.33111572 511.45440674
736.55938721 511.60681152
736.75549316 511.75918579
737.05401611 511.91159058
737.36767578 512.06402588
737.84149170 512.21636963
738.19140625 512.36877441
738.39801025 512.52117920
738.60180664 512.67358398
738.85540771 512.82598877
739.10711670 512.97839355
739.39660645 513.13079834
739.62500000 513.28320312
739.89550781 513.43560791
740.25061035 513.58801270
740.55572510 513.74041748
740.83221436 513.89282227
741.12451172 514.04522705
741.38262939 514.19757080
741.71588135 514.34997559
742.09039307 514.50238037
742.45721436 514.65478516
742.80700684 514.80718994
743.09020996 514.95959473
743.28869629 515.11199951
743.56219482 515.26440430
743.75982666 515.41680908
744.09149170 515.56921387
744.40411377 515.72161865
745.02008057 515.87402344
746.78039551 516.02642822
748.84808350 516.17877197
751.74432373 516.33117676
754.14257812 516.48358154
756.43688965 516.63598633
757.72399902 516.78839111
758.58221436 516.94079590
758.96539307 517.09320068
758.80957031 517.24560547
758.60638428 517.39801025
758.44281006 517.55041504
758.29211426 517.70281982
758.22357178 517.85522461
758.31079102 518.00762939
758.41210938 518.15997314
758.49609375 518.31237793
758.41442871 518.46478271
758.13317871 518.61718750
757.69610596 518.76959229
757.25097656 518.92199707
756.90411377 519.07440186
756.46942139 519.22680664
756.04229736 519.37921143
755.72558594 519.53161621
755.49157715 519.68402100
755.25537109 519.83642578
755.30462646 519.98876953
755.40521240 520.14117432
755.64349365 520.29357910
756.12957764 520.44598389
756.31359863 520.59838867
756.42779541 520.75079346
756.54888916 520.90319824
756.50500488 521.05560303
756.51080322 521.20800781
756.53851318 521.36041260
756.57348633 521.51281738
756.54638672 521.66522217
756.54559326 521.81762695
756.41870117 521.96997070
756.45098877 522.12237549
756.61212158 522.27478027
756.80291748 522.42718506
757.16149902 522.57958984
757.49261475 522.73199463
757.70080566 522.88439941
757.85382080 523.03680420
757.93920898 523.18920898
757.99468994 523.34161377
758.03668213 523.49401855
758.13659668 523.64642334
758.29278564 523.79882812
758.45141602 523.95117188
758.64697266 524.10357666
758.84698486 524.25598145
759.07727051 524.40838623
759.30957031 524.56079102
759.52929688 524.71319580
759.68017578 524.86560059
759.82910156 525.01800537
759.96020508 525.17041016
760.14208984 525.32281494
760.47821045 525.47521973
760.87182617 525.62762451
761.33831787 525.78002930
761.03521729 525.93237305
759.89111328 526.08477783
759.05670166 526.23718262
758.80609131 526.38958740
760.56091309 526.54199219
764.82678223 526.69439697
767.54577637 526.84680176
769.77990723 526.99920654
771.19598389 527.15161133
771.49609375 527.30401611
770.29577637 527.45642090
768.69140625 527.60882568
766.98999023 527.76123047
765.49737549 527.91357422
764.74249268 528.06597900
763.84539795 528.21838379
761.72540283 528.37078857
760.54669189 528.52319336
758.30438232 528.67559814
756.89971924 528.82800293
756.59588623 528.98040771
756.77490234 529.13281250
756.93518066 529.28521729
757.12042236 529.43762207
757.33087158 529.59002686
757.58001709 529.74237061
757.82550049 529.89477539
758.07312012 530.04718018
758.26110840 530.19958496
758.50250244 530.35198975
758.83758545 530.50439453
759.17687988 530.65679932
759.51770020 530.80920410
759.85662842 530.96160889
760.16381836 531.11401367
760.40979004 531.26641846
760.79821777 531.41882324
761.18438721 531.57122803
761.48437500 531.72357178
761.75140381 531.87597656
762.08728027 532.02838135
762.33367920 532.18078613
762.49017334 532.33319092
762.65802002 532.48559570
762.84130859 532.63800049
762.97802734 532.79040527
763.25689697 532.94281006
763.68469238 533.09521484
764.07952881 533.24761963
764.25561523 533.40002441
764.39318848 533.55242920
764.57958984 533.70477295
764.76818848 533.85717773
765.29632568 534.00958252
765.80902100 534.16198730
766.23931885 534.31439209
766.45928955 534.46679688
766.75122070 534.61920166
767.11462402 534.77160645
767.52502441 534.92401123
768.00140381 535.07641602
768.34552002 535.22882080
768.59942627 535.38122559
768.95330811 535.53363037
769.29608154 535.68597412
769.61431885 535.83837891
769.90362549 535.99078369
770.14447021 536.14318848
770.35552979 536.29559326
770.58251953 536.44799805
770.81262207 536.60040283
771.04260254 536.75280762
771.25537109 536.90521240
771.42858887 537.05761719
771.66369629 537.21002197
771.81292725 537.36242676
771.96490479 537.51477051
772.10498047 537.66717529
772.46752930 537.81958008
772.83361816 537.97198486
773.23547363 538.12438965
773.61572266 538.27679443
773.81781006 538.42919922
774.01989746 538.58160400
774.24438477 538.73400879
774.36322021 538.88641357
774.58807373 539.03881836
775.16778564 539.19122314
775.82537842 539.34362793
776.82739258 539.49597168
778.19781494 539.64837646
780.50457764 539.80078125
782.51452637 539.95318604
784.48040771 540.10559082
786.65557861 540.25799561
788.83319092 540.41040039
789.89862061 540.56280518
791.01782227 540.71520996
791.98522949 540.86761475
792.89471436 541.02001953
793.26208496 541.17242432
793.55682373 541.32482910
793.79718018 541.47717285
793.81542969 541.62957764
793.82031250 541.78198242
793.81958008 541.93438721
793.90509033 542.08679199
793.94030762 542.23919678
793.97058105 542.39160156
793.97729492 542.54400635
793.88482666 542.69641113
793.77722168 542.84881592
793.67578125 543.00122070
793.47167969 543.15362549
793.41009521 543.30603027
793.31671143 543.45837402
793.20489502 543.61077881
793.13580322 543.76318359
793.04528809 543.91558838
793.00598145 544.06799316
792.99890137 544.22039795
793.01300049 544.37280273
793.07940674 544.52520752
793.07458496 544.67761230
793.09460449 544.83001709
793.20849609 544.98242188
793.31799316 545.13482666
793.54241943 545.28717041
793.82867432 545.43957520
794.03070068 545.59197998
794.30029297 545.74438477
794.42602539 545.89678955
794.42230225 546.04919434
794.43469238 546.20159912
794.43542480 546.35400391
794.52252197 546.50640869
794.78747559 546.65881348
795.09741211 546.81121826
795.51458740 546.96362305
795.88458252 547.11602783
796.27978516 547.26837158
796.70727539 547.42077637
797.38623047 547.57318115
797.84857178 547.72558594
798.37982178 547.87799072
798.92950439 548.03039551
799.37561035 548.18280029
799.85083008 548.33520508
800.34197998 548.48760986
800.90197754 548.64001465
801.19781494 548.79241943
801.65637207 548.94482422
802.04370117 549.09722900
802.36120605 549.24957275
802.81237793 549.40197754
803.14788818 549.55438232
803.42248535 549.70678711
803.73468018 549.85919189
804.03137207 550.01159668
804.30181885 550.16400146
804.57727051 550.31640625
804.78247070 550.46881104
805.02191162 550.62121582
805.32061768 550.77362061
805.59948730 550.92602539
805.93859863 551.07843018
806.19396973 551.23077393
806.43151855 551.38317871
806.64978027 551.53558350
807.02667236 551.68798828
807.20379639 551.84039307
807.45428467 551.99279785
807.71350098 552.14520264
807.95581055 552.29760742
808.13690186 552.45001221
808.44470215 552.60241699
808.77410889 552.75482178
809.07489014 552.90722656
809.36853027 553.05957031
809.68359375 553.21197510
809.75280762 553.36437988
809.76287842 553.51678467
809.75762939 553.66918945
809.55480957 553.82159424
809.48510742 553.97399902
809.50689697 554.12640381
809.52807617 554.27880859
809.54357910 554.43121338
809.60247803 554.58361816
809.62512207 554.73602295
809.66680908 554.88842773
809.76440430 555.04077148
809.76989746 555.19317627
811.33892822 555.34558105
813.24462891 555.49798584
814.62060547 555.65039062
816.18591309 555.80279541
818.50567627 555.95520020
820.23919678 556.10760498
821.70678711 556.26000977
823.48889160 556.41241455
822.50701904 556.56481934
820.80938721 556.71722412
816.94171143 556.86962891
811.63708496 557.02197266
808.33068848 557.17437744
803.96862793 557.32678223
803.07000732 557.47918701
803.21252441 557.63159180
803.36492920 557.78399658
803.52941895 557.93640137
803.57879639 558.08880615
803.80749512 558.24121094
803.96368408 558.39361572
804.16778564 558.54602051
804.32421875 558.69842529
804.54089355 558.85083008
804.86102295 559.00317383
805.12817383 559.15557861
805.44989014 559.30798340
805.66857910 559.46038818
805.88641357 559.61279297
806.05639648 559.76519775
806.34820557 559.91760254
806.66882324 560.07000732
806.87408447 560.22241211
807.33709717 560.37481689
807.65386963 560.52722168
808.07189941 560.67962646
808.41912842 560.83197021
808.72357178 560.98437500
809.09442139 561.13677979
809.39428711 561.28918457
809.67108154 561.44158936
809.93371582 561.59399414
810.38159180 561.74639893
810.63897705 561.89880371
810.92742920 562.05120850
811.30297852 562.20361328
811.65350342 562.35601807
811.96697998 562.50842285
812.31292725 562.66082764
812.68469238 562.81317139
812.88507080 562.96557617
813.25061035 563.11798096
813.66961670 563.27038574
813.95007324 563.42279053
814.34967041 563.57519531
814.66217041 563.72760010
815.00421143 563.88000488
815.34338379 564.03240967
815.61657715 564.18481445
815.98089600 564.33721924
816.19787598 564.48962402
816.38909912 564.64202881
816.76330566 564.79437256
817.06451416 564.94677734
817.40600586 565.09918213
817.81097412 565.25158691
818.21691895 565.40399170
818.41101074 565.55639648
818.77838135 565.70880127
819.07879639 565.86120605
819.40881348 566.01361084
819.73461914 566.16601562
820.16912842 566.31842041
820.53741455 566.47082520
820.78320312 566.62322998
821.13421631 566.77557373
821.61291504 566.92797852
822.08129883 567.08038330
822.52990723 567.23278809
822.90222168 567.38519287
823.27252197 567.53759766
823.61419678 567.69000244
823.88439941 567.84240723
824.34118652 567.99481201
824.64471436 568.14721680
824.81121826 568.29962158
825.02709961 568.45202637
825.19970703 568.60437012
825.28472900 568.75677490
825.46697998 568.90917969
825.92889404 569.06158447
826.73040771 569.21398926
828.14978027 569.36639404
829.92761230 569.51879883
831.94049072 569.67120361
834.14208984 569.82360840
835.61309814 569.97601318
836.76629639 570.12841797
837.64691162 570.28082275
837.98028564 570.43322754
838.40039062 570.58557129
838.72937012 570.73797607
839.03350830 570.89038086
839.32617188 571.04278564
839.57012939 571.19519043
839.79949951 571.34759521
840.02111816 571.50000000
840.26690674 571.65240479
840.35748291 571.80480957
840.48681641 571.95721436
840.41827393 572.10961914
840.37939453 572.26202393
840.40228271 572.41442871
840.31878662 572.56677246
840.36431885 572.71917725
840.30499268 572.87158203
840.25659180 573.02398682
840.27539062 573.17639160
840.12969971 573.32879639
840.07501221 573.48120117
840.17272949 573.63360596
840.24017334 573.78601074
840.51049805 573.93841553
840.67547607 574.09082031
840.94177246 574.24322510
841.09729004 574.39562988
841.27471924 574.54797363
841.55700684 574.70037842
841.98028564 574.85278320
842.26037598 575.00518799
842.47088623 575.15759277
842.54821777 575.30999756
842.43231201 575.46240234
842.36608887 575.61480713
842.30499268 575.76721191
842.17388916 575.91961670
842.15002441 576.07202148
842.08850098 576.22442627
842.24621582 576.37677002
842.63281250 576.52917480
842.99627686 576.68157959
843.36700439 576.83398438
843.77752686 576.98638916
844.07617188 577.13879395
844.34899902 577.29119873
844.70318604 577.44360352
845.03369141 577.59600830
845.44128418 577.74841309
845.78009033 577.90081787
846.14117432 578.05322266
846.33532715 578.20562744
846.62127686 578.35797119
847.21148682 578.51037598
847.68811035 578.66278076
848.22521973 578.81518555
848.57141113 578.96759033
848.86199951 579.11999512
849.09136963 579.27239990
849.43188477 579.42480469
849.80261230 579.57720947
850.27392578 579.72961426
850.72198486 579.88201904
851.19189453 580.03442383
851.75677490 580.18682861
852.14849854 580.33917236
852.59790039 580.49157715
852.81640625 580.64398193
853.01562500 580.79638672
853.38110352 580.94879150
853.63439941 581.10119629
854.04528809 581.25360107
854.31561279 581.40600586
854.65478516 581.55841064
854.96411133 581.71081543
855.29742432 581.86322021
855.66888428 582.01562500
856.04119873 582.16802979
856.59069824 582.32037354
857.05468750 582.47277832
857.64160156 582.62518311
857.90679932 582.77758789
857.98797607 582.92999268
858.22808838 583.08239746
858.52478027 583.23480225
858.88092041 583.38720703
858.90582275 583.53961182
859.83471680 583.69201660
862.16339111 583.84442139
862.91333008 583.99682617
862.69128418 584.14916992
863.15667725 584.30157471
862.73400879 584.45397949
862.16992188 584.60638428
861.56597900 584.75878906
859.23541260 584.91119385
858.21917725 585.06359863
856.55767822 585.21600342
853.84179688 585.36840820
852.48822021 585.52081299
850.05761719 585.67321777
847.60150146 585.82562256
846.17028809 585.97802734
845.29101562 586.13037109
845.43487549 586.28277588
845.92608643 586.43518066
846.25360107 586.58758545
846.59741211 586.73999023
846.83361816 586.89239502
847.04992676 587.04479980
847.27288818 587.19720459
847.24407959 587.34960938
847.43627930 587.50201416
847.59442139 587.65441895
847.80120850 587.80682373
848.11901855 587.95922852
848.27691650 588.11157227
848.49310303 588.26397705
848.76629639 588.41638184
849.05401611 588.56878662
849.47448730 588.72119141
849.86920166 588.87359619
850.27331543 589.02600098
850.65057373 589.17840576
850.90838623 589.33081055
851.37207031 589.48321533
851.70068359 589.63562012
851.97460938 589.78802490
852.13568115 589.94042969
852.36590576 590.09277344
852.72888184 590.24517822
853.11627197 590.39758301
853.63110352 590.54998779
854.08862305 590.70239258
854.40191650 590.85479736
854.64270020 591.00720215
854.85900879 591.15960693
854.96502686 591.31201172
855.11279297 591.46441650
855.43188477 591.61682129
855.81359863 591.76922607
856.37152100 591.92156982
856.72930908 592.07397461
856.98388672 592.22637939
857.24078369 592.37878418
857.36450195 592.53118896
857.58038330 592.68359375
857.78338623 592.83599854
857.79370117 592.98840332
857.86480713 593.14080811
857.99041748 593.29321289
858.14910889 593.44561768
858.32989502 593.59802246
859.57720947 593.75042725
861.21942139 593.90277100
862.64788818 594.05517578
864.91577148 594.20758057
866.72100830 594.35998535
868.53399658 594.51239014
870.08728027 594.66479492
871.04290771 594.81719971
871.96527100 594.96960449
872.87738037 595.12200928
873.78161621 595.27441406
874.37921143 595.42681885
874.63812256 595.57922363
874.80957031 595.73162842
874.83666992 595.88397217
874.96917725 596.03637695
875.35931396 596.18878174
875.59478760 596.34118652
875.64660645 596.49359131
875.62329102 596.64599609
875.50250244 596.79840088
875.50421143 596.95080566
875.57897949 597.10321045
875.87799072 597.25561523
876.08270264 597.40802002
876.36749268 597.56042480
876.50158691 597.71282959
876.62829590 597.86517334
876.91882324 598.01757812
877.09637451 598.16998291
877.18182373 598.32238770
877.14440918 598.47479248
877.19720459 598.62719727
877.29089355 598.77960205
877.49621582 598.93200684
877.80889893 599.08441162
878.06109619 599.23681641
878.32659912 599.38922119
878.29437256 599.54162598
878.00860596 599.69396973
877.71789551 599.84637451
877.62402344 599.99877930
877.69152832 600.15118408
877.93127441 600.30358887
878.16680908 600.45599365
878.38500977 600.60839844
878.63281250 600.76080322
878.76348877 600.91320801
878.86822510 601.06561279
879.28027344 601.21801758
879.68341064 601.37042236
880.12469482 601.52282715
880.44891357 601.67517090
880.71307373 601.82757568
881.01660156 601.97998047
881.42211914 602.13238525
881.97021484 602.28479004
882.45452881 602.43719482
882.83660889 602.58959961
883.11340332 602.74200439
883.26251221 602.89440918
883.35339355 603.04681396
883.71380615 603.19921875
883.95208740 603.35162354
884.42218018 603.50402832
884.86431885 603.65637207
885.19781494 603.80877686
885.67608643 603.96118164
885.83642578 604.11358643
885.98339844 604.26599121
886.16229248 604.41839600
886.27252197 604.57080078
886.72760010 604.72320557
887.15222168 604.87561035
887.67071533 605.02801514
888.32373047 605.18041992
888.84613037 605.33282471
889.38189697 605.48522949
889.92529297 605.63757324
890.48571777 605.78997803
890.76959229 605.94238281
891.06811523 606.09478760
891.30877686 606.24719238
891.57891846 606.39959717
891.84948730 606.55200195
892.04827881 606.70440674
892.29382324 606.85681152
892.62249756 607.00921631
892.88842773 607.16162109
893.05572510 607.31402588
893.32330322 607.46636963
893.55682373 607.61877441
893.92419434 607.77117920
894.74261475 607.92358398
895.26721191 608.07598877
895.70349121 608.22839355
895.95617676 608.38079834
896.05242920 608.53320312
896.45208740 608.68560791
896.83410645 608.83801270
897.52258301 608.99041748
898.24218750 609.14282227
898.63470459 609.29522705
899.06292725 609.44757080
899.51409912 609.59997559
899.74572754 609.75238037
900.05187988 609.90478516
900.06298828 610.05718994
900.23742676 610.20959473
900.48278809 610.36199951
900.78137207 610.51440430
901.32110596 610.66680908
901.82507324 610.81921387
903.12219238 610.97161865
906.31378174 611.12402344
907.07580566 611.27642822
907.50762939 611.42877197
907.49639893 611.58117676
907.04211426 611.73358154
906.01788330 611.88598633
904.46221924 612.03839111
902.20538330 612.19079590
900.74810791 612.34320068
899.73260498 612.49560547
898.51391602 612.64801025
897.07299805 612.80041504
895.17272949 612.95281982
892.85058594 613.10522461
888.00549316 613.25762939
887.66070557 613.40997314
887.81488037 613.56237793
888.14801025 613.71478271
888.45892334 613.86718750
888.72619629 614.01959229
889.00231934 614.17199707
889.14160156 614.32440186
889.32220459 614.47680664
889.35290527 614.62921143
889.39477539 614.78161621
889.49829102 614.93402100
889.67181396 615.08642578
889.96148682 615.23876953
890.33172607 615.39117432
890.64208984 615.54357910
890.90240479 615.69598389
891.22509766 615.84838867
891.31250000 616.00079346
891.51977539 616.15319824
891.80279541 616.30560303
892.09759521 616.45800781
892.45019531 616.61041260
892.69958496 616.76281738
892.92749023 616.91522217
893.12750244 617.06762695
893.30871582 617.21997070
893.46887207 617.37237549
893.80078125 617.52478027
894.10937500 617.67718506
894.49871826 617.82958984
894.83520508 617.98199463
895.25109863 618.13439941
895.73022461 618.28680420
895.98718262 618.43920898
896.17950439 618.59161377
896.37481689 618.74401855
896.52392578 618.89642334
896.56921387 619.04882812
896.72412109 619.20117188
897.10412598 619.35357666
897.50811768 619.50598145
897.97808838 619.65838623
898.46020508 619.81079102
898.72259521 619.96319580
899.14477539 620.11560059
899.45648193 620.26800537
899.78869629 620.42041016
900.27838135 620.57281494
900.63549805 620.72521973
900.96850586 620.87762451
901.38488770 621.03002930
901.70440674 621.18237305
902.09857178 621.33477783
902.39611816 621.48718262
902.56091309 621.63958740
902.69348145 621.79199219
902.83728027 621.94439697
903.11480713 622.09680176
904.04370117 622.24920654
906.63092041 622.40161133
908.22998047 622.55401611
910.80737305 622.70642090
912.67791748 622.85882568
913.65258789 623.01123047
914.90551758 623.16357422
916.06750488 623.31597900
916.44488525 623.46838379
916.79162598 623.62078857
917.18762207 623.77319336
917.41271973 623.92559814
917.70208740 624.07800293
918.00921631 624.23040771
918.08087158 624.38281250
918.31109619 624.53521729
918.46978760 624.68762207
918.67327881 624.84002686
918.90051270 624.99237061
919.24462891 625.14477539
919.54772949 625.29718018
919.55261230 625.44958496
919.47119141 625.60198975
919.36950684 625.75439453
919.14678955 625.90679932
919.00817871 626.05920410
918.95959473 626.21160889
919.09442139 626.36401367
919.20288086 626.51641846
919.25488281 626.66882324
919.22680664 626.82122803
919.25280762 626.97357178
919.29052734 627.12597656
919.38269043 627.27838135
919.52587891 627.43078613
919.78808594 627.58319092
920.05761719 627.73559570
920.33819580 627.88800049
920.60479736 628.04040527
920.77740479 628.19281006
920.86853027 628.34521484
921.07397461 628.49761963
921.39752197 628.65002441
921.81707764 628.80242920
922.45367432 628.95477295
922.75378418 629.10717773
922.82373047 629.25958252
923.06018066 629.41198730
923.20037842 629.56439209
923.43432617 629.71679688
923.62597656 629.86920166
923.86157227 630.02160645
924.04699707 630.17401123
924.19110107 630.32641602
924.34448242 630.47882080
924.62249756 630.63122559
924.93560791 630.78363037
925.20782471 630.93597412
925.62908936 631.08837891
925.90863037 631.24078369
926.28668213 631.39318848
926.52569580 631.54559326
926.94659424 631.69799805
927.19702148 631.85040283
927.44818115 632.00280762
927.68072510 632.15521240
927.90557861 632.30761719
928.28948975 632.46002197
928.46392822 632.61242676
928.66888428 632.76477051
929.05780029 632.91717529
929.29638672 633.06958008
929.78051758 633.22198486
930.33312988 633.37438965
930.77697754 633.52679443
931.07897949 633.67919922
931.43670654 633.83160400
931.75598145 633.98400879
932.02758789 634.13641357
932.29107666 634.28881836
932.51007080 634.44122314
932.83441162 634.59362793
933.38928223 634.74597168
933.90600586 634.89837646
934.36602783 635.05078125
935.03570557 635.20318604
935.51062012 635.35559082
935.80810547 635.50799561
936.20062256 635.66040039
936.42572021 635.81280518
936.64178467 635.96520996
936.86090088 636.11761475
937.04681396 636.27001953
937.28649902 636.42242432
937.65887451 636.57482910
938.13922119 636.72717285
938.50250244 636.87957764
938.69567871 637.03198242
938.86877441 637.18438721
939.25378418 637.33679199
939.52880859 637.48919678
939.76000977 637.64160156
940.27569580 637.79400635
940.77630615 637.94641113
941.33422852 638.09881592
941.96960449 638.25122070
942.44262695 638.40362549
942.68951416 638.55603027
942.87957764 638.70837402
943.03192139 638.86077881
943.16308594 639.01318359
943.89788818 639.16558838
944.22961426 639.31799316
945.07330322 639.47039795
945.24560547 639.62280273
945.49920654 639.77520752
945.81188965 639.92761230
946.04089355 640.08001709
946.67169189 640.23242188
949.40478516 640.38482666
951.44610596 640.53717041
953.45721436 640.68957520
955.23327637 640.84197998
956.23419189 640.99438477
956.76647949 641.14678955
955.66210938 641.29919434
952.53399658 641.45159912
948.07617188 641.60400391
939.44781494 641.75640869
938.90612793 641.90881348
938.90637207 642.06121826
938.87811279 642.21362305
938.90057373 642.36602783
938.85131836 642.51837158
938.83978271 642.67077637
938.84759521 642.82318115
938.81719971 642.97558594
938.93682861 643.12799072
939.24407959 643.28039551
939.42620850 643.43280029
939.48779297 643.58520508
939.67071533 643.73760986
939.73681641 643.89001465
939.78137207 644.04241943
939.91290283 644.19482422
940.02850342 644.34722900
940.27172852 644.49957275
940.74511719 644.65197754
941.03289795 644.80438232
941.34881592 644.95678711
941.69842529 645.10919189
941.88311768 645.26159668
942.15521240 645.41400146
942.43707275 645.56640625
942.65539551 645.71881104
942.90051270 645.87121582
943.07897949 646.02362061
943.30407715 646.17602539
943.59942627 646.32843018
943.85998535 646.48077393
944.07922363 646.63317871
944.27777100 646.78558350
944.65051270 646.93798828
944.95190430 647.09039307
945.31127930 647.24279785
945.76947021 647.39520264
946.10577393 647.54760742
946.30487061 647.70001221
946.42388916 647.85241699
946.66809082 648.00482178
946.83221436 648.15722656
947.13568115 648.30957031
947.52838135 648.46197510
947.75390625 648.61437988
948.10101318 648.76678467
948.42156982 648.91918945
948.70989990 649.07159424
948.96350098 649.22399902
949.26361084 649.37640381
949.56591797 649.52880859
949.84472656 649.68121338
950.25329590 649.83361816
950.59271240 649.98602295
950.99072266 650.13842773
951.42938232 650.29077148
951.74902344 650.44317627
952.16668701 650.59558105
952.53448486 650.74798584
952.87402344 650.90039062
953.19000244 651.05279541
953.52307129 651.20520020
953.78210449 651.35760498
954.05749512 651.51000977
954.33422852 651.66241455
954.88348389 651.81481934
956.17810059 651.96722412
958.21820068 652.11962891
960.99957275 652.27197266
964.37921143 652.42437744
967.73571777 652.57678223
969.64617920 652.72918701
970.94622803 652.88159180
971.03637695 653.03399658
970.92602539 653.18640137
971.04168701 653.33880615
971.08099365 653.49121094
971.20239258 653.64361572
970.96478271 653.79602051
970.68347168 653.94842529
970.35559082 654.10083008
970.05688477 654.25317383
969.92889404 654.40557861
969.82611084 654.55798340
969.88989258 654.71038818
969.99200439 654.86279297
970.14978027 655.01519775
970.18060303 655.16760254
970.22479248 655.32000732
970.16339111 655.47241211
970.14941406 655.62481689
970.06109619 655.77722168
970.00042725 655.92962646
969.91851807 656.08197021
969.72058105 656.23437500
969.61871338 656.38677979
969.51928711 656.53918457
969.37518311 656.69158936
969.39538574 656.84399414
969.55371094 656.99639893
969.65509033 657.14880371
969.89508057 657.30120850
970.12097168 657.45361328
970.23339844 657.60601807
970.38818359 657.75842285
970.44421387 657.91082764
970.52709961 658.06317139
970.71697998 658.21557617
970.88000488 658.36798096
971.23522949 658.52038574
971.67260742 658.67279053
972.06201172 658.82519531
972.36511230 658.97760010
972.67071533 659.13000488
973.10906982 659.28240967
973.41302490 659.43481445
973.86822510 659.58721924
974.16741943 659.73962402
974.45288086 659.89202881
974.76647949 660.04437256
975.04040527 660.19677734
975.38592529 660.34918213
975.74682617 660.50158691
976.12390137 660.65399170
976.47290039 660.80639648
976.76141357 660.95880127
977.07788086 661.11120605
977.26849365 661.26361084
977.49011230 661.41601562
977.83728027 661.56842041
978.12860107 661.72082520
978.46752930 661.87322998
978.70397949 662.02557373
978.86041260 662.17797852
979.02722168 662.33038330
979.30932617 662.48278809
979.62097168 662.63519287
979.88623047 662.78759766
980.18109131 662.94000244
980.50439453 663.09240723
980.72778320 663.24481201
981.02288818 663.39721680
981.39862061 663.54962158
981.70281982 663.70202637
982.00610352 663.85437012
982.46636963 664.00677490
982.73217773 664.15917969
983.07019043 664.31158447
983.38739014 664.46398926
983.81591797 664.61639404
984.08062744 664.76879883
984.33648682 664.92120361
984.89459229 665.07360840
985.20922852 665.22601318
985.49987793 665.37841797
985.79852295 665.53082275
986.08221436 665.68322754
986.33319092 665.83557129
986.60711670 665.98797607
986.92260742 666.14038086
987.25982666 666.29278564
987.70111084 666.44519043
987.98406982 666.59759521
988.33929443 666.75000000
988.65863037 666.90240479
988.89660645 667.05480957
989.23242188 667.20721436
989.62127686 667.35961914
990.05981445 667.51202393
990.26879883 667.66442871
990.63769531 667.81677246
990.97412109 667.96917725
991.34417725 668.12158203
991.71417236 668.27398682
992.14447021 668.42639160
993.73712158 668.57879639
997.09967041 668.73120117
999.62518311 668.88360596
1001.04748535 669.03601074
1001.63372803 669.18841553
1001.80249023 669.34082031
1001.22320557 669.49322510
1000.46520996 669.64562988
999.15832520 669.79797363
996.37792969 669.95037842
993.76861572 670.10278320
991.18707275 670.25518799
987.92218018 670.40759277
983.77062988 670.55999756
983.36627197 670.71240234
983.31732178 670.86480713
983.22741699 671.01721191
983.21710205 671.16961670
983.27801514 671.32202148
983.32159424 671.47442627
983.42102051 671.62677002
983.58538818 671.77917480
983.79229736 671.93157959
983.99951172 672.08398438
984.26049805 672.23638916
984.40820312 672.38879395
984.66302490 672.54119873
984.91180420 672.69360352
985.30810547 672.84600830
985.47583008 672.99841309
985.69769287 673.15081787
985.90521240 673.30322266
986.08599854 673.45562744
986.49090576 673.60797119
986.81939697 673.76037598
987.20568848 673.91278076
987.50738525 674.06518555
987.76458740 674.21759033
988.02886963 674.36999512
988.35479736 674.52239990
988.68121338 674.67480469
988.88848877 674.82720947
989.21520996 674.97961426
989.41741943 675.13201904
989.69262695 675.28442383
990.06500244 675.43682861
990.37670898 675.58917236
990.77099609 675.74157715
991.19738770 675.89398193
991.50769043 676.04638672
991.80822754 676.19879150
992.09521484 676.35119629
992.45751953 676.50360107
992.78833008 676.65600586
993.12878418 676.80841064
993.57421875 676.96081543
993.94580078 677.11322021
994.19732666 677.26562500
994.69287109 677.41802979
995.01751709 677.57037354
995.40948486 677.72277832
995.79327393 677.87518311
996.03967285 678.02758789
996.34912109 678.17999268
996.74511719 678.33239746
997.31341553 678.48480225
997.57281494 678.63720703
997.94152832 678.78961182
998.31542969 678.94201660
998.68432617 679.09442139
999.04901123 679.24682617
999.58569336 679.39916992
999.83941650 679.55157471
1000.13238525 679.70397949
1000.42620850 679.85638428
1000.64093018 680.00878906
1000.94207764 680.16119385
1001.23999023 680.31359863
1001.48010254 680.46600342
1001.86132812 680.61840820
1002.25482178 680.77081299
1002.59069824 680.92321777
1002.88610840 681.07562256
1003.20587158 681.22802734
1003.50280762 681.38037109
1003.81689453 681.53277588
1004.18908691 681.68518066
1004.54968262 681.83758545
1004.94787598 681.98999023
1005.22137451 682.14239502
1005.79199219 682.29479980
1006.02850342 682.44720459
1006.36248779 682.59960938
1006.62597656 682.75201416
1006.80407715 682.90441895
1007.39251709 683.05682373
1008.84759521 683.20922852
1010.84497070 683.36157227
1013.52709961 683.51397705
1015.94830322 683.66638184
1018.26269531 683.81878662
1020.80548096 683.97119141
1021.96667480 684.12359619
1022.19519043 684.27600098
1022.40777588 684.42840576
1022.60717773 684.58081055
1022.64318848 684.73321533
1022.66601562 684.88562012
1022.88061523 685.03802490
1023.46557617 685.19042969
1024.18823242 685.34277344
1024.91406250 685.49517822
1025.51525879 685.64758301
1025.72424316 685.79998779
1025.65124512 685.95239258
1025.15454102 686.10479736
1024.41137695 686.25720215
1023.83142090 686.40960693
1023.09460449 686.56201172
1022.57897949 686.71441650
1022.24511719 686.86682129
1021.92230225 687.01922607
1021.75268555 687.17156982
1021.73327637 687.32397461
1021.71447754 687.47637939
1021.73620605 687.62878418
1021.81750488 687.78118896
1022.02117920 687.93359375
1022.27478027 688.08599854
1023.13140869 688.23840332
1023.61590576 688.39080811
1024.37182617 688.54321289
1024.78955078 688.69561768
1025.09094238 688.84802246
1025.30761719 689.00042725
1025.30871582 689.15277100
1025.26538086 689.30517578
1025.05761719 689.45758057
1024.86059570 689.60998535
1024.92663574 689.76239014
1024.80273438 689.91479492
1024.76879883 690.06719971
1024.60253906 690.21960449
1024.49609375 690.37200928
1024.48437500 690.52441406
1024.32971191 690.67681885
1024.23364258 690.82922363
1024.10864258 690.98162842
1023.87109375 691.13397217
1023.67199707 691.28637695
1023.53161621 691.43878174
1023.37921143 691.59118652
1023.51818848 691.74359131
1023.89471436 691.89599609
1024.18554688 692.04840088
1024.86230469 692.20080566
1025.35620117 692.35321045
1025.82055664 692.50561523
1026.46984863 692.65802002
1027.08544922 692.81042480
1027.49987793 692.96282959
1027.83874512 693.11517334
1028.34594727 693.26757812
1028.60107422 693.41998291
1029.01745605 693.57238770
1029.48461914 693.72479248
1029.90234375 693.87719727
1030.42077637 694.02960205
1030.85021973 694.18200684
1031.26892090 694.33441162
1031.55407715 694.48681641
1031.89465332 694.63922119
1032.15893555 694.79162598
1032.54052734 694.94396973
1032.90295410 695.09637451
1033.18225098 695.24877930
1033.56054688 695.40118408
1033.94763184 695.55358887
1034.34179688 695.70599365
1034.73120117 695.85839844
1035.07202148 696.01080322
1035.27355957 696.16320801
1035.52380371 696.31561279
1035.72692871 696.46801758
1036.07434082 696.62042236
1036.33459473 696.77282715
1036.66442871 696.92517090
1037.27404785 697.07757568
1037.84545898 697.22998047
1038.43066406 697.38238525
1039.39123535 697.53479004
1042.33776855 697.68719482
1044.89294434 697.83959961
1047.98156738 697.99200439
1050.82495117 698.14440918
1052.45324707 698.29681396
1053.19201660 698.44921875
1051.42102051 698.60162354
1048.63330078 698.75402832
1045.13037109 698.90637207
1040.49572754 699.05877686
1038.14428711 699.21118164
1036.19152832 699.36358643
1035.96582031 699.51599121
1036.29968262 699.66839600
1036.40893555 699.82080078
1036.59985352 699.97320557
1036.77014160 700.12561035
1036.88488770 700.27801514
1037.09765625 700.43041992
1037.26745605 700.58282471
1037.44555664 700.73522949
1037.72033691 700.88757324
1038.06005859 701.03997803
1038.44201660 701.19238281
1038.81445312 701.34478760
1039.13867188 701.49719238
1039.38659668 701.64959717
1039.64672852 701.80200195
1039.86572266 701.95440674
1040.15051270 702.10681152
1040.37194824 702.25921631
1040.61889648 702.41162109
1040.88403320 702.56402588
1041.18981934 702.71636963
1041.46252441 702.86877441
1041.73535156 703.02117920
1041.97485352 703.17358398
1042.22949219 703.32598877
1042.47009277 703.47839355
1042.68310547 703.63079834
1042.93151855 703.78320312
1043.11657715 703.93560791
1043.32495117 704.08801270
1043.58666992 704.24041748
1043.82800293 704.39282227
1044.06994629 704.54522705
1044.29443359 704.69757080
1044.53405762 704.84997559
1044.88708496 705.00238037
1045.19934082 705.15478516
1045.46752930 705.30718994
1045.78430176 705.45959473
1045.93994141 705.61199951
1046.14526367 705.76440430
1046.35571289 705.91680908
1046.64526367 706.06921387
1046.95727539 706.22161865
1047.24877930 706.37402344
1047.65869141 706.52642822
1047.87255859 706.67877197
1048.16931152 706.83117676
1048.48339844 706.98358154
1048.93469238 707.13598633
1049.30737305 707.28839111
1049.83239746 707.44079590
1050.45715332 707.59320068
1051.68054199 707.74560547
1053.41955566 707.89801025
1055.86535645 708.05041504
1059.72607422 708.20281982
1063.08691406 708.35522461
1064.26245117 708.50762939
1064.89038086 708.65997314
1065.08801270 708.81237793
1064.52050781 708.96478271
1063.79895020 709.11718750
1062.96154785 709.26959229
1062.27404785 709.42199707
1061.63049316 709.57440186
1061.16394043 709.72680664
1061.04064941 709.87921143
1061.03015137 710.03161621
1061.25244141 710.18402100
1061.17895508 710.33642578
1061.30029297 710.48876953
1061.48498535 710.64117432
1061.70104980 710.79357910
1061.91333008 710.94598389
1062.03063965 711.09838867
1062.15405273 711.25079346
1062.02185059 711.40319824
1061.71435547 711.55560303
1061.25622559 711.70800781
1060.66174316 711.86041260
1060.27124023 712.01281738
1059.99645996 712.16522217
1059.92834473 712.31762695
1060.00903320 712.46997070
1060.21435547 712.62237549
1060.51525879 712.77478027
1060.76135254 712.92718506
1061.02282715 713.07958984
1061.13403320 713.23199463
1061.13085938 713.38439941
1061.05358887 713.53680420
1061.02514648 713.68920898
1061.03234863 713.84161377
1061.08593750 713.99401855
1061.19555664 714.14642334
1061.31250000 714.29882812
1061.47790527 714.45117188
1061.62646484 714.60357666
1061.82653809 714.75598145
1061.96166992 714.90838623
1062.15161133 715.06079102
1062.34509277 715.21319580
1062.41674805 715.36560059
1062.51464844 715.51800537
1062.64477539 715.67041016
1062.83105469 715.82281494
1063.09204102 715.97521973
1063.38806152 716.12762451
1063.67016602 716.28002930
1063.99206543 716.43237305
1064.23107910 716.58477783
1064.52221680 716.73718262
1064.77685547 716.88958740
1064.98913574 717.04199219
1065.28125000 717.19439697
1065.60156250 717.34680176
1065.94372559 717.49920654
1066.23706055 717.65161133
1066.50146484 717.80401611
1066.70507812 717.95642090
1067.04724121 718.10882568
1067.30468750 718.26123047
1067.52209473 718.41357422
1067.73901367 718.56597900
1067.88574219 718.71838379
1068.10705566 718.87078857
1068.33459473 719.02319336
1068.68310547 719.17559814
1069.04101562 719.32800293
1069.35656738 719.48040771
1069.76379395 719.63281250
1070.10852051 719.78521729
1070.36376953 719.93762207
1070.63684082 720.09002686
1070.97460938 720.24237061
1071.38952637 720.39477539
1071.74035645 720.54718018
1072.07543945 720.69958496
1072.23205566 720.85198975
1072.59716797 721.00439453
1072.88854980 721.15679932
1073.18493652 721.30920410
1073.45666504 721.46160889
1073.67211914 721.61401367
1073.92724609 721.76641846
1074.22216797 721.91882324
1074.61535645 722.07122803
1074.88757324 722.22357178
1074.32556152 722.37597656
1073.71264648 722.52838135
1073.21484375 722.68078613
1072.65051270 722.83319092
1072.86035156 722.98559570
1073.07177734 723.13800049
1073.15673828 723.29040527
1072.36755371 723.44281006
1068.72924805 723.59521484
1062.96533203 723.74761963
1063.94714355 723.90002441
1067.58898926 724.05242920
1070.44311523 724.20477295
1072.39123535 724.35717773
1073.35583496 724.50958252
1074.88574219 724.66198730
1074.20654297 724.81439209
1073.92553711 724.96679688
1074.46997070 725.11920166
1075.84594727 725.27160645
1078.35534668 725.42401123
1079.88598633 725.57641602
1081.07165527 725.72882080
1082.65185547 725.88122559
1085.61828613 726.03363037
1089.04882812 726.18597412
1090.93005371 726.33837891
1091.81994629 726.49078369
1091.87023926 726.64318848
1091.84716797 726.79559326
1091.31066895 726.94799805
1090.15344238 727.10040283
1089.11975098 727.25280762
1087.19030762 727.40521240
1084.56970215 727.55761719
1082.58679199 727.71002197
1078.47021484 727.86242676
1076.99719238 728.01477051
1077.06591797 728.16717529
1077.39404297 728.31958008
1077.85607910 728.47198486
1077.93615723 728.62438965
1078.82861328 728.77679443
1079.64392090 728.92919922
1080.77331543 729.08160400
1081.47839355 729.23400879
1081.82678223 729.38641357
1081.60754395 729.53881836
1081.83044434 729.69122314
1081.62158203 729.84362793
1081.64526367 729.99597168
1082.28088379 730.14837646
1082.35644531 730.30078125
1082.85156250 730.45318604
1082.78063965 730.60559082
1082.94677734 730.75799561
1083.70080566 730.91040039
1083.76965332 731.06280518
1084.28198242 731.21520996
1084.82824707 731.36761475
1085.28491211 731.52001953
1085.77612305 731.67242432
1086.00781250 731.82482910
1086.23486328 731.97717285
1086.51342773 732.12957764
1086.45312500 732.28198242
1086.61877441 732.43438721
1086.55712891 732.58679199
1086.83679199 732.73919678
1087.28881836 732.89160156
1087.87414551 733.04400635
1088.18493652 733.19641113
1088.50012207 733.34881592
1088.51525879 733.50122070
1088.95471191 733.65362549
1089.09362793 733.80603027
1089.76074219 733.95837402
1090.12939453 734.11077881
1090.55908203 734.26318359
1090.80175781 734.41558838
1091.06750488 734.56799316
1091.42785645 734.72039795
1091.88183594 734.87280273
1091.91198730 735.02520752
1092.14514160 735.17761230
1092.42724609 735.33001709
1092.81555176 735.48242188
1093.36035156 735.63482666
1093.76379395 735.78717041
1094.47546387 735.93957520
1094.25183105 736.09197998
1094.66931152 736.24438477
1094.53271484 736.39678955
1094.82849121 736.54919434
1095.51599121 736.70159912
1096.33959961 736.85400391
1097.80102539 737.00640869
1100.27136230 737.15881348
1101.78759766 737.31121826
1103.61584473 737.46362305
1103.64990234 737.61602783
1103.89221191 737.76837158
1103.79785156 737.92077637
1102.74414062 738.07318115
1101.25122070 738.22558594
1100.67553711 738.37799072
1099.88745117 738.53039551
1099.83105469 738.68280029
1100.33093262 738.83520508
1100.93090820 738.98760986
1102.31518555 739.14001465
1104.77331543 739.29241943
1108.02380371 739.44482422
1112.43249512 739.59722900
1117.28894043 739.74957275
1119.33618164 739.90197754
1120.71447754 740.05438232
1121.35083008 740.20678711
1121.85388184 740.35919189
1121.54943848 740.51159668
1121.01379395 740.66400146
1120.74694824 740.81640625
1120.17077637 740.96881104
1119.53259277 741.12121582
1118.92126465 741.27362061
1118.32287598 741.42602539
1118.02124023 741.57843018
1117.68115234 741.73077393
1117.32324219 741.88317871
1117.01013184 742.03558350
1116.47326660 742.18798828
1116.17480469 742.34039307
1116.12390137 742.49279785
1116.15234375 742.64520264
1116.48596191 742.79760742
1116.70935059 742.95001221
1117.10766602 743.10241699
1117.47424316 743.25482178
1117.92541504 743.40722656
1118.11437988 743.55957031
1118.55773926 743.71197510
1118.88354492 743.86437988
1119.12365723 744.01678467
1119.36376953 744.16918945
1119.42431641 744.32159424
1119.43005371 744.47399902
1119.33422852 744.62640381
1119.20324707 744.77880859
1119.06701660 744.93121338
1118.97473145 745.08361816
1118.77929688 745.23602295
1118.50598145 745.38842773
1118.00683594 745.54077148
1117.44995117 745.69317627
1116.86730957 745.84558105
1116.58129883 745.99798584
1116.19470215 746.15039062
1116.23754883 746.30279541
1116.45214844 746.45520020
1116.80175781 746.60760498
1117.22912598 746.76000977
1117.85229492 746.91241455
1118.59887695 747.06481934
1119.63293457 747.21722412
1121.02294922 747.36962891
1121.93200684 747.52197266
1121.86425781 747.67437744
1121.83703613 747.82678223
1121.35144043 747.97918701
1121.32153320 748.13159180
1120.83862305 748.28399658
1120.68688965 748.43640137
1120.92797852 748.58880615
1120.82214355 748.74121094
1121.38415527 748.89361572
1121.83447266 749.04602051
1122.29956055 749.19842529
1122.56616211 749.35083008
1122.95935059 749.50317383
1123.04345703 749.65557861
1123.51049805 749.80798340
1124.10449219 749.96038818
1124.92883301 750.11279297
1126.50598145 750.26519775
1127.35717773 750.41760254
1128.27124023 750.57000732
1129.25817871 750.72241211
1129.09338379 750.87481689
1129.33044434 751.02722168
1129.39758301 751.17962646
1128.94592285 751.33197021
1128.88305664 751.48437500
1128.43969727 751.63677979
1128.28857422 751.78918457
1127.83129883 751.94158936
1127.54003906 752.09399414
1125.84338379 752.24639893
1123.27026367 752.39880371
1123.61645508 752.55120850
1124.62048340 752.70361328
1126.55346680 752.85601807
1128.20007324 753.00842285
1129.09741211 753.16082764
1131.26721191 753.31317139
1130.63623047 753.46557617
1130.28698730 753.61798096
1130.00134277 753.77038574
1130.63732910 753.92279053
1132.32299805 754.07519531
1132.85363770 754.22760010
1132.62451172 754.38000488
1134.75817871 754.53240967
1137.64648438 754.68481445
1141.25585938 754.83721924
1144.77453613 754.98962402
1147.73327637 755.14202881
1150.70446777 755.29437256
1153.14428711 755.44677734
1154.53491211 755.59918213
1155.11840820 755.75158691
1154.36779785 755.90399170
1152.44384766 756.05639648
1148.71081543 756.20880127
1143.70617676 756.36120605
1136.10241699 756.51361084
1133.21643066 756.66601562
1133.32873535 756.81842041
1133.38525391 756.97082520
1133.40698242 757.12322998
1133.39880371 757.27557373
1133.42614746 757.42797852
1134.24414062 757.58038330
1139.17675781 757.73278809
1140.79455566 757.88519287
1142.17700195 758.03759766
1142.51184082 758.19000244
1141.61865234 758.34240723
1140.81689453 758.49481201
1137.58154297 758.64721680
1137.06835938 758.79962158
1137.48535156 758.95202637
1138.13220215 759.10437012
1139.62548828 759.25677490
1140.89111328 759.40917969
1141.86303711 759.56158447
1141.81445312 759.71398926
1141.43334961 759.86639404
1140.81542969 760.01879883
1140.46166992 760.17120361
1139.95361328 760.32360840
1140.14074707 760.47601318
1140.29919434 760.62841797
1140.34399414 760.78082275
1140.58764648 760.93322754
1140.68115234 761.08557129
1140.68237305 761.23797607
1140.62695312 761.39038086
1140.47802734 761.54278564
1140.70605469 761.69519043
1140.83752441 761.84759521
1141.07983398 762.00000000
1141.48535156 762.15240479
1141.91540527 762.30480957
1142.20715332 762.45721436
1142.53015137 762.60961914
1142.69006348 762.76202393
1142.95715332 762.91442871
1143.14685059 763.06677246
1143.49304199 763.21917725
1143.87976074 763.37158203
1144.28173828 763.52398682
1144.82922363 763.67639160
1145.30468750 763.82879639
1145.67944336 763.98120117
1146.05053711 764.13360596
1146.36218262 764.28601074
1146.67858887 764.43841553
1146.99523926 764.59082031
1147.36889648 764.74322510
1147.83715820 764.89562988
1148.40539551 765.04797363
1149.10034180 765.20037842
1149.66479492 765.35278320
1150.47424316 765.50518799
1151.13696289 765.65759277
1151.94226074 765.80999756
1152.48144531 765.96240234
1153.18664551 766.11480713
1153.88647461 766.26721191
1154.73254395 766.41961670
1155.46447754 766.57202148
1156.09008789 766.72442627
1156.65588379 766.87677002
1157.54260254 767.02917480
1158.96276855 767.18157959
1160.27636719 767.33398438
1161.61987305 767.48638916
1162.37878418 767.63879395
1162.56713867 767.79119873
1162.25805664 767.94360352
1161.41601562 768.09600830
1160.67944336 768.24841309
1160.28894043 768.40081787
1160.09265137 768.55322266
1159.81909180 768.70562744
1159.38464355 768.85797119
1158.89587402 769.01037598
1158.26342773 769.16278076
1157.93481445 769.31518555
1157.83825684 769.46759033
1158.04785156 769.61999512
1158.33654785 769.77239990
1158.52087402 769.92480469
1158.87756348 770.07720947
1158.95141602 770.22961426
1159.16821289 770.38201904
1160.27551270 770.53442383
1161.79260254 770.68682861
1163.86547852 770.83917236
1166.05017090 770.99157715
1168.28186035 771.14398193
1170.71398926 771.29638672
1173.21472168 771.44879150
1176.57861328 771.60119629
1179.72741699 771.75360107
1184.35949707 771.90600586
1189.69091797 772.05841064
1197.93554688 772.21081543
1204.85778809 772.36322021
1209.48107910 772.51562500
1213.42749023 772.66802979
1215.12231445 772.82037354
1214.25195312 772.97277832
1213.25866699 773.12518311
1209.82238770 773.27758789
1206.01354980 773.42999268
1202.39404297 773.58239746
1198.49304199 773.73480225
1194.06884766 773.88720703
1192.68591309 774.03961182
1189.14306641 774.19201660
1186.90698242 774.34442139
1186.04467773 774.49682617
1185.82055664 774.64916992
1185.51379395 774.80157471
1185.48852539 774.95397949
1185.69775391 775.10638428
1185.79650879 775.25878906
1185.85546875 775.41119385
1185.28454590 775.56359863
1184.65087891 775.71600342
1184.02099609 775.86840820
1183.16809082 776.02081299
1182.57666016 776.17321777
1181.69775391 776.32562256
1180.79833984 776.47802734
1180.15429688 776.63037109
1179.56115723 776.78277588
1179.16174316 776.93518066
1179.10412598 777.08758545
1179.17333984 777.23999023
1179.53564453 777.39239502
1180.07922363 777.54479980
1180.43554688 777.69720459
1180.84289551 777.84960938
1181.31677246 778.00201416
1181.44812012 778.15441895
1181.35327148 778.30682373
1181.33386230 778.45922852
1180.86804199 778.61157227
1180.50524902 778.76397705
1177.76123047 778.91638184
1176.44384766 779.06878662
1175.75085449 779.22119141
1175.90490723 779.37359619
1177.05725098 779.52600098
1178.74487305 779.67840576
1180.50000000 779.83081055
1182.21655273 779.98321533
1182.19641113 780.13562012
1182.09838867 780.28802490
1182.17333984 780.44042969
1182.26794434 780.59277344
1182.61865234 780.74517822
1183.14013672 780.89758301
1183.33056641 781.04998779
1183.03454590 781.20239258
1182.34484863 781.35479736
1180.60571289 781.50720215
1178.05200195 781.65960693
1171.98413086 781.81201172
1166.95129395 781.96441650
1169.58715820 782.11682129
1170.12414551 782.26922607
1172.58825684 782.42156982
1174.43334961 782.57397461
1175.22375488 782.72637939
1179.91064453 782.87878418
1179.55505371 783.03118896
1179.44604492 783.18359375
1180.46154785 783.33599854
1181.52734375 783.48840332
1183.36755371 783.64080811
1185.18298340 783.79321289
1187.92175293 783.94561768
1191.32519531 784.09802246
1194.15258789 784.25042725
1195.24475098 784.40277100
1195.13684082 784.55517578
1193.95886230 784.70758057
1192.60351562 784.85998535
1191.07360840 785.01239014
1189.81091309 785.16479492
1188.50720215 785.31719971
1187.55444336 785.46960449
1186.50671387 785.62200928
1185.39392090 785.77441406
1184.76257324 785.92681885
1183.87487793 786.07922363
1184.24365234 786.23162842
1184.40625000 786.38397217
1184.56884766 786.53637695
1184.45043945 786.68878174
1184.25622559 786.84118652
1183.94152832 786.99359131
1183.68334961 787.14599609
1183.50524902 787.29840088
1183.28161621 787.45080566
1183.31213379 787.60321045
1183.39672852 787.75561523
1183.56347656 787.90802002
1183.73095703 788.06042480
1183.83435059 788.21282959
1184.00952148 788.36517334
1184.05578613 788.51757812
1184.23706055 788.66998291
1184.43554688 788.82238770
1184.61755371 788.97479248
1184.84448242 789.12719727
1184.91699219 789.27960205
1185.09606934 789.43200684
1185.24792480 789.58441162
1185.47509766 789.73681641
1185.71215820 789.88922119
1185.99780273 790.04162598
1186.31530762 790.19396973
1186.55273438 790.34637451
1186.87426758 790.49877930
1187.20458984 790.65118408
1187.51293945 790.80358887
1187.80505371 790.95599365
1188.11022949 791.10839844
1188.45849609 791.26080322
1188.70104980 791.41320801
1189.00158691 791.56561279
1189.24194336 791.71801758
1189.46374512 791.87042236
1189.77270508 792.02282715
1190.17749023 792.17517090
1190.62927246 792.32757568
1191.08007812 792.47998047
1191.49609375 792.63238525
1191.96936035 792.78479004
1192.38439941 792.93719482
1192.72814941 793.08959961
1193.19189453 793.24200439
1193.65026855 793.39440918
1193.88354492 793.54681396
1194.23229980 793.69921875
1194.47448730 793.85162354
1194.81665039 794.00402832
1195.04345703 794.15637207
1195.25939941 794.30877686
1195.56762695 794.46118164
1195.92443848 794.61358643
1196.28662109 794.76599121
1196.55517578 794.91839600
1196.95727539 795.07080078
1197.15661621 795.22320557
1197.48132324 795.37561035
1197.89819336 795.52801514
1198.20971680 795.68041992
1198.50964355 795.83282471
1198.93225098 795.98522949
1199.35803223 796.13757324
1199.71911621 796.28997803
1200.08959961 796.44238281
1200.33166504 796.59478760
1200.63916016 796.74719238
1200.90429688 796.89959717
1201.20092773 797.05200195
1201.72265625 797.20440674
1202.20568848 797.35681152
1202.73889160 797.50921631
1203.24096680 797.66162109
1203.85241699 797.81402588
1204.15197754 797.96636963
1204.53088379 798.11877441
1204.81274414 798.27117920
1205.03295898 798.42358398
1205.23425293 798.57598877
1205.52294922 798.72839355
1205.86132812 798.88079834
1206.11010742 799.03320312
1206.36010742 799.18560791
1206.71447754 799.33801270
1206.89562988 799.49041748
1207.18884277 799.64282227
1207.52111816 799.79522705
1207.85937500 799.94757080
1208.25415039 800.09997559
1208.64855957 800.25238037
1209.01879883 800.40478516
1209.50646973 800.55718994
1209.91552734 800.70959473
1210.23974609 800.86199951
1210.48242188 801.01440430
1210.66076660 801.16680908
1210.85327148 801.31921387
1211.16723633 801.47161865
1211.58154297 801.62402344
1212.35363770 801.77642822
1213.15661621 801.92877197
1213.60876465 802.08117676
1214.16259766 802.23358154
1214.55834961 802.38598633
1214.62866211 802.53839111
1214.83618164 802.69079590
1214.80285645 802.84320068
1214.85168457 802.99560547
1214.99487305 803.14801025
1215.13867188 803.30041504
1215.43225098 803.45281982
1215.75354004 803.60522461
1216.05944824 803.75762939
1216.35009766 803.90997314
1216.69104004 804.06237793
1217.09985352 804.21478271
1217.47204590 804.36718750
1218.00463867 804.51959229
1218.29394531 804.67199707
1218.66284180 804.82440186
1218.87219238 804.97680664
1219.27404785 805.12921143
1219.57629395 805.28161621
1219.88842773 805.43402100
1220.15795898 805.58642578
1220.29418945 805.73876953
1220.46691895 805.89117432
1220.66699219 806.04357910
1220.84423828 806.19598389
1221.64416504 806.34838867
1225.34484863 806.50079346
1235.61755371 806.65319824
1244.12683105 806.80560303
1253.99194336 806.95800781
1262.76879883 807.11041260
1273.59741211 807.26281738
1283.47436523 807.41522217
1292.11828613 807.56762695
1295.02441406 807.71997070
1292.52978516 807.87237549
1290.44750977 808.02478027
1287.48107910 808.17718506
1284.74963379 808.32958984
1283.16601562 808.48199463
1283.43420410 808.63439941
1285.48925781 808.78680420
1288.29077148 808.93920898
1290.82385254 809.09161377
1293.40319824 809.24401855
1295.21154785 809.39642334
1295.67565918 809.54882812
1293.34716797 809.70117188
1289.19213867 809.85357666
1285.52758789 810.00598145
1282.21826172 810.15838623
1277.68420410 810.31079102
1271.11718750 810.46319580
1265.82812500 810.61560059
1261.93005371 810.76800537
1257.73645020 810.92041016
1254.92041016 811.07281494
1252.33581543 811.22521973
1249.87145996 811.37762451
1248.62475586 811.53002930
1248.73010254 811.68237305
1248.95751953 811.83477783
1249.62512207 811.98718262
1250.24401855 812.13958740
1250.81335449 812.29199219
1251.19104004 812.44439697
1251.55187988 812.59680176
1251.92187500 812.74920654
1252.39965820 812.90161133
1252.63684082 813.05401611
1252.18054199 813.20642090
1251.19970703 813.35882568
1249.91967773 813.51123047
1248.99011230 813.66357422
1247.55175781 813.81597900
1246.09753418 813.96838379
1244.67956543 814.12078857
1242.95825195 814.27319336
1241.33337402 814.42559814
1240.29968262 814.57800293
1239.68750000 814.73040771
1239.22595215 814.88281250
1238.49438477 815.03521729
1238.07385254 815.18762207
1237.17431641 815.34002686
1235.87915039 815.49237061
1235.00634766 815.64477539
1234.23754883 815.79718018
1233.66674805 815.94958496
1233.19616699 816.10198975
1232.91357422 816.25439453
1232.87463379 816.40679932
1232.96850586 816.55920410
1233.21813965 816.71160889
1233.39245605 816.86401367
1233.59875488 817.01641846
1233.85266113 817.16882324
1234.01916504 817.32122803
1234.34753418 817.47357178
1234.59838867 817.62597656
1234.72802734 817.77838135
1234.94616699 817.93078613
1235.20874023 818.08319092
1235.43933105 818.23559570
1235.68469238 818.38800049
1236.02905273 818.54040527
1236.32336426 818.69281006
1236.68054199 818.84521484
1237.13623047 818.99761963
1237.44689941 819.15002441
1237.83825684 819.30242920
1238.13012695 819.45477295
1238.48376465 819.60717773
1238.78479004 819.75958252
1239.14782715 819.91198730
1239.49914551 820.06439209
1239.73474121 820.21679688
1239.96545410 820.36920166
1240.10974121 820.52160645
1240.40075684 820.67401123
1240.82019043 820.82641602
1241.19897461 820.97882080
1241.56884766 821.13122559
1241.88256836 821.28363037
1242.28430176 821.43597412
1242.60559082 821.58837891
1242.90869141 821.74078369
1243.22131348 821.89318848
1243.52404785 822.04559326
1243.76867676 822.19799805
1244.21276855 822.35040283
1244.69189453 822.50280762
1245.11584473 822.65521240
1245.52294922 822.80761719
1245.97729492 822.96002197
1246.20861816 823.11242676
1246.52795410 823.26477051
1246.91894531 823.41717529
1247.20288086 823.56958008
1247.39099121 823.72198486
1247.63623047 823.87438965
1247.94018555 824.02679443
1248.23388672 824.17919922
1248.63232422 824.33160400
1249.11083984 824.48400879
1249.45507812 824.63641357
1249.69128418 824.78881836
1250.09179688 824.94122314
1250.31835938 825.09362793
1250.50646973 825.24597168
1250.75024414 825.39837646
1250.93273926 825.55078125
1251.08862305 825.70318604
1251.22558594 825.85559082
1251.48400879 826.00799561
1251.73730469 826.16040039
1252.02453613 826.31280518
1252.40966797 826.46520996
1252.71765137 826.61761475
1253.02185059 826.77001953
1253.49194336 826.92242432
1253.95910645 827.07482910
1254.40844727 827.22717285
1254.94494629 827.37957764
1255.44909668 827.53198242
1255.86413574 827.68438721
1256.24511719 827.83679199
1256.44238281 827.98919678
1256.58825684 828.14160156
1256.94995117 828.29400635
1258.88000488 828.44641113
1265.49206543 828.59881592
1273.45690918 828.75122070
1282.69262695 828.90362549
1293.56555176 829.05603027
1305.24523926 829.20837402
1313.68994141 829.36077881
1319.02502441 829.51318359
1321.10522461 829.66558838
1318.88500977 829.81799316
1315.97937012 829.97039795
1312.84362793 830.12280273
1309.54553223 830.27520752
1307.82824707 830.42761230
1305.11437988 830.58001709
1302.40551758 830.73242188
1299.57604980 830.88482666
1297.48315430 831.03717041
1296.16235352 831.18957520
1296.27844238 831.34197998
1296.68493652 831.49438477
1297.47192383 831.64678955
1297.85253906 831.79919434
1295.85217285 831.95159912
1292.90698242 832.10400391
1290.13916016 832.25640869
1287.46777344 832.40881348
1285.96020508 832.56121826
1284.74304199 832.71362305
1283.64746094 832.86602783
1283.21044922 833.01837158
1282.55615234 833.17077637
1282.44372559 833.32318115
1282.49035645 833.47558594
1282.69628906 833.62799072
1283.27685547 833.78039551
1284.02270508 833.93280029
1285.07690430 834.08520508
1286.00891113 834.23760986
1286.58032227 834.39001465
1286.04809570 834.54241943
1284.88317871 834.69482422
1283.59265137 834.84722900
1282.75915527 834.99957275
1282.20715332 835.15197754
1282.14514160 835.30438232
1281.95385742 835.45678711
1281.80114746 835.60919189
1281.51599121 835.76159668
1280.83178711 835.91400146
1280.10205078 836.06640625
1279.10290527 836.21881104
1278.05773926 836.37121582
1276.89624023 836.52362061
1275.93676758 836.67602539
1274.99975586 836.82843018
1273.91992188 836.98077393
1273.10424805 837.13317871
1272.09692383 837.28558350
1271.21826172 837.43798828
1270.63134766 837.59039307
1270.61254883 837.74279785
1270.93664551 837.89520264
1271.39331055 838.04760742
1271.76953125 838.20001221
1272.24719238 838.35241699
1272.67639160 838.50482178
1273.05639648 838.65722656
1273.31408691 838.80957031
1273.57067871 838.96197510
1273.67980957 839.11437988
1273.81713867 839.26678467
1274.07519531 839.41918945
1274.25854492 839.57159424
1274.40307617 839.72399902
1274.41198730 839.87640381
1274.31237793 840.02880859
1274.19384766 840.18121338
1274.03015137 840.33361816
1273.95715332 840.48602295
1273.96423340 840.63842773
1274.12438965 840.79077148
1274.36425781 840.94317627
1274.61425781 841.09558105
1274.90295410 841.24798584
1275.15747070 841.40039062
1275.36010742 841.55279541
1275.50085449 841.70520020
1275.65002441 841.85760498
1275.85424805 842.01000977
1276.30676270 842.16241455
1276.87207031 842.31481934
1277.34924316 842.46722412
1277.83618164 842.61962891
1278.34838867 842.77197266
1279.06066895 842.92437744
1279.86865234 843.07678223
1280.60449219 843.22918701
1280.45971680 843.38159180
1280.13903809 843.53399658
1280.02941895 843.68640137
1279.95410156 843.83880615
1279.87207031 843.99121094
1279.79724121 844.14361572
1279.74304199 844.29602051
1279.68884277 844.44842529
1279.88574219 844.60083008
1280.03015137 844.75317383
1280.27270508 844.90557861
1280.55676270 845.05798340
1280.82263184 845.21038818
1281.13391113 845.36279297
1281.51220703 845.51519775
1281.73486328 845.66760254
1282.02355957 845.82000732
1282.12976074 845.97241211
1282.22094727 846.12481689
1282.57116699 846.27722168
1282.83862305 846.42962646
1283.25354004 846.58197021
1283.59765625 846.73437500
1283.89978027 846.88677979
1284.19836426 847.03918457
1284.39624023 847.19158936
1284.71374512 847.34399414
1284.99194336 847.49639893
1285.19079590 847.64880371
1285.41796875 847.80120850
1285.59655762 847.95361328
1285.85485840 848.10601807
1286.14099121 848.25842285
1286.47583008 848.41082764
1286.89001465 848.56317139
1287.27880859 848.71557617
1287.44543457 848.86798096
1287.57580566 849.02038574
1287.65454102 849.17279053
1287.71020508 849.32519531
1287.84863281 849.47760010
1287.99475098 849.63000488
1288.31164551 849.78240967
1288.78869629 849.93481445
1289.34729004 850.08721924
1290.10131836 850.23962402
1290.80383301 850.39202881
1291.28015137 850.54437256
1291.86193848 850.69677734
1292.67565918 850.84918213
1293.35827637 851.00158691
1294.03186035 851.15399170
1294.44494629 851.30639648
1294.48779297 851.45880127
1294.28210449 851.61120605
1294.19653320 851.76361084
1294.25280762 851.91601562
1294.32885742 852.06842041
1294.46301270 852.22082520
1294.64074707 852.37322998
1294.74279785 852.52557373
1295.00317383 852.67797852
1295.39331055 852.83038330
1295.85510254 852.98278809
1296.57641602 853.13519287
1297.23669434 853.28759766
1297.67980957 853.44000244
1298.09387207 853.59240723
1298.32482910 853.74481201
1298.50036621 853.89721680
1298.50012207 854.04962158
1298.21105957 854.20202637
1297.87255859 854.35437012
1297.53015137 854.50677490
1297.28186035 854.65917969
1297.21508789 854.81158447
1297.48486328 854.96398926
1297.91564941 855.11639404
1298.47985840 855.26879883
1299.20739746 855.42120361
1299.62744141 855.57360840
1300.02514648 855.72601318
1300.30358887 855.87841797
1300.69897461 856.03082275
1301.02001953 856.18322754
1301.35949707 856.33557129
1301.61901855 856.48797607
1301.82995605 856.64038086
1302.32934570 856.79278564
1302.76684570 856.94519043
1303.23120117 857.09759521
1303.77832031 857.25000000
1304.23095703 857.40240479
1304.76025391 857.55480957
1304.97814941 857.70721436
1305.14965820 857.85961914
1305.24157715 858.01202393
1305.46801758 858.16442871
1305.72058105 858.31677246
1306.02014160 858.46917725
1306.45825195 858.62158203
1306.91894531 858.77398682
1307.28173828 858.92639160
1307.62792969 859.07879639
1308.06823730 859.23120117
1308.45703125 859.38360596
1308.87158203 859.53601074
1309.26025391 859.68841553
1309.47607422 859.84082031
1309.75415039 859.99322510
1310.11035156 860.14562988
1310.64587402 860.29797363
1311.08117676 860.45037842
1311.86669922 860.60278320
1312.28198242 860.75518799
1312.72558594 860.90759277
1313.30175781 861.05999756
1313.70056152 861.21240234
1313.99865723 861.36480713
1314.11328125 861.51721191
1314.33264160 861.66961670
1314.58032227 861.82202148
1314.82873535 861.97442627
1315.27453613 862.12677002
1315.90563965 862.27917480
1316.48535156 862.43157959
1316.94445801 862.58398438
1317.49816895 862.73638916
1317.84301758 862.88879395
1318.06103516 863.04119873
1318.31604004 863.19360352
1318.53662109 863.34600830
1318.61584473 863.49841309
1318.90112305 863.65081787
1319.19335938 863.80322266
1319.48535156 863.95562744
1319.94030762 864.10797119
1320.27465820 864.26037598
1320.60607910 864.41278076
1321.06420898 864.56518555
1321.41235352 864.71759033
1321.88452148 864.86999512
1322.35827637 865.02239990
1322.72192383 865.17480469
1323.22106934 865.32720947
1323.71154785 865.47961426
1324.35510254 865.63201904
1324.94445801 865.78442383
1325.41491699 865.93682861
1325.89038086 866.08917236
1326.18395996 866.24157715
1326.31127930 866.39398193
1326.43847656 866.54638672
1326.55798340 866.69879150
1326.66992188 866.85119629
1327.03393555 867.00360107
1327.41113281 867.15600586
1327.76977539 867.30841064
1328.26354980 867.46081543
1328.66955566 867.61322021
1329.12585449 867.76562500
1329.25805664 867.91802979
1329.35083008 868.07037354
1329.40649414 868.22277832
1329.52270508 868.37518311
1329.63012695 868.52758789
1329.80139160 868.67999268
1329.96740723 868.83239746
1330.18603516 868.98480225
1330.57690430 869.13720703
1330.99035645 869.28961182
1331.73815918 869.44201660
1332.48071289 869.59442139
1333.28393555 869.74682617
1333.56799316 869.89916992
1333.63635254 870.05157471
1333.34729004 870.20397949
1332.91955566 870.35638428
1332.42114258 870.50878906
1332.02355957 870.66119385
1331.91125488 870.81359863
1331.77734375 870.96600342
1331.52795410 871.11840820
1330.96813965 871.27081299
1330.21289062 871.42321777
1329.50183105 871.57562256
1328.99084473 871.72802734
1328.88854980 871.88037109
1329.15551758 872.03277588
1329.41040039 872.18518066
1329.44726562 872.33758545
1329.43945312 872.48999023
1329.32568359 872.64239502
1329.31616211 872.79479980
1329.43762207 872.94720459
1329.72998047 873.09960938
1330.06335449 873.25201416
1330.47937012 873.40441895
1331.02905273 873.55682373
1331.48254395 873.70922852
1331.76965332 873.86157227
1331.88464355 874.01397705
1331.75854492 874.16638184
1331.53051758 874.31878662
1331.26770020 874.47119141
1331.15112305 874.62359619
1331.33178711 874.77600098
1331.64050293 874.92840576
1332.05737305 875.08081055
1332.85241699 875.23321533
1333.87023926 875.38562012
1334.59094238 875.53802490
1335.08239746 875.69042969
1335.10742188 875.84277344
1334.96154785 875.99517822
1334.79248047 876.14758301
1334.70971680 876.29998779
1334.72607422 876.45239258
1335.04443359 876.60479736
1335.39782715 876.75720215
1335.68859863 876.90960693
1335.87829590 877.06201172
1335.99243164 877.21441650
1336.06250000 877.36682129
1336.15625000 877.51922607
1336.40698242 877.67156982
1336.84179688 877.82397461
1337.43420410 877.97637939
1338.19995117 878.12878418
1338.94982910 878.28118896
1339.37915039 878.43359375
1339.94384766 878.58599854
1340.09826660 878.73840332
1340.19421387 878.89080811
1340.36718750 879.04321289
1340.38427734 879.19561768
1340.57409668 879.34802246
1340.56750488 879.50042725
1340.51245117 879.65277100
1340.59582520 879.80517578
1340.66809082 879.95758057
1340.82189941 880.10998535
1341.07141113 880.26239014
1341.39965820 880.41479492
1341.74414062 880.56719971
1342.07385254 880.71960449
1342.48632812 880.87200928
1343.06176758 881.02441406
1343.65954590 881.17681885
1344.26940918 881.32922363
1344.75573730 881.48162842
1345.03344727 881.63397217
1345.18359375 881.78637695
1345.37524414 881.93878174
1345.54882812 882.09118652
1345.87744141 882.24359131
1346.22094727 882.39599609
1346.60412598 882.54840088
1346.99267578 882.70080566
1347.47790527 882.85321045
1347.85778809 883.00561523
1349.13745117 883.15802002
1350.96545410 883.31042480
1352.25598145 883.46282959
1353.51574707 883.61517334
1354.67785645 883.76757812
1355.71411133 883.91998291
1356.56579590 884.07238770
1357.64831543 884.22479248
1358.68652344 884.37719727
1359.58239746 884.52960205
1360.60998535 884.68200684
1360.75744629 884.83441162
1360.21411133 884.98681641
1359.34545898 885.13922119
1357.99694824 885.29162598
1357.04821777 885.44396973
1356.48278809 885.59637451
1356.27282715 885.74877930
1356.41601562 885.90118408
1356.79724121 886.05358887
1357.30969238 886.20599365
1357.85498047 886.35839844
1358.47741699 886.51080322
1358.91516113 886.66320801
1359.11096191 886.81561279
1359.36535645 886.96801758
1359.51403809 887.12042236
1359.62756348 887.27282715
1359.78845215 887.42517090
1359.95410156 887.57757568
1360.35644531 887.72998047
