0.77630001 343.96679688
0.69230002 344.11920166
0.68570000 344.27160645
0.66720003 344.42401123
0.64800000 344.57638550
0.64789999 344.72879028
0.63669997 344.88119507
0.63080001 345.03359985
0.61339998 345.18600464
0.62629998 345.33840942
0.63309997 345.49081421
0.63940001 345.64318848
0.63810003 345.79559326
0.63470000 345.94799805
0.61570001 346.10040283
0.63700002 346.25280762
0.63709998 346.40521240
0.65619999 346.55758667
0.67079997 346.70999146
0.69239998 346.86239624
0.71090001 347.01480103
0.67970002 347.16720581
0.67640001 347.31961060
0.68220001 347.47198486
0.67339998 347.62438965
0.68480003 347.77679443
0.68379998 347.92919922
0.65939999 348.08160400
0.66320002 348.23400879
0.65859997 348.38641357
0.67549998 348.53878784
0.70370001 348.69119263
0.71469998 348.84359741
0.72729999 348.99600220
0.73130000 349.14840698
0.72270000 349.30081177
0.70499998 349.45318604
0.69129997 349.60559082
0.67290002 349.75799561
0.65450001 349.91040039
0.63069999 350.06280518
0.61019999 350.21520996
0.59979999 350.36761475
0.59069997 350.51998901
0.58420002 350.67239380
0.57609999 350.82479858
0.57130003 350.97720337
0.56999999 351.12960815
0.56470001 351.28201294
0.57090002 351.43438721
0.55690002 351.58679199
0.54860002 351.73919678
0.54210001 351.89160156
0.57929999 352.04400635
0.59340000 352.19641113
0.61610001 352.34878540
0.63270003 352.50119019
0.63220000 352.65359497
0.62919998 352.80599976
0.68809998 352.95840454
0.67470002 353.11080933
0.67559999 353.26321411
0.68750000 353.41558838
0.67580003 353.56799316
0.67769998 353.72039795
0.67739999 353.87280273
0.62120003 354.02520752
0.55000001 354.17761230
0.53619999 354.32998657
0.54110003 354.48239136
0.53430003 354.63479614
0.54420000 354.78720093
0.56379998 354.93960571
0.56970000 355.09201050
0.57599998 355.24438477
0.57230002 355.39678955
0.56980002 355.54919434
0.56709999 355.70159912
0.56510001 355.85400391
0.56449997 356.00640869
0.56290001 356.15881348
0.56209999 356.31118774
0.56070000 356.46359253
0.56050003 356.61599731
0.56540000 356.76840210
0.57110000 356.92080688
0.56779999 357.07321167
0.57349998 357.22558594
0.57330000 357.37799072
0.57300001 357.53039551
0.57040000 357.68280029
0.56900001 357.83520508
0.56840003 357.98760986
0.56580001 358.14001465
0.56599998 358.29238892
0.56419998 358.44479370
0.55949998 358.59719849
0.56379998 358.74960327
0.57110000 358.90200806
0.57410002 359.05441284
0.58179998 359.20678711
0.58459997 359.35919189
0.58069998 359.51159668
0.57880002 359.66400146
0.57529998 359.81640625
0.57290000 359.96881104
0.57160002 360.12118530
0.56879997 360.27359009
0.56900001 360.42599487
0.57239997 360.57839966
0.57639998 360.73080444
0.58190000 360.88320923
0.58350003 361.03561401
0.58289999 361.18798828
0.58039999 361.34039307
0.57910001 361.49279785
0.57830000 361.64520264
0.57749999 361.79760742
0.57789999 361.95001221
0.57620001 362.10238647
0.57560003 362.25479126
0.57459998 362.40719604
0.57319999 362.55960083
0.57349998 362.71200562
0.57450002 362.86441040
0.57499999 363.01681519
0.57349998 363.16918945
0.57069999 363.32159424
0.56199998 363.47399902
0.55589998 363.62640381
0.55170000 363.77880859
0.55650002 363.93121338
0.56349999 364.08358765
0.57040000 364.23599243
0.57359999 364.38839722
0.58520001 364.54080200
0.58690000 364.69320679
0.58929998 364.84561157
0.59270000 364.99798584
0.59340000 365.15039062
0.59039998 365.30279541
0.58590001 365.45520020
0.58020002 365.60760498
0.57900000 365.76000977
0.57980001 365.91241455
0.57929999 366.06478882
0.58710003 366.21719360
0.64969999 366.36959839
0.71569997 366.52200317
0.72659999 366.67440796
0.74390000 366.82681274
0.73780000 366.97918701
0.70649999 367.13159180
0.68460000 367.28399658
0.58380002 367.43640137
0.55589998 367.58880615
0.55760002 367.74121094
0.55350000 367.89358521
0.55629998 368.04598999
0.55369997 368.19839478
0.55210000 368.35079956
0.55129999 368.50320435
0.54699999 368.65560913
0.54600000 368.80801392
0.54970002 368.96038818
0.56959999 369.11279297
0.58050001 369.26519775
0.59909999 369.41760254
0.60610002 369.57000732
0.61049998 369.72241211
0.60049999 369.87478638
0.58530003 370.02719116
0.57730001 370.17959595
0.56889999 370.33200073
0.56320000 370.48440552
0.55540001 370.63681030
0.54629999 370.78921509
0.53839999 370.94158936
0.53039998 371.09399414
0.52630001 371.24639893
0.52569997 371.39880371
0.52649999 371.55120850
0.52780002 371.70361328
0.52740002 371.85598755
0.52579999 372.00839233
0.52230000 372.16079712
0.52060002 372.31320190
0.51779997 372.46560669
0.51569998 372.61801147
0.51400000 372.77038574
0.51090002 372.92279053
0.52260000 373.07519531
0.53299999 373.22760010
0.53439999 373.38000488
0.54540002 373.53240967
0.55019999 373.68481445
0.54490000 373.83718872
0.54030001 373.98959351
0.53049999 374.14199829
0.53039998 374.29440308
0.53270000 374.44680786
0.52579999 374.59921265
0.52429998 374.75158691
0.51920003 374.90399170
0.51319999 375.05639648
0.51029998 375.20880127
0.50199997 375.36120605
0.49439999 375.51361084
0.49039999 375.66598511
0.47409999 375.81838989
0.47589999 375.97079468
0.47589999 376.12319946
0.48469999 376.27560425
0.49270001 376.42800903
0.49700001 376.58041382
0.50379997 376.73278809
0.50389999 376.88519287
0.50319999 377.03759766
0.50230002 377.19000244
0.50019997 377.34240723
0.49829999 377.49481201
0.49680001 377.64718628
0.49550000 377.79959106
0.49689999 377.95199585
0.49320000 378.10440063
0.49390000 378.25680542
0.50319999 378.40921021
0.48620000 378.56161499
0.48500001 378.71398926
0.48440000 378.86639404
0.47780001 379.01879883
0.48330000 379.17120361
0.48469999 379.32360840
0.49599999 379.47601318
0.50319999 379.62838745
0.50500000 379.78079224
0.50910002 379.93319702
0.51330000 380.08560181
0.51920003 380.23800659
0.52980000 380.39041138
0.53789997 380.54278564
0.54189998 380.69519043
0.54820001 380.84759521
0.54979998 381.00000000
0.55070001 381.15240479
0.55440003 381.30480957
0.55699998 381.45721436
0.56400001 381.60958862
0.57880002 381.76199341
0.58639997 381.91439819
0.59539998 382.06680298
0.59509999 382.21920776
0.59579998 382.37161255
0.58840001 382.52398682
0.57190001 382.67639160
0.57510000 382.82879639
0.57609999 382.98120117
0.57870001 383.13360596
0.56540000 383.28601074
0.55930001 383.43838501
0.58410001 383.59078979
0.58630002 383.74319458
0.60079998 383.89559937
0.63660002 384.04800415
0.65079999 384.20040894
0.70310003 384.35281372
0.76590002 384.50518799
0.78189999 384.65759277
0.80110002 384.80999756
0.85549998 384.96240234
0.90859997 385.11480713
0.92100000 385.26721191
0.92570001 385.41958618
0.93879998 385.57199097
0.91960001 385.72439575
0.87480003 385.87680054
0.86199999 386.02920532
0.85210001 386.18161011
0.85130000 386.33401489
0.86260003 386.48638916
0.87410003 386.63879395
0.80890000 386.79119873
0.73130000 386.94360352
0.70080000 387.09600830
0.67919999 387.24841309
0.67769998 387.40078735
0.68339998 387.55319214
0.69940001 387.70559692
0.78990000 387.85800171
1.02079999 388.01040649
0.98930001 388.16281128
0.97310001 388.31518555
0.93089998 388.46759033
0.89090002 388.61999512
0.85500002 388.77239990
0.77460003 388.92480469
0.71480000 389.07720947
0.62709999 389.22961426
0.58450001 389.38198853
0.58060002 389.53439331
0.57669997 389.68679810
0.57429999 389.83920288
0.57200003 389.99160767
0.56739998 390.14401245
0.56529999 390.29638672
0.56190002 390.44879150
0.55659997 390.60119629
0.55419999 390.75360107
0.55059999 390.90600586
0.55070001 391.05841064
0.55089998 391.21078491
0.54629999 391.36318970
0.54600000 391.51559448
0.54220003 391.66799927
0.53930002 391.82040405
0.54030001 391.97280884
0.53210002 392.12521362
0.54149997 392.27758789
0.54130000 392.42999268
0.54490000 392.58239746
0.54570001 392.73480225
0.54180002 392.88720703
0.54530001 393.03961182
0.54680002 393.19198608
0.54979998 393.34439087
0.55290002 393.49679565
0.55419999 393.64920044
0.54799998 393.80160522
0.54600000 393.95401001
0.53149998 394.10641479
0.52480000 394.25878906
0.51690000 394.41119385
0.51480001 394.56359863
0.51789999 394.71600342
0.51940000 394.86840820
0.52209997 395.02081299
0.52560002 395.17318726
0.52929997 395.32559204
0.52800000 395.47799683
0.52890003 395.63040161
0.52590001 395.78280640
0.52310002 395.93521118
0.51859999 396.08758545
0.51380002 396.23999023
0.50749999 396.39239502
0.50819999 396.54479980
0.50730002 396.69720459
0.50430000 396.84960938
0.50410002 397.00201416
0.50080001 397.15438843
0.49610001 397.30679321
0.49169999 397.45919800
0.48210001 397.61160278
0.47540000 397.76400757
0.46869999 397.91641235
0.47130001 398.06878662
0.47160000 398.22119141
0.46680000 398.37359619
0.45629999 398.52600098
0.44499999 398.67840576
0.43279999 398.83081055
0.42590001 398.98318481
0.43099999 399.13558960
0.44029999 399.28799438
0.44470000 399.44039917
0.45140001 399.59280396
0.45249999 399.74520874
0.44800001 399.89761353
0.43059999 400.04998779
0.38890001 400.20239258
0.31140000 400.35479736
0.29120001 400.50720215
0.29780000 400.65960693
0.32300001 400.81201172
0.34070000 400.96438599
0.37580001 401.11679077
0.38740000 401.26919556
0.42160001 401.42160034
0.43570000 401.57400513
0.44540000 401.72640991
0.46959999 401.87881470
0.48080000 402.03118896
0.49520001 402.18359375
0.51450002 402.33599854
0.52609998 402.48840332
0.54320002 402.64080811
0.56050003 402.79321289
0.57359999 402.94558716
0.59160000 403.09799194
0.57489997 403.25039673
0.56470001 403.40280151
0.55239999 403.55520630
0.54130000 403.70761108
0.54140002 403.85998535
0.54830003 404.01239014
0.55309999 404.16479492
0.55000001 404.31719971
0.55549997 404.46960449
0.53719997 404.62200928
0.52600002 404.77441406
0.51550001 404.92678833
0.50360000 405.07919312
0.51679999 405.23159790
0.52350003 405.38400269
0.51590002 405.53640747
0.53350002 405.68881226
0.52679998 405.84118652
0.52829999 405.99359131
0.53479999 406.14599609
0.54769999 406.29840088
0.56830001 406.45080566
0.59450001 406.60321045
0.60970002 406.75561523
0.64569998 406.90798950
0.65570003 407.06039429
0.68849999 407.21279907
0.69499999 407.36520386
0.69849998 407.51760864
0.70810002 407.67001343
0.69679999 407.82238770
0.71010000 407.97479248
0.68640000 408.12719727
0.69110000 408.27960205
0.68059999 408.43200684
0.67449999 408.58441162
0.68510002 408.73678589
0.67479998 408.88919067
0.67710000 409.04159546
0.67930001 409.19400024
0.67790002 409.34640503
0.68199998 409.49880981
0.66259998 409.65121460
0.65469998 409.80358887
0.65660000 409.95599365
0.64170003 410.10839844
0.67479998 410.26080322
0.67559999 410.41320801
0.65820003 410.56561279
0.61189997 410.71798706
0.54229999 410.87039185
0.45190001 411.02279663
0.25220001 411.17520142
0.22050001 411.32760620
0.16460000 411.48001099
0.16329999 411.63238525
0.16210000 411.78479004
0.15940000 411.93719482
0.15480000 412.08959961
0.15270001 412.24200439
0.14830001 412.39440918
0.14630000 412.54681396
0.14170000 412.69918823
0.14240000 412.85159302
0.14540000 413.00399780
0.15270001 413.15640259
0.15500000 413.30880737
0.15940000 413.46121216
0.16069999 413.61358643
0.16100000 413.76599121
0.16230001 413.91839600
0.16410001 414.07080078
0.16730000 414.22320557
0.16769999 414.37561035
0.16190000 414.52801514
0.16000000 414.68038940
0.15310000 414.83279419
0.15060000 414.98519897
0.14820001 415.13760376
0.14710000 415.29000854
0.14929999 415.44241333
0.14650001 415.59478760
0.14219999 415.74719238
0.13770001 415.89959717
0.13310000 416.05200195
0.12989999 416.20440674
0.12480000 416.35681152
0.12750000 416.50918579
0.13349999 416.66159058
0.13640000 416.81399536
0.15019999 416.96640015
0.15340000 417.11880493
0.17739999 417.27120972
0.17460001 417.42361450
0.17250000 417.57598877
0.17700000 417.72839355
0.17760000 417.88079834
0.18430001 418.03320312
0.19650000 418.18560791
0.24750000 418.33801270
0.43200001 418.49038696
0.64620000 418.64279175
0.77240002 418.79519653
0.76429999 418.94760132
0.75599998 419.10000610
0.72759998 419.25241089
0.67150003 419.40478516
0.65219998 419.55718994
0.62779999 419.70959473
0.59969997 419.86199951
0.58139998 420.01440430
0.57139999 420.16680908
0.56070000 420.31921387
0.55610001 420.47158813
0.55650002 420.62399292
0.54269999 420.77639771
0.53670001 420.92880249
0.52249998 421.08120728
0.51520002 421.23361206
0.51270002 421.38598633
0.51120001 421.53839111
0.51109999 421.69079590
0.51069999 421.84320068
0.50529999 421.99560547
0.50250000 422.14801025
0.50110000 422.30041504
0.50000000 422.45278931
0.49990001 422.60519409
0.50029999 422.75759888
0.50080001 422.91000366
0.50000000 423.06240845
0.49710000 423.21481323
0.49149999 423.36718750
0.48830000 423.51959229
0.48449999 423.67199707
0.48310000 423.82440186
0.47979999 423.97680664
0.47450000 424.12921143
0.46689999 424.28158569
0.45969999 424.43399048
0.44720000 424.58639526
0.44520000 424.73880005
0.44470000 424.89120483
0.44520000 425.04360962
0.44749999 425.19601440
0.44780001 425.34838867
0.45010000 425.50079346
0.45530000 425.65319824
0.46180001 425.80560303
0.47650000 425.95800781
0.48670000 426.11041260
0.48879999 426.26278687
0.48949999 426.41519165
0.48980001 426.56759644
0.49010000 426.72000122
0.49030000 426.87240601
0.49010000 427.02481079
0.49210000 427.17718506
0.48890001 427.32958984
0.48500001 427.48199463
0.47760001 427.63439941
0.47639999 427.78680420
0.47679999 427.93920898
0.47799999 428.09161377
0.47830001 428.24398804
0.47839999 428.39639282
0.47909999 428.54879761
0.47589999 428.70120239
0.46750000 428.85360718
0.45359999 429.00601196
0.44929999 429.15838623
0.43640000 429.31079102
0.42690000 429.46319580
0.42420000 429.61560059
0.42170000 429.76800537
0.42690000 429.92041016
0.43020001 430.07281494
0.44049999 430.22518921
0.44620001 430.37759399
0.45060000 430.52999878
0.45429999 430.68240356
0.46300000 430.83480835
0.46560001 430.98721313
0.47409999 431.13958740
0.47850001 431.29199219
0.48330000 431.44439697
0.48600000 431.59680176
0.48980001 431.74920654
0.49300000 431.90161133
0.48870000 432.05398560
0.48789999 432.20639038
0.48510000 432.35879517
0.48069999 432.51119995
0.48429999 432.66360474
0.48649999 432.81600952
0.48760000 432.96841431
0.49370000 433.12078857
0.49250001 433.27319336
0.49380001 433.42559814
0.49349999 433.57800293
0.49439999 433.73040771
0.49450001 433.88281250
0.49349999 434.03518677
0.49840000 434.18759155
0.53090000 434.33999634
0.54400003 434.49240112
0.61299998 434.64480591
0.65689999 434.79721069
0.69129997 434.94958496
0.70789999 435.10198975
0.70709997 435.25439453
0.68559998 435.40679932
0.66900003 435.55920410
0.62570000 435.71160889
0.58469999 435.86401367
0.56360000 436.01638794
0.53920001 436.16879272
0.51950002 436.32119751
0.51480001 436.47360229
0.50690001 436.62600708
0.49419999 436.77841187
0.49200001 436.93078613
0.48539999 437.08319092
0.47940001 437.23559570
0.47299999 437.38800049
0.46840000 437.54040527
0.46640000 437.69281006
0.46340001 437.84521484
0.46399999 437.99758911
0.46460000 438.14999390
0.46100000 438.30239868
0.45339999 438.45480347
0.44499999 438.60720825
0.43250000 438.75961304
0.42340001 438.91198730
0.41310000 439.06439209
0.40500000 439.21679688
0.39520001 439.36920166
0.39809999 439.52160645
0.42240000 439.67401123
0.47160000 439.82638550
0.49880001 439.97879028
0.51929998 440.13119507
0.52310002 440.28359985
0.53060001 440.43600464
0.53369999 440.58840942
0.53469998 440.74081421
0.53700000 440.89318848
0.53969997 441.04559326
0.54100001 441.19799805
0.54619998 441.35040283
0.54089999 441.50280762
0.53350002 441.65521240
0.53039998 441.80758667
0.51810002 441.95999146
0.51770002 442.11239624
0.51660001 442.26480103
0.51450002 442.41720581
0.51459998 442.56961060
0.51340002 442.72198486
0.51230001 442.87438965
0.51029998 443.02679443
0.50790000 443.17919922
0.50419998 443.33160400
0.50110000 443.48400879
0.48899999 443.63641357
0.48379999 443.78878784
0.48170000 443.94119263
0.48130000 444.09359741
0.48060000 444.24600220
0.48249999 444.39840698
0.47979999 444.55081177
0.46869999 444.70318604
0.45269999 444.85559082
0.44130000 445.00799561
0.44049999 445.16040039
0.43830001 445.31280518
0.43799999 445.46520996
0.43970001 445.61761475
0.43970001 445.76998901
0.44369999 445.92239380
0.43709999 446.07479858
0.43759999 446.22720337
0.43720001 446.37960815
0.43950000 446.53201294
0.44389999 446.68438721
0.44729999 446.83679199
0.46039999 446.98919678
0.46280000 447.14160156
0.46410000 447.29400635
0.46500000 447.44641113
0.46390000 447.59878540
0.46470001 447.75119019
0.46450001 447.90359497
0.46419999 448.05599976
0.46290001 448.20840454
0.46380001 448.36080933
0.48179999 448.51321411
0.49020001 448.66558838
0.50269997 448.81799316
0.51770002 448.97039795
0.51910001 449.12280273
0.51999998 449.27520752
0.49630001 449.42761230
0.48640001 449.57998657
0.48500001 449.73239136
0.48330000 449.88479614
0.47250000 450.03720093
0.46720001 450.18960571
0.46300000 450.34201050
0.46039999 450.49438477
0.45919999 450.64678955
0.45809999 450.79919434
0.45660001 450.95159912
0.45649999 451.10400391
0.45670000 451.25640869
0.45770001 451.40881348
0.45699999 451.56118774
0.45510000 451.71359253
0.45080000 451.86599731
0.44839999 452.01840210
0.45080000 452.17080688
0.45280001 452.32321167
0.45829999 452.47558594
0.46210000 452.62799072
0.46480000 452.78039551
0.46730000 452.93280029
0.46950001 453.08520508
0.47139999 453.23760986
0.47200000 453.39001465
0.47279999 453.54238892
0.47510001 453.69479370
0.47729999 453.84719849
0.47999999 453.99960327
0.48339999 454.15200806
0.48580000 454.30441284
0.48210001 454.45678711
0.47819999 454.60919189
0.47240001 454.76159668
0.46570000 454.91400146
0.46169999 455.06640625
0.45919999 455.21881104
0.45870000 455.37118530
0.46030000 455.52359009
0.46079999 455.67599487
0.46430001 455.82839966
0.46570000 455.98080444
0.46919999 456.13320923
0.47409999 456.28561401
0.47670001 456.43798828
0.47990000 456.59039307
0.48159999 456.74279785
0.48240000 456.89520264
0.48159999 457.04760742
0.48130000 457.20001221
0.47819999 457.35238647
0.47569999 457.50479126
0.47189999 457.65719604
0.46770000 457.80960083
0.46470001 457.96200562
0.46239999 458.11441040
0.46149999 458.26681519
0.46270001 458.41918945
0.46390000 458.57159424
0.46509999 458.72399902
0.46610001 458.87640381
0.46529999 459.02880859
0.46439999 459.18121338
0.46419999 459.33358765
0.46480000 459.48599243
0.46450001 459.63839722
0.46550000 459.79080200
0.46410000 459.94320679
0.45809999 460.09561157
0.45390001 460.24798584
0.44610000 460.40039062
0.44729999 460.55279541
0.46529999 460.70520020
0.51169997 460.85760498
0.55669999 461.01000977
0.61019999 461.16241455
0.62669998 461.31478882
0.60149997 461.46719360
0.56680000 461.61959839
0.52230000 461.77200317
0.47070000 461.92440796
0.42860001 462.07681274
0.41010001 462.22918701
0.39780000 462.38159180
0.39109999 462.53399658
0.38630000 462.68640137
0.38360000 462.83880615
0.38330001 462.99121094
0.39309999 463.14358521
0.40300000 463.29598999
0.40580001 463.44839478
0.40900001 463.60079956
0.41100001 463.75320435
0.41190001 463.90560913
0.41310000 464.05801392
0.41420001 464.21038818
0.41319999 464.36279297
0.41450000 464.51519775
0.41510001 464.66760254
0.41670001 464.82000732
0.41620001 464.97241211
0.41470000 465.12478638
0.41350001 465.27719116
0.41110000 465.42959595
0.40830001 465.58200073
0.40239999 465.73440552
0.39480001 465.88681030
0.38720000 466.03921509
0.37930000 466.19158936
0.37770000 466.34399414
0.37549999 466.49639893
0.37220001 466.64880371
0.37140000 466.80120850
0.37540001 466.95361328
0.37760001 467.10598755
0.38519999 467.25839233
0.38859999 467.41079712
0.39399999 467.56320190
0.39570001 467.71560669
0.39469999 467.86801147
0.39199999 468.02038574
0.38970000 468.17279053
0.38710001 468.32519531
0.38990000 468.47760010
0.39379999 468.63000488
0.40320000 468.78240967
0.40869999 468.93481445
0.41260001 469.08718872
0.41870001 469.23959351
0.42269999 469.39199829
0.43500000 469.54440308
0.44200000 469.69680786
0.45449999 469.84921265
0.46070001 470.00158691
0.46309999 470.15399170
0.46689999 470.30639648
0.46869999 470.45880127
0.47090000 470.61120605
0.47260001 470.76361084
0.47589999 470.91598511
0.48010001 471.06838989
0.48300001 471.22079468
0.48580000 471.37319946
0.48809999 471.52560425
0.48730001 471.67800903
0.48769999 471.83041382
0.48400000 471.98278809
0.48429999 472.13519287
0.48370001 472.28759766
0.49219999 472.44000244
0.49680001 472.59240723
0.50580001 472.74481201
0.51400000 472.89718628
0.51819998 473.04959106
0.52350003 473.20199585
0.52380002 473.35440063
0.52289999 473.50680542
0.52170002 473.65921021
0.52020001 473.81161499
0.51940000 473.96398926
0.51959997 474.11639404
0.52020001 474.26879883
0.52120000 474.42120361
0.52079999 474.57360840
0.51889998 474.72601318
0.51670003 474.87838745
0.51380002 475.03079224
0.50959998 475.18319702
0.50720000 475.33560181
0.50559998 475.48800659
0.50389999 475.64041138
0.50440001 475.79278564
0.50400001 475.94519043
0.50500000 476.09759521
0.50830001 476.25000000
0.50929999 476.40240479
0.51160002 476.55480957
0.51380002 476.70721436
0.51239997 476.85958862
0.51150000 477.01199341
0.51069999 477.16439819
0.51029998 477.31680298
0.50900000 477.46920776
0.52770001 477.62161255
0.55970001 477.77398682
0.56870002 477.92639160
0.58179998 478.07879639
0.58759999 478.23120117
0.58130002 478.38360596
0.58130002 478.53601074
0.51580000 478.68838501
0.48230001 478.84078979
0.46669999 478.99319458
0.46329999 479.14559937
0.44389999 479.29800415
0.43970001 479.45040894
0.43759999 479.60281372
0.43619999 479.75518799
0.43419999 479.90759277
0.43489999 480.05999756
0.43450001 480.21240234
0.43290001 480.36480713
0.43059999 480.51721191
0.42820001 480.66958618
0.42280000 480.82199097
0.42080000 480.97439575
0.41760001 481.12680054
0.41769999 481.27920532
0.42010000 481.43161011
0.42260000 481.58401489
0.42629999 481.73638916
0.42910001 481.88879395
0.43070000 482.04119873
0.43030000 482.19360352
0.43090001 482.34600830
0.43050000 482.49841309
0.43309999 482.65078735
0.43790001 482.80319214
0.44049999 482.95559692
0.44650000 483.10800171
0.45199999 483.26040649
0.45690000 483.41281128
0.47569999 483.56518555
0.48429999 483.71759033
0.49129999 483.86999512
0.49239999 484.02239990
0.49630001 484.17480469
0.49430001 484.32720947
0.48649999 484.47961426
0.48750001 484.63198853
0.48750001 484.78439331
0.48690000 484.93679810
0.47850001 485.08920288
0.47440001 485.24160767
0.47710001 485.39401245
0.49039999 485.54638672
0.50019997 485.69879150
0.51109999 485.85119629
0.52289999 486.00360107
0.53119999 486.15600586
0.53579998 486.30841064
0.53259999 486.46078491
0.53310001 486.61318970
0.53930002 486.76559448
0.54449999 486.91799927
0.57080001 487.07040405
0.57749999 487.22280884
0.58810002 487.37521362
0.59280002 487.52758789
0.58440000 487.67999268
0.58149999 487.83239746
0.56400001 487.98480225
0.56080002 488.13720703
0.56010002 488.28961182
0.55830002 488.44198608
0.55860001 488.59439087
0.56169999 488.74679565
0.56120002 488.89920044
0.55699998 489.05160522
0.55129999 489.20401001
0.54540002 489.35641479
0.54180002 489.50878906
0.53189999 489.66119385
0.53240001 489.81359863
0.53469998 489.96600342
0.53420001 490.11840820
0.53719997 490.27081299
0.53890002 490.42318726
0.54100001 490.57559204
0.54589999 490.72799683
0.54670000 490.88040161
0.54619998 491.03280640
0.54680002 491.18521118
0.54540002 491.33758545
0.53890002 491.48999023
0.52359998 491.64239502
0.51700002 491.79479980
0.51029998 491.94720459
0.51529998 492.09960938
0.52130002 492.25201416
0.52780002 492.40438843
0.54159999 492.55679321
0.54479998 492.70919800
0.54329997 492.86160278
0.54290003 493.01400757
0.53869998 493.16641235
0.53869998 493.31878662
0.53649998 493.47119141
0.53119999 493.62359619
0.53009999 493.77600098
0.53410000 493.92840576
0.53140002 494.08081055
0.53170002 494.23318481
0.52999997 494.38558960
0.52260000 494.53799438
0.51590002 494.69039917
0.50919998 494.84280396
0.50120002 494.99520874
0.50150001 495.14761353
0.49919999 495.29998779
0.49910000 495.45239258
0.49790001 495.60479736
0.50040001 495.75720215
0.50230002 495.90960693
0.50410002 496.06201172
0.50779998 496.21438599
0.50840002 496.36679077
0.50929999 496.51919556
0.50919998 496.67160034
0.51459998 496.82400513
0.52170002 496.97640991
0.52689999 497.12881470
0.53630000 497.28118896
0.54100001 497.43359375
0.54939997 497.58599854
0.55379999 497.73840332
0.55890000 497.89080811
0.56389999 498.04321289
0.57010001 498.19558716
0.58020002 498.34799194
0.62470001 498.50039673
0.65410000 498.65280151
0.70840001 498.80520630
0.74080002 498.95761108
0.74839997 499.10998535
0.77649999 499.26239014
0.76200002 499.41479492
0.76779997 499.56719971
0.76499999 499.71960449
0.76120001 499.87200928
0.76899999 500.02441406
0.75440001 500.17678833
0.75029999 500.32919312
0.72170001 500.48159790
0.66710001 500.63400269
0.65039998 500.78640747
0.61260003 500.93881226
0.58899999 501.09118652
0.56999999 501.24359131
0.54759997 501.39599609
0.53140002 501.54840088
0.52700001 501.70080566
0.52050000 501.85321045
0.51580000 502.00561523
0.51029998 502.15798950
0.50520003 502.31039429
0.50150001 502.46279907
0.49849999 502.61520386
0.49550000 502.76760864
0.49349999 502.92001343
0.49290001 503.07238770
0.51349998 503.22479248
0.53710002 503.37719727
0.54470003 503.52960205
0.54500002 503.68200684
0.52730000 503.83441162
0.50809997 503.98678589
0.49640000 504.13919067
0.48539999 504.29159546
0.47929999 504.44400024
0.48010001 504.59640503
0.48330000 504.74880981
0.49270001 504.90121460
0.52200001 505.05358887
0.53619999 505.20599365
0.54320002 505.35839844
0.55599999 505.51080322
0.56709999 505.66320801
0.57220000 505.81561279
0.57599998 505.96798706
0.57459998 506.12039185
0.56950003 506.27279663
0.56419998 506.42520142
0.55830002 506.57760620
0.54759997 506.73001099
0.54460001 506.88238525
0.54180002 507.03479004
0.53820002 507.18719482
0.53710002 507.33959961
0.53560001 507.49200439
0.53149998 507.64440918
0.52509999 507.79681396
0.52429998 507.94918823
0.52160001 508.10159302
0.52429998 508.25399780
0.52980000 508.40640259
0.54210001 508.55880737
0.56140000 508.71121216
0.57319999 508.86358643
0.59210002 509.01599121
0.60079998 509.16839600
0.60879999 509.32080078
0.61780000 509.47320557
0.62660003 509.62561035
0.63309997 509.77801514
0.63370001 509.93038940
0.62900001 510.08279419
0.62220001 510.23519897
0.61790001 510.38760376
0.60869998 510.54000854
0.60460001 510.69241333
0.60409999 510.84478760
0.60540003 510.99719238
0.60339999 511.14959717
0.60079998 511.30200195
0.59890002 511.45440674
0.59289998 511.60681152
0.58870000 511.75918579
0.58510000 511.91159058
0.58690000 512.06402588
0.58859998 512.21636963
0.58880001 512.36877441
0.58770001 512.52117920
0.58499998 512.67358398
0.58209997 512.82598877
0.57999998 512.97839355
0.57889998 513.13079834
0.58130002 513.28320312
0.58389997 513.43560791
0.58700001 513.58801270
0.59249997 513.74041748
0.59590000 513.89282227
0.59840000 514.04522705
0.60140002 514.19757080
0.60200000 514.34997559
0.60409999 514.50238037
0.60339999 514.65478516
0.60149997 514.80718994
0.60110003 514.95959473
0.59469998 515.11199951
0.59020001 515.26440430
0.58620000 515.41680908
0.58090001 515.56921387
0.58109999 515.72161865
0.58029997 515.87402344
0.58080000 516.02642822
0.58520001 516.17877197
0.59179997 516.33117676
0.60210001 516.48358154
0.60979998 516.63598633
0.61659998 516.78839111
0.61940002 516.94079590
0.61739999 517.09320068
0.61669999 517.24560547
0.61760002 517.39801025
0.61659998 517.55041504
0.61970001 517.70281982
0.62050003 517.85522461
0.62099999 518.00762939
0.62140000 518.15997314
0.61710000 518.31237793
0.61320001 518.46478271
0.60979998 518.61718750
0.60740000 518.76959229
0.60369998 518.92199707
0.59299999 519.07440186
0.58530003 519.22680664
0.57709998 519.37921143
0.57660002 519.53161621
0.57779998 519.68402100
0.57969999 519.83642578
0.58240002 519.98876953
0.58230001 520.14117432
0.58139998 520.29357910
0.57980001 520.44598389
0.57609999 520.59838867
0.57200003 520.75079346
0.56699997 520.90319824
0.56410003 521.05560303
0.56080002 521.20800781
0.55890000 521.36041260
0.55680001 521.51281738
0.55690002 521.66522217
0.55659997 521.81762695
0.55769998 521.96997070
0.55820000 522.12237549
0.55839998 522.27478027
0.55919999 522.42718506
0.55870003 522.57958984
0.55839998 522.73199463
0.56110001 522.88439941
0.56110001 523.03680420
0.55900002 523.18920898
0.57209998 523.34161377
0.58289999 523.49401855
0.59710002 523.64642334
0.62730002 523.79882812
0.65660000 523.95117188
0.67559999 524.10357666
0.69190001 524.25598145
0.69110000 524.40838623
0.67949998 524.56079102
0.66909999 524.71319580
0.63609999 524.86560059
0.62529999 525.01800537
0.59350002 525.17041016
0.57489997 525.32281494
0.54060000 525.47521973
0.52710003 525.62762451
0.50099999 525.78002930
0.49880001 525.93237305
0.49410000 526.08477783
0.49360001 526.23718262
0.49480000 526.38958740
0.49700001 526.54199219
0.50550002 526.69439697
0.51150000 526.84680176
0.51920003 526.99920654
0.52569997 527.15161133
0.53500003 527.30401611
0.53890002 527.45642090
0.55119997 527.60882568
0.55320001 527.76123047
0.55339998 527.91357422
0.55430001 528.06597900
0.55440003 528.21838379
0.55599999 528.37078857
0.55960000 528.52319336
0.56580001 528.67559814
0.57150000 528.82800293
0.57330000 528.98040771
0.57630002 529.13281250
0.57920003 529.28521729
0.57880002 529.43762207
0.57830000 529.59002686
0.57810003 529.74237061
0.57789999 529.89477539
0.57800001 530.04718018
0.57990003 530.19958496
0.58130002 530.35198975
0.58459997 530.50439453
0.59429997 530.65679932
0.60060000 530.80920410
0.61129999 530.96160889
0.62250000 531.11401367
0.63200003 531.26641846
0.63880002 531.41882324
0.64719999 531.57122803
0.65350002 531.72357178
0.65750003 531.87597656
0.65509999 532.02838135
0.65310001 532.18078613
0.64850003 532.33319092
0.63609999 532.48559570
0.63209999 532.63800049
0.62150002 532.79040527
0.61739999 532.94281006
0.61449999 533.09521484
0.61420000 533.24761963
0.61860001 533.40002441
0.61919999 533.55242920
0.62830001 533.70477295
0.64219999 533.85717773
0.65039998 534.00958252
0.65619999 534.16198730
0.64819998 534.31439209
0.62349999 534.46679688
0.60589999 534.61920166
0.58620000 534.77160645
0.57440001 534.92401123
0.56739998 535.07641602
0.55479997 535.22882080
0.54909998 535.38122559
0.54339999 535.53363037
0.53979999 535.68597412
0.53670001 535.83837891
0.53509998 535.99078369
0.53320003 536.14318848
0.52980000 536.29559326
0.52689999 536.44799805
0.52640003 536.60040283
0.52609998 536.75280762
0.52490002 536.90521240
0.52440000 537.05761719
0.52689999 537.21002197
0.52960002 537.36242676
0.53320003 537.51477051
0.53729999 537.66717529
0.53869998 537.81958008
0.54020000 537.97198486
0.54229999 538.12438965
0.54449999 538.27679443
0.54869998 538.42919922
0.55070001 538.58160400
0.55260003 538.73400879
0.55640000 538.88641357
0.55720001 539.03881836
0.55760002 539.19122314
0.55570000 539.34362793
0.55309999 539.49597168
0.55019999 539.64837646
0.54729998 539.80078125
0.54600000 539.95318604
0.54710001 540.10559082
0.54890001 540.25799561
0.55059999 540.41040039
0.55229998 540.56280518
0.55669999 540.71520996
0.56000000 540.86761475
0.56230003 541.02001953
0.57370001 541.17242432
0.57650000 541.32482910
0.58279997 541.47717285
0.58719999 541.62957764
0.59710002 541.78198242
0.59119999 541.93438721
0.58999997 542.08679199
0.58149999 542.23919678
0.57200003 542.39160156
0.56449997 542.54400635
0.55629998 542.69641113
0.54079998 542.84881592
0.53030002 543.00122070
0.52539998 543.15362549
0.52149999 543.30603027
0.52060002 543.45837402
0.51969999 543.61077881
0.51899999 543.76318359
0.51929998 543.91558838
0.51810002 544.06799316
0.51740003 544.22039795
0.51679999 544.37280273
0.51580000 544.52520752
0.51740003 544.67761230
0.51889998 544.83001709
0.51980001 544.98242188
0.52319998 545.13482666
0.52420002 545.28717041
0.52649999 545.43957520
0.52660000 545.59197998
0.52740002 545.74438477
0.52679998 545.89678955
0.51800001 546.04919434
0.51929998 546.20159912
0.52230000 546.35400391
0.52249998 546.50640869
0.52450001 546.65881348
0.52499998 546.81121826
0.52499998 546.96362305
0.52620000 547.11602783
0.51029998 547.26837158
0.48699999 547.42077637
0.47250000 547.57318115
0.45230001 547.72558594
0.42940000 547.87799072
0.41429999 548.03039551
0.40630001 548.18280029
0.39260000 548.33520508
0.39430001 548.48760986
0.39669999 548.64001465
0.40700001 548.79241943
0.41380000 548.94482422
0.42179999 549.09722900
0.43590000 549.24957275
0.44130000 549.40197754
0.44639999 549.55438232
0.45140001 549.70678711
0.45789999 549.85919189
0.46210000 550.01159668
0.46259999 550.16400146
0.46399999 550.31640625
0.46419999 550.46881104
0.46430001 550.62121582
0.46590000 550.77362061
0.46630001 550.92602539
0.46709999 551.07843018
0.47090000 551.23077393
0.47220001 551.38317871
0.47479999 551.53558350
0.48030001 551.68798828
0.48750001 551.84039307
0.49239999 551.99279785
0.49970001 552.14520264
0.50129998 552.29760742
0.50209999 552.45001221
0.50360000 552.60241699
0.50680000 552.75482178
0.51029998 552.90722656
0.51289999 553.05957031
0.51730001 553.21197510
0.52029997 553.36437988
0.52319998 553.51678467
0.52600002 553.66918945
0.52869999 553.82159424
0.53070003 553.97399902
0.52859998 554.12640381
0.52780002 554.27880859
0.52609998 554.43121338
0.52200001 554.58361816
0.51999998 554.73602295
0.51870000 554.88842773
0.51740003 555.04077148
0.51470000 555.19317627
0.51749998 555.34558105
0.51870000 555.49798584
0.52440000 555.65039062
0.53600001 555.80279541
0.54850000 555.95520020
0.56040001 556.10760498
0.56550002 556.26000977
0.57249999 556.41241455
0.57270002 556.56481934
0.57459998 556.71722412
0.57720000 556.86962891
0.57870001 557.02197266
0.59200001 557.17437744
0.59829998 557.32678223
0.61229998 557.47918701
0.61690003 557.63159180
0.62699997 557.78399658
0.63480002 557.93640137
0.63880002 558.08880615
0.64359999 558.24121094
0.64170003 558.39361572
0.63410002 558.54602051
0.62510002 558.69842529
0.61750001 558.85083008
0.60829997 559.00317383
0.60619998 559.15557861
0.60570002 559.30798340
0.60140002 559.46038818
0.60020000 559.61279297
0.59799999 559.76519775
0.59509999 559.91760254
0.59380001 560.07000732
0.59020001 560.22241211
0.59329998 560.37481689
0.60439998 560.52722168
0.61210001 560.67962646
0.61669999 560.83197021
0.62190002 560.98437500
0.62519997 561.13677979
0.63020003 561.28918457
0.63580000 561.44158936
0.63980001 561.59399414
0.63529998 561.74639893
0.62830001 561.89880371
0.62480003 562.05120850
0.62159997 562.20361328
0.61159998 562.35601807
0.60810000 562.50842285
0.60200000 562.66082764
0.59890002 562.81317139
0.59680003 562.96557617
0.59869999 563.11798096
0.55790001 563.27038574
0.53520000 563.42279053
0.51840001 563.57519531
0.50720000 563.72760010
0.50590003 563.88000488
0.50669998 564.03240967
0.52460003 564.18481445
0.54040003 564.33721924
0.55049998 564.48962402
0.55409998 564.64202881
0.55570000 564.79437256
0.55339998 564.94677734
0.54490000 565.09918213
0.53979999 565.25158691
0.53350002 565.40399170
0.53280002 565.55639648
0.53179997 565.70880127
0.53149998 565.86120605
0.53119999 566.01361084
0.52829999 566.16601562
0.52710003 566.31842041
0.52560002 566.47082520
0.52480000 566.62322998
0.52560002 566.77557373
0.52710003 566.92797852
0.52859998 567.08038330
0.52850002 567.23278809
0.52770001 567.38519287
0.52590001 567.53759766
0.52509999 567.69000244
0.52280003 567.84240723
0.52370000 567.99481201
0.52399999 568.14721680
0.52579999 568.29962158
0.52609998 568.45202637
0.52749997 568.60437012
0.52880001 568.75677490
0.52939999 568.90917969
0.52939999 569.06158447
0.52569997 569.21398926
0.52389997 569.36639404
0.52100003 569.51879883
0.52020001 569.67120361
0.51980001 569.82360840
0.52050000 569.97601318
0.52399999 570.12841797
0.52679998 570.28082275
0.53240001 570.43322754
0.53250003 570.58557129
0.53270000 570.73797607
0.53189999 570.89038086
0.53270000 571.04278564
0.53490001 571.19519043
0.53799999 571.34759521
0.54380000 571.50000000
0.54979998 571.65240479
0.55379999 571.80480957
0.56050003 571.95721436
0.56040001 572.10961914
0.56110001 572.26202393
0.56029999 572.41442871
0.55809999 572.56677246
0.55790001 572.71917725
0.55830002 572.87158203
0.56140000 573.02398682
0.56840003 573.17639160
0.57440001 573.32879639
0.57770002 573.48120117
0.58410001 573.63360596
0.58420002 573.78601074
0.58260000 573.93841553
0.58270001 574.09082031
0.57990003 574.24322510
0.58310002 574.39562988
0.58950001 574.54797363
0.59549999 574.70037842
0.60290003 574.85278320
0.60689998 575.00518799
0.61059999 575.15759277
0.61449999 575.30999756
0.61409998 575.46240234
0.61369997 575.61480713
0.61240000 575.76721191
0.60299999 575.91961670
0.59660000 576.07202148
0.59530002 576.22442627
0.59369999 576.37677002
0.59640002 576.52917480
0.60210001 576.68157959
0.59890002 576.83398438
0.59399998 576.98638916
0.57130003 577.13879395
0.54729998 577.29119873
0.53210002 577.44360352
0.49180001 577.59600830
0.46790001 577.74841309
0.45469999 577.90081787
0.45150000 578.05322266
0.44299999 578.20562744
0.44459999 578.35797119
0.44639999 578.51037598
0.44850001 578.66278076
0.45580000 578.81518555
0.46210000 578.96759033
0.46939999 579.11999512
0.47430000 579.27239990
0.47620001 579.42480469
0.47639999 579.57720947
0.47600001 579.72961426
0.47620001 579.88201904
0.47659999 580.03442383
0.47860000 580.18682861
0.48320001 580.33917236
0.48750001 580.49157715
0.49410000 580.64398193
0.50169998 580.79638672
0.51319999 580.94879150
0.52679998 581.10119629
0.52890003 581.25360107
0.53070003 581.40600586
0.53160000 581.55841064
0.53509998 581.71081543
0.53479999 581.86322021
0.53399998 582.01562500
0.53259999 582.16802979
0.53100002 582.32037354
0.52679998 582.47277832
0.52240002 582.62518311
0.51800001 582.77758789
0.51849997 582.92999268
0.52509999 583.08239746
0.53250003 583.23480225
0.54149997 583.38720703
0.55769998 583.53961182
0.56480002 583.69201660
0.57419997 583.84442139
0.58230001 583.99682617
0.58550000 584.14916992
0.58819997 584.30157471
0.58480000 584.45397949
0.58249998 584.60638428
0.57690001 584.75878906
0.57099998 584.91119385
0.56419998 585.06359863
0.55659997 585.21600342
0.54720002 585.36840820
0.54490000 585.52081299
0.54140002 585.67321777
0.54180002 585.82562256
0.54320002 585.97802734
0.54400003 586.13037109
0.54509997 586.28277588
0.54549998 586.43518066
0.54479998 586.58758545
0.54350001 586.73999023
0.54049999 586.89239502
0.53899997 587.04479980
0.53820002 587.19720459
0.53920001 587.34960938
0.54009998 587.50201416
0.53850001 587.65441895
0.53789997 587.80682373
0.53570002 587.95922852
0.53469998 588.11157227
0.53450000 588.26397705
0.53439999 588.41638184
0.53509998 588.56878662
0.53759998 588.72119141
0.53860003 588.87359619
0.53700000 589.02600098
0.53750002 589.17840576
0.53880000 589.33081055
0.53920001 589.48321533
0.54009998 589.63562012
0.53960001 589.78802490
0.54079998 589.94042969
0.54130000 590.09277344
0.54339999 590.24517822
0.54729998 590.39758301
0.54850000 590.54998779
0.55250001 590.70239258
0.55330002 590.85479736
0.55470002 591.00720215
0.55849999 591.15960693
0.56059998 591.31201172
0.55330002 591.46441650
0.51660001 591.61682129
0.50029999 591.76922607
0.49239999 591.92156982
0.48960000 592.07397461
0.48830000 592.22637939
0.48730001 592.37878418
0.48940000 592.53118896
0.49210000 592.68359375
0.49640000 592.83599854
0.49880001 592.98840332
0.50370002 593.14080811
0.50559998 593.29321289
0.50730002 593.44561768
0.50790000 593.59802246
0.50700003 593.75042725
0.50709999 593.90277100
0.50680000 594.05517578
0.50660002 594.20758057
0.50720000 594.35998535
0.50790000 594.51239014
0.50980002 594.66479492
0.51179999 594.81719971
0.51319999 594.96960449
0.51569998 595.12200928
0.51700002 595.27441406
0.51749998 595.42681885
0.51749998 595.57922363
0.51599997 595.73162842
0.51569998 595.88397217
0.52050000 596.03637695
0.52260000 596.18878174
0.53170002 596.34118652
0.53549999 596.49359131
0.54180002 596.64599609
0.54259998 596.79840088
0.53549999 596.95080566
0.53299999 597.10321045
0.52780002 597.25561523
0.52149999 597.40802002
0.51529998 597.56042480
0.50950003 597.71282959
0.50690001 597.86517334
0.50349998 598.01757812
0.50279999 598.16998291
0.50120002 598.32238770
0.50070000 598.47479248
0.50150001 598.62719727
0.50500000 598.77960205
0.50809997 598.93200684
0.51099998 599.08441162
0.51400000 599.23681641
0.51679999 599.38922119
0.51719999 599.54162598
0.52209997 599.69396973
0.52270001 599.84637451
0.52429998 599.99877930
0.52660000 600.15118408
0.52869999 600.30358887
0.53090000 600.45599365
0.53920001 600.60839844
0.54259998 600.76080322
0.54360002 600.91320801
0.54560000 601.06561279
0.54579997 601.21801758
0.53880000 601.37042236
0.51749998 601.52282715
0.49100000 601.67517090
0.46430001 601.82757568
0.44450000 601.97998047
0.43630001 602.13238525
0.42269999 602.28479004
0.41409999 602.43719482
0.40950000 602.58959961
0.40990001 602.74200439
0.41490000 602.89440918
0.42050001 603.04681396
0.43009999 603.19921875
0.43900001 603.35162354
0.44549999 603.50402832
0.45530000 603.65637207
0.45930001 603.80877686
0.46259999 603.96118164
0.46509999 604.11358643
0.46700001 604.26599121
0.46720001 604.41839600
0.46750000 604.57080078
0.46830001 604.72320557
0.47070000 604.87561035
0.47929999 605.02801514
0.48930001 605.18041992
0.49570000 605.33282471
0.50209999 605.48522949
0.50999999 605.63757324
0.51190001 605.78997803
0.51679999 605.94238281
0.51749998 606.09478760
0.51990002 606.24719238
0.53100002 606.39959717
0.53469998 606.55200195
0.53960001 606.70440674
0.54970002 606.85681152
0.55229998 607.00921631
0.55479997 607.16162109
0.55989999 607.31402588
0.55839998 607.46636963
0.55599999 607.61877441
0.55250001 607.77117920
0.55129999 607.92358398
0.55159998 608.07598877
0.55330002 608.22839355
0.55280000 608.38079834
0.55250001 608.53320312
0.55250001 608.68560791
0.54920000 608.83801270
0.54490000 608.99041748
0.54360002 609.14282227
0.54479998 609.29522705
0.54809999 609.44757080
0.54879999 609.59997559
0.54830003 609.75238037
0.54750001 609.90478516
0.54290003 610.05718994
0.53930002 610.20959473
0.53549999 610.36199951
0.53299999 610.51440430
0.53039998 610.66680908
0.52829999 610.81921387
0.52850002 610.97161865
0.53109998 611.12402344
0.53939998 611.27642822
0.54619998 611.42877197
0.55210000 611.58117676
0.56120002 611.73358154
0.56830001 611.88598633
0.57630002 612.03839111
0.58270001 612.19079590
0.58800000 612.34320068
0.59020001 612.49560547
0.59109998 612.64801025
0.58590001 612.80041504
0.58160001 612.95281982
0.57539999 613.10522461
0.56480002 613.25762939
0.56160003 613.40997314
0.55010003 613.56237793
0.54570001 613.71478271
0.54070002 613.86718750
0.53590000 614.01959229
0.53060001 614.17199707
0.52359998 614.32440186
0.51990002 614.47680664
0.51440001 614.62921143
0.51539999 614.78161621
0.51789999 614.93402100
0.52230000 615.08642578
0.52759999 615.23876953
0.53230000 615.39117432
0.53500003 615.54357910
0.54000002 615.69598389
0.55210000 615.84838867
0.55820000 616.00079346
0.56550002 616.15319824
0.57230002 616.30560303
0.57499999 616.45800781
0.57480001 616.61041260
0.57639998 616.76281738
0.57270002 616.91522217
0.57179999 617.06762695
0.57029998 617.21997070
0.56480002 617.37237549
0.55339998 617.52478027
0.53539997 617.67718506
0.51969999 617.82958984
0.51770002 617.98199463
0.51470000 618.13439941
0.50980002 618.28680420
0.50720000 618.43920898
0.50580001 618.59161377
0.50349998 618.74401855
0.46550000 618.89642334
0.45530000 619.04882812
0.44630000 619.20117188
0.44270000 619.35357666
0.44209999 619.50598145
0.44720000 619.65838623
0.45590001 619.81079102
0.47790000 619.96319580
0.49710000 620.11560059
0.50830001 620.26800537
0.52090001 620.42041016
0.52759999 620.57281494
0.53530002 620.72521973
0.54220003 620.87762451
0.54509997 621.03002930
0.54519999 621.18237305
0.54519999 621.33477783
0.54369998 621.48718262
0.54229999 621.63958740
0.53979999 621.79199219
0.53799999 621.94439697
0.53630000 622.09680176
0.53450000 622.24920654
0.53630000 622.40161133
0.53689998 622.55401611
0.54619998 622.70642090
0.55000001 622.85882568
0.55720001 623.01123047
0.56230003 623.16357422
0.56660002 623.31597900
0.57239997 623.46838379
0.57429999 623.62078857
0.56779999 623.77319336
0.55800003 623.92559814
0.55320001 624.07800293
0.54250002 624.23040771
0.53230000 624.38281250
0.52689999 624.53521729
0.52300000 624.68762207
0.51840001 624.84002686
0.51849997 624.99237061
0.51950002 625.14477539
0.51910001 625.29718018
0.52050000 625.44958496
0.52050000 625.60198975
0.52130002 625.75439453
0.52319998 625.90679932
0.52420002 626.05920410
0.52810001 626.21160889
0.52950001 626.36401367
0.53049999 626.51641846
0.53210002 626.66882324
0.53469998 626.82122803
0.53640002 626.97357178
0.54560000 627.12597656
0.55110002 627.27838135
0.55489999 627.43078613
0.56519997 627.58319092
0.56860000 627.73559570
0.58209997 627.88800049
0.58480000 628.04040527
0.59020001 628.19281006
0.58859998 628.34521484
0.58260000 628.49761963
0.57929999 628.65002441
0.57090002 628.80242920
0.56510001 628.95477295
0.55820000 629.10717773
0.55549997 629.25958252
0.55360001 629.41198730
0.55250001 629.56439209
0.54540002 629.71679688
0.54299998 629.86920166
0.53880000 630.02160645
0.52160001 630.17401123
0.51130003 630.32641602
0.48820001 630.47882080
0.47639999 630.63122559
0.47139999 630.78363037
0.46689999 630.93597412
0.45780000 631.08837891
0.46230000 631.24078369
0.46840000 631.39318848
0.47790000 631.54559326
0.48840001 631.69799805
0.49399999 631.85040283
0.50669998 632.00280762
0.51230001 632.15521240
0.51289999 632.30761719
0.51020002 632.46002197
0.50819999 632.61242676
0.50410002 632.76477051
0.50730002 632.91717529
0.52179998 633.06958008
0.53770000 633.22198486
0.55170000 633.37438965
0.56540000 633.52679443
0.56849998 633.67919922
0.56940001 633.83160400
0.57349998 633.98400879
0.57810003 634.13641357
0.58770001 634.28881836
0.59399998 634.44122314
0.59899998 634.59362793
0.59640002 634.74597168
0.58819997 634.89837646
0.58219999 635.05078125
0.56580001 635.20318604
0.55659997 635.35559082
0.54460001 635.50799561
0.54479998 635.66040039
0.54339999 635.81280518
0.54119998 635.96520996
0.53860003 636.11761475
0.53640002 636.27001953
0.53640002 636.42242432
0.53890002 636.57482910
0.53979999 636.72717285
0.54939997 636.87957764
0.55470002 637.03198242
0.56180000 637.18438721
0.56599998 637.33679199
0.56800002 637.48919678
0.57270002 637.64160156
0.56650001 637.79400635
0.55940002 637.94641113
0.55360001 638.09881592
0.54570001 638.25122070
0.54369998 638.40362549
0.54240000 638.55603027
0.54780000 638.70837402
0.55210000 638.86077881
0.55790001 639.01318359
0.56430000 639.16558838
0.56830001 639.31799316
0.57050002 639.47039795
0.56809998 639.62280273
0.56650001 639.77520752
0.56330001 639.92761230
0.56059998 640.08001709
0.55980003 640.23242188
0.55890000 640.38482666
0.55980003 640.53717041
0.56120002 640.68957520
0.55949998 640.84197998
0.55919999 640.99438477
0.55769998 641.14678955
0.55390000 641.29919434
0.55290002 641.45159912
0.55100000 641.60400391
0.54990000 641.75640869
0.55699998 641.90881348
0.56599998 642.06121826
0.57489997 642.21362305
0.58450001 642.36602783
0.59109998 642.51837158
0.60140002 642.67077637
0.60979998 642.82318115
0.61669999 642.97558594
0.61790001 643.12799072
0.61849999 643.28039551
0.61879998 643.43280029
0.61940002 643.58520508
0.61799997 643.73760986
0.61619997 643.89001465
0.60820001 644.04241943
0.60020000 644.19482422
0.58060002 644.34722900
0.56260002 644.49957275
0.54579997 644.65197754
0.53600001 644.80438232
0.53460002 644.95678711
0.53200001 645.10919189
0.53380001 645.26159668
0.53880000 645.41400146
0.54280001 645.56640625
0.55010003 645.71881104
0.55479997 645.87121582
0.57400000 646.02362061
0.59399998 646.17602539
0.61280000 646.32843018
0.61699998 646.48077393
0.62230003 646.63317871
0.62669998 646.78558350
0.62610000 646.93798828
0.61879998 647.09039307
0.63609999 647.24279785
0.63679999 647.39520264
0.63679999 647.54760742
0.63639998 647.70001221
0.62849998 647.85241699
0.62790000 648.00482178
0.59680003 648.15722656
0.57340002 648.30957031
0.55779999 648.46197510
0.53930002 648.61437988
0.52950001 648.76678467
0.51849997 648.91918945
0.51929998 649.07159424
0.52139997 649.22399902
0.53149998 649.37640381
0.54259998 649.52880859
0.55690002 649.68121338
0.55930001 649.83361816
0.56140000 649.98602295
0.56330001 650.13842773
0.56519997 650.29077148
0.56660002 650.44317627
0.56750000 650.59558105
0.56970000 650.74798584
0.56660002 650.90039062
0.56269997 651.05279541
0.55870003 651.20520020
0.54949999 651.35760498
0.54699999 651.51000977
0.54310000 651.66241455
0.54020000 651.81481934
0.53759998 651.96722412
0.53200001 652.11962891
0.52950001 652.27197266
0.52800000 652.42437744
0.52499998 652.57678223
0.52590001 652.72918701
0.52590001 652.88159180
0.52759999 653.03399658
0.52569997 653.18640137
0.52350003 653.33880615
0.52130002 653.49121094
0.51529998 653.64361572
0.51569998 653.79602051
0.51480001 653.94842529
0.51459998 654.10083008
0.51499999 654.25317383
0.51599997 654.40557861
0.51800001 654.55798340
0.52109998 654.71038818
0.52520001 654.86279297
0.52819997 655.01519775
0.52999997 655.16760254
0.53259999 655.32000732
0.53520000 655.47241211
0.53670001 655.62481689
0.53890002 655.77722168
0.54259998 655.92962646
0.54409999 656.08197021
0.55150002 656.23437500
0.55489999 656.38677979
0.55640000 656.53918457
0.55790001 656.69158936
0.55479997 656.84399414
0.55280000 656.99639893
0.54850000 657.14880371
0.54130000 657.30120850
0.53909999 657.45361328
0.53460002 657.60601807
0.52840000 657.75842285
0.52550000 657.91082764
0.52200001 658.06317139
0.52240002 658.21557617
0.52270001 658.36798096
0.52560002 658.52038574
0.52880001 658.67279053
0.53170002 658.82519531
0.53430003 658.97760010
0.53770000 659.13000488
0.53890002 659.28240967
0.54210001 659.43481445
0.54240000 659.58721924
0.55170000 659.73962402
0.55220002 659.89202881
0.55000001 660.04437256
0.54269999 660.19677734
0.53060001 660.34918213
0.51760000 660.50158691
0.50980002 660.65399170
0.51069999 660.80639648
0.51300001 660.95880127
0.51429999 661.11120605
0.51660001 661.26361084
0.52050000 661.41601562
0.52310002 661.56842041
0.53179997 661.72082520
0.53670001 661.87322998
0.54439998 662.02557373
0.55000001 662.17797852
0.55239999 662.33038330
0.55510002 662.48278809
0.55059999 662.63519287
0.54820001 662.78759766
0.54869998 662.94000244
0.55280000 663.09240723
0.55629998 663.24481201
0.55970001 663.39721680
0.56379998 663.54962158
0.56599998 663.70202637
0.56410003 663.85437012
0.56389999 664.00677490
0.55960000 664.15917969
0.55860001 664.31158447
0.55769998 664.46398926
0.55779999 664.61639404
0.56400001 664.76879883
0.56610000 664.92120361
0.57130003 665.07360840
0.57040000 665.22601318
0.56849998 665.37841797
0.56440002 665.53082275
0.55919999 665.68322754
0.55489999 665.83557129
0.55260003 665.98797607
0.55129999 666.14038086
0.54970002 666.29278564
0.54809999 666.44519043
0.54490000 666.59759521
0.54089999 666.75000000
0.53689998 666.90240479
0.53359997 667.05480957
0.53410000 667.20721436
0.53600001 667.35961914
0.54020000 667.51202393
0.54799998 667.66442871
0.55940002 667.81677246
0.56360000 667.96917725
0.56639999 668.12158203
0.57080001 668.27398682
0.57270002 668.42639160
0.57110000 668.57879639
0.57590002 668.73120117
0.58050001 668.88360596
0.58620000 669.03601074
0.59270000 669.18841553
0.59670001 669.34082031
0.59320003 669.49322510
0.59210002 669.64562988
0.58850002 669.79797363
0.58560002 669.95037842
0.58249998 670.10278320
0.58190000 670.25518799
0.58130002 670.40759277
0.58499998 670.55999756
0.59009999 670.71240234
0.59729999 670.86480713
0.60089999 671.01721191
0.60549998 671.16961670
0.60680002 671.32202148
0.59890002 671.47442627
0.58780003 671.62677002
0.58020002 671.77917480
0.57260001 671.93157959
0.56790000 672.08398438
0.56540000 672.23638916
0.55900002 672.38879395
0.55629998 672.54119873
0.55320001 672.69360352
0.54320002 672.84600830
0.53509998 672.99841309
0.52890003 673.15081787
0.52810001 673.30322266
0.52480000 673.45562744
0.52389997 673.60797119
0.52200001 673.76037598
0.51889998 673.91278076
0.51859999 674.06518555
0.51830000 674.21759033
0.51880002 674.36999512
0.52130002 674.52239990
0.52460003 674.67480469
0.52780002 674.82720947
0.53299999 674.97961426
0.53619999 675.13201904
0.53899997 675.28442383
0.53979999 675.43682861
0.54110003 675.58917236
0.54380000 675.74157715
0.54570001 675.89398193
0.54689997 676.04638672
0.54830003 676.19879150
0.54909998 676.35119629
0.53990000 676.50360107
0.53070003 676.65600586
0.51819998 676.80841064
0.51080000 676.96081543
0.50680000 677.11322021
0.49970001 677.26562500
0.49380001 677.41802979
0.49219999 677.57037354
0.48570001 677.72277832
0.49000001 677.87518311
0.49869999 678.02758789
0.50440001 678.17999268
0.52389997 678.33239746
0.52829999 678.48480225
0.53210002 678.63720703
0.53520000 678.78961182
0.54040003 678.94201660
0.54850000 679.09442139
0.55699998 679.24682617
0.56379998 679.39916992
0.56709999 679.55157471
0.57679999 679.70397949
0.58240002 679.85638428
0.58639997 680.00878906
0.58819997 680.16119385
0.58560002 680.31359863
0.57730001 680.46600342
0.57090002 680.61840820
0.55930001 680.77081299
0.54680002 680.92321777
0.54000002 681.07562256
0.53740001 681.22802734
0.53539997 681.38037109
0.53780001 681.53277588
0.54470003 681.68518066
0.54850000 681.83758545
0.55159998 681.98999023
0.55199999 682.14239502
0.55430001 682.29479980
0.55839998 682.44720459
0.56209999 682.59960938
0.56459999 682.75201416
0.56760001 682.90441895
0.56930000 683.05682373
0.57029998 683.20922852
0.56950003 683.36157227
0.57190001 683.51397705
0.57200003 683.66638184
0.57620001 683.81878662
0.58080000 683.97119141
0.58480000 684.12359619
0.58920002 684.27600098
0.59179997 684.42840576
0.58969998 684.58081055
0.58740002 684.73321533
0.58219999 684.88562012
0.57830000 685.03802490
0.57270002 685.19042969
0.55909997 685.34277344
0.55059999 685.49517822
0.54149997 685.64758301
0.53539997 685.79998779
0.52689999 685.95239258
0.51950002 686.10479736
0.50919998 686.25720215
0.50599998 686.40960693
0.50550002 686.56201172
0.50629997 686.71441650
0.50480002 686.86682129
0.50580001 687.01922607
0.50580001 687.17156982
0.50459999 687.32397461
0.50550002 687.47637939
0.50709999 687.62878418
0.50790000 687.78118896
0.51340002 687.93359375
0.51740003 688.08599854
0.51889998 688.23840332
0.52319998 688.39080811
0.52060002 688.54321289
0.51999998 688.69561768
0.51950002 688.84802246
0.51849997 689.00042725
0.51889998 689.15277100
0.51859999 689.30517578
0.51880002 689.45758057
0.51779997 689.60998535
0.51810002 689.76239014
0.52399999 689.91479492
0.53280002 690.06719971
0.53820002 690.21960449
0.54400003 690.37200928
0.55290002 690.52441406
0.58609998 690.67681885
0.60799998 690.82922363
0.63970000 690.98162842
0.64950001 691.13397217
0.65520000 691.28637695
0.65600002 691.43878174
0.64370000 691.59118652
0.62500000 691.74359131
0.60720003 691.89599609
0.57529998 692.04840088
0.55919999 692.20080566
0.53320003 692.35321045
0.51380002 692.50561523
0.48830000 692.65802002
0.47530001 692.81042480
0.47319999 692.96282959
0.46779999 693.11517334
0.46830001 693.26757812
0.46560001 693.41998291
0.46250001 693.57238770
0.45750001 693.72479248
0.45350000 693.87719727
0.44949999 694.02960205
0.44819999 694.18200684
0.45770001 694.33441162
0.46669999 694.48681641
0.47540000 694.63922119
0.48120001 694.79162598
0.48400000 694.94396973
0.48300001 695.09637451
0.48109999 695.24877930
0.48080000 695.40118408
0.48670000 695.55358887
0.49039999 695.70599365
0.50129998 695.85839844
0.52280003 696.01080322
0.53390002 696.16320801
0.54310000 696.31561279
0.55290002 696.46801758
0.55449998 696.62042236
0.55190003 696.77282715
0.54850000 696.92517090
0.54339999 697.07757568
0.54400003 697.22998047
0.54240000 697.38238525
0.54110003 697.53479004
0.54449999 697.68719482
0.54390001 697.83959961
0.54390001 697.99200439
0.54570001 698.14440918
0.54589999 698.29681396
0.54939997 698.44921875
0.55390000 698.60162354
0.55620003 698.75402832
0.55870003 698.90637207
0.55519998 699.05877686
0.54640001 699.21118164
0.53869998 699.36358643
0.53149998 699.51599121
0.51969999 699.66839600
0.51719999 699.82080078
0.51349998 699.97320557
0.50959998 700.12561035
0.51029998 700.27801514
0.51090002 700.43041992
0.51459998 700.58282471
0.51770002 700.73522949
0.51859999 700.88757324
0.51770002 701.03997803
0.51599997 701.19238281
0.51279998 701.34478760
0.50830001 701.49719238
0.50599998 701.64959717
0.50739998 701.80200195
0.50919998 701.95440674
0.51539999 702.10681152
0.52170002 702.25921631
0.52850002 702.41162109
0.53729999 702.56402588
0.54759997 702.71636963
0.56160003 702.86877441
0.56739998 703.02117920
0.57859999 703.17358398
0.57950002 703.32598877
0.58260000 703.47839355
0.57840002 703.63079834
0.56879997 703.78320312
0.54839998 703.93560791
0.52640003 704.08801270
0.51029998 704.24041748
0.51010001 704.39282227
0.51109999 704.54522705
0.51490003 704.69757080
0.52050000 704.84997559
0.53609997 705.00238037
0.54180002 705.15478516
0.55309999 705.30718994
0.55800003 705.45959473
0.54670000 705.61199951
0.54500002 705.76440430
0.52329999 705.91680908
0.50860000 706.06921387
0.49329999 706.22161865
0.47950000 706.37402344
0.47479999 706.52642822
0.47560000 706.67877197
0.48199999 706.83117676
0.48820001 706.98358154
0.49230000 707.13598633
0.49540001 707.28839111
0.50040001 707.44079590
0.50599998 707.59320068
0.51760000 707.74560547
0.52600002 707.89801025
0.54119998 708.05041504
0.54519999 708.20281982
0.55739999 708.35522461
0.56140000 708.50762939
0.55820000 708.65997314
0.55960000 708.81237793
0.56239998 708.96478271
0.56099999 709.11718750
0.56059998 709.26959229
0.56070000 709.42199707
0.55769998 709.57440186
0.56110001 709.72680664
0.55379999 709.87921143
0.54930001 710.03161621
0.54890001 710.18402100
0.53880000 710.33642578
0.53079998 710.48876953
0.52249998 710.64117432
0.51639998 710.79357910
0.51450002 710.94598389
0.51419997 711.09838867
0.50800002 711.25079346
0.50760001 711.40319824
0.50440001 711.55560303
0.50319999 711.70800781
0.50599998 711.86041260
0.50779998 712.01281738
0.50940001 712.16522217
0.51520002 712.31762695
0.51459998 712.46997070
0.51370001 712.62237549
0.51340002 712.77478027
0.51139998 712.92718506
0.50690001 713.07958984
0.50540000 713.23199463
0.50550002 713.38439941
0.50529999 713.53680420
0.50739998 713.68920898
0.50389999 713.84161377
0.50300002 713.99401855
0.50620002 714.14642334
0.50800002 714.29882812
0.51480001 714.45117188
0.51929998 714.60357666
0.52759999 714.75598145
0.53090000 714.90838623
0.54930001 715.06079102
0.56239998 715.21319580
0.57889998 715.36560059
0.59359998 715.51800537
0.61390001 715.67041016
0.63020003 715.82281494
0.64260000 715.97521973
0.62540001 716.12762451
0.60650003 716.28002930
0.57609999 716.43237305
0.53369999 716.58477783
0.50660002 716.73718262
0.47770000 716.88958740
0.45210001 717.04199219
0.43920001 717.19439697
0.42820001 717.34680176
0.41580001 717.49920654
0.41450000 717.65161133
0.41330001 717.80401611
0.41170001 717.95642090
0.41090000 718.10882568
0.41029999 718.26123047
0.41310000 718.41357422
0.41460001 718.56597900
0.42829999 718.71838379
0.43489999 718.87078857
0.44600001 719.02319336
0.45179999 719.17559814
0.46180001 719.32800293
0.47270000 719.48040771
0.48670000 719.63281250
0.49620000 719.78521729
0.51400000 719.93762207
0.52139997 720.09002686
0.53359997 720.24237061
0.54020000 720.39477539
0.54159999 720.54718018
0.53869998 720.69958496
0.53509998 720.85198975
0.52880001 721.00439453
0.51130003 721.15679932
0.49890000 721.30920410
0.49120000 721.46160889
0.47740000 721.61401367
0.46849999 721.76641846
0.46570000 721.91882324
0.45910001 722.07122803
0.46419999 722.22357178
0.46750000 722.37597656
0.47160000 722.52838135
0.47950000 722.68078613
0.48150000 722.83319092
0.48320001 722.98559570
0.48480001 723.13800049
0.48670000 723.29040527
0.48730001 723.44281006
0.48940000 723.59521484
0.48750001 723.74761963
0.48640001 723.90002441
0.48530000 724.05242920
0.48190001 724.20477295
0.47880000 724.35717773
0.47690001 724.50958252
0.47350001 724.66198730
0.47220001 724.81439209
0.47200000 724.96679688
0.47180000 725.11920166
0.47150001 725.27160645
0.47270000 725.42401123
0.47229999 725.57641602
0.47330001 725.72882080
0.47360000 725.88122559
0.47540000 726.03363037
0.47940001 726.18597412
0.48359999 726.33837891
0.48590001 726.49078369
0.48840001 726.64318848
0.48820001 726.79559326
0.48220000 726.94799805
0.47999999 727.10040283
0.47979999 727.25280762
0.48370001 727.40521240
0.48920000 727.55761719
0.49370000 727.71002197
0.49770001 727.86242676
0.50449997 728.01477051
0.50680000 728.16717529
0.51130003 728.31958008
0.51389998 728.47198486
0.51580000 728.62438965
0.51819998 728.77679443
0.51910001 728.92919922
0.52060002 729.08160400
0.52170002 729.23400879
0.52079999 729.38641357
0.51969999 729.53881836
0.51950002 729.69122314
0.52090001 729.84362793
0.51690000 729.99597168
0.50720000 730.14837646
0.50749999 730.30078125
0.50180000 730.45318604
0.49790001 730.60559082
0.50050002 730.75799561
0.50040001 730.91040039
0.49820000 731.06280518
0.49790001 731.21520996
0.50180000 731.36761475
0.49450001 731.52001953
0.49100000 731.67242432
0.48480001 731.82482910
0.47290000 731.97717285
0.46630001 732.12957764
0.46190000 732.28198242
0.46020001 732.43438721
0.46129999 732.58679199
0.46460000 732.73919678
0.47080001 732.89160156
0.47639999 733.04400635
0.47950000 733.19641113
0.48320001 733.34881592
0.49030000 733.50122070
0.49950001 733.65362549
0.51340002 733.80603027
0.51650000 733.95837402
0.49140000 734.11077881
0.47029999 734.26318359
0.44929999 734.41558838
0.43830001 734.56799316
0.42960000 734.72039795
0.42620000 734.87280273
0.42640001 735.02520752
0.42890000 735.17761230
0.43619999 735.33001709
0.44220001 735.48242188
0.44479999 735.63482666
0.44700000 735.78717041
0.44580001 735.93957520
0.44470000 736.09197998
0.44929999 736.24438477
0.45490000 736.39678955
0.46030000 736.54919434
0.47090000 736.70159912
0.47499999 736.85400391
0.48080000 737.00640869
0.49030000 737.15881348
0.49259999 737.31121826
0.49739999 737.46362305
0.50250000 737.61602783
0.50449997 737.76837158
0.51169997 737.92077637
0.50489998 738.07318115
0.50239998 738.22558594
0.49869999 738.37799072
0.49720001 738.53039551
0.49610001 738.68280029
0.48920000 738.83520508
0.48830000 738.98760986
0.47560000 739.14001465
0.46790001 739.29241943
0.46980000 739.44482422
0.46910000 739.59722900
0.47610000 739.74957275
0.48130000 739.90197754
0.48390001 740.05438232
0.49640000 740.20678711
0.49820000 740.35919189
0.50319999 740.51159668
0.50819999 740.66400146
0.50889999 740.81640625
0.51880002 740.96881104
0.52029997 741.12121582
0.50749999 741.27362061
0.50029999 741.42602539
0.49290001 741.57843018
0.48769999 741.73077393
0.48179999 741.88317871
0.48040000 742.03558350
0.48159999 742.18798828
0.47889999 742.34039307
0.47749999 742.49279785
0.47420001 742.64520264
0.47279999 742.79760742
0.46950001 742.95001221
0.46890000 743.10241699
0.46840000 743.25482178
0.46810001 743.40722656
0.46790001 743.55957031
0.46770000 743.71197510
0.46959999 743.86437988
0.46520001 744.01678467
0.45739999 744.16918945
0.45629999 744.32159424
0.45100001 744.47399902
0.44999999 744.62640381
0.44940001 744.77880859
0.44420001 744.93121338
0.46700001 745.08361816
0.47229999 745.23602295
0.47020000 745.38842773
0.46810001 745.54077148
0.46599999 745.69317627
0.46380001 745.84558105
0.46380001 745.99798584
0.49219999 746.15039062
0.50309998 746.30279541
0.49810001 746.45520020
0.50459999 746.60760498
0.50639999 746.76000977
0.50700003 746.91241455
0.51109999 747.06481934
0.51220000 747.21722412
0.51630002 747.36962891
0.52200001 747.52197266
0.53350002 747.67437744
0.54229999 747.82678223
0.54850000 747.97918701
0.56449997 748.13159180
0.56150001 748.28399658
0.53549999 748.43640137
0.51690000 748.58880615
0.50040001 748.74121094
0.48390001 748.89361572
0.47770000 749.04602051
0.45320001 749.19842529
0.44340000 749.35083008
0.43189999 749.50317383
0.43239999 749.65557861
0.43560001 749.80798340
0.43910000 749.96038818
0.44859999 750.11279297
0.46950001 750.26519775
0.47450000 750.41760254
0.48429999 750.57000732
0.48769999 750.72241211
0.48980001 750.87481689
0.50779998 751.02722168
0.51109999 751.17962646
0.52100003 751.33197021
0.51440001 751.48437500
0.50660002 751.63677979
0.49419999 751.78918457
0.48629999 751.94158936
0.47729999 752.09399414
0.47049999 752.24639893
0.46309999 752.39880371
0.46110001 752.55120850
0.45429999 752.70361328
0.45680001 752.85601807
0.45640001 753.00842285
0.46010000 753.16082764
0.46250001 753.31317139
0.47110000 753.46557617
0.48140001 753.61798096
0.49160001 753.77038574
0.50599998 753.92279053
0.51340002 754.07519531
0.51440001 754.22760010
0.51470000 754.38000488
0.50669998 754.53240967
0.50300002 754.68481445
0.50010002 754.83721924
0.49110001 754.98962402
0.49169999 755.14202881
0.48600000 755.29437256
0.47440001 755.44677734
0.49329999 755.59918213
0.49360001 755.75158691
0.48230001 755.90399170
0.47870001 756.05639648
0.47729999 756.20880127
0.47530001 756.36120605
0.47679999 756.51361084
0.47409999 756.66601562
0.47110000 756.81842041
0.47240001 756.97082520
0.46669999 757.12322998
0.46410000 757.27557373
0.46410000 757.42797852
0.46140000 757.58038330
0.46160001 757.73278809
0.45760000 757.88519287
0.45159999 758.03759766
0.46599999 758.19000244
0.49680001 758.34240723
0.49980000 758.49481201
0.49980000 758.64721680
0.49120000 758.79962158
0.49050000 758.95202637
0.48330000 759.10437012
0.48050001 759.25677490
0.48170000 759.40917969
0.47950000 759.56158447
0.47740000 759.71398926
0.47369999 759.86639404
0.46000001 760.01879883
0.43320000 760.17120361
0.42850000 760.32360840
0.42449999 760.47601318
0.42230001 760.62841797
0.41960001 760.78082275
0.41880000 760.93322754
0.41819999 761.08557129
0.41980001 761.23797607
0.42170000 761.39038086
0.42519999 761.54278564
0.43750000 761.69519043
0.44850001 761.84759521
0.46540001 762.00000000
0.47490001 762.15240479
0.48460001 762.30480957
0.49910000 762.45721436
0.50250000 762.60961914
0.50430000 762.76202393
0.50029999 762.91442871
0.48699999 763.06677246
0.48150000 763.21917725
0.46830001 763.37158203
0.45899999 763.52398682
0.45260000 763.67639160
0.45280001 763.82879639
0.45150000 763.98120117
0.45440000 764.13360596
0.45699999 764.28601074
0.46470001 764.43841553
0.47160000 764.59082031
0.47459999 764.74322510
0.47260001 764.89562988
0.47260001 765.04797363
0.47020000 765.20037842
0.46910000 765.35278320
0.46419999 765.50518799
0.46250001 765.65759277
0.46210000 765.80999756
0.45989999 765.96240234
0.45989999 766.11480713
0.45940000 766.26721191
0.45480001 766.41961670
0.45300001 766.57202148
0.44970000 766.72442627
0.44630000 766.87677002
0.44130000 767.02917480
0.43250000 767.18157959
0.43120000 767.33398438
0.43140000 767.48638916
0.43669999 767.63879395
0.43959999 767.79119873
0.44470000 767.94360352
0.44839999 768.09600830
0.45039999 768.24841309
0.44960001 768.40081787
0.45829999 768.55322266
0.45789999 768.70562744
0.46200001 768.85797119
0.46419999 769.01037598
0.46820000 769.16278076
0.46599999 769.31518555
0.46489999 769.46759033
0.46520001 769.61999512
0.45620000 769.77239990
0.45429999 769.92480469
0.45030001 770.07720947
0.44560000 770.22961426
0.44740000 770.38201904
0.44569999 770.53442383
0.44530001 770.68682861
0.44880000 770.83917236
0.44650000 770.99157715
0.44279999 771.14398193
0.44260001 771.29638672
0.43709999 771.44879150
0.43709999 771.60119629
0.43869999 771.75360107
0.44049999 771.90600586
0.44600001 772.05841064
0.44990000 772.21081543
0.45449999 772.36322021
0.46590000 772.51562500
0.46980000 772.66802979
0.47209999 772.82037354
0.47160000 772.97277832
0.46259999 773.12518311
0.45930001 773.27758789
0.45660001 773.42999268
0.45559999 773.58239746
0.46090001 773.73480225
0.46689999 773.88720703
0.47440001 774.03961182
0.49489999 774.19201660
0.50180000 774.34442139
0.50970000 774.49682617
0.51359999 774.64916992
0.50319999 774.80157471
0.49810001 774.95397949
0.49380001 775.10638428
0.48629999 775.25878906
0.49070001 775.41119385
0.49380001 775.56359863
0.50319999 775.71600342
0.51590002 775.86840820
0.52410001 776.02081299
0.52410001 776.17321777
0.52490002 776.32562256
0.52289999 776.47802734
0.51050001 776.63037109
0.50590003 776.78277588
0.50370002 776.93518066
0.50099999 777.08758545
0.50370002 777.23999023
0.49939999 777.39239502
0.49910000 777.54479980
0.50440001 777.69720459
0.49640000 777.84960938
0.49739999 778.00201416
0.51179999 778.15441895
0.53030002 778.30682373
0.56000000 778.45922852
0.58490002 778.61157227
0.60839999 778.76397705
0.60180002 778.91638184
0.59869999 779.06878662
0.58780003 779.22119141
0.57789999 779.37359619
0.56559998 779.52600098
0.54500002 779.67840576
0.51740003 779.83081055
0.48780000 779.98321533
0.47229999 780.13562012
0.45699999 780.28802490
0.44800001 780.44042969
0.42980000 780.59277344
0.42260000 780.74517822
0.41690001 780.89758301
0.40110001 781.04998779
0.39960000 781.20239258
0.39550000 781.35479736
0.39520001 781.50720215
0.39579999 781.65960693
0.40180001 781.81201172
0.40619999 781.96441650
0.42070001 782.11682129
0.43759999 782.26922607
0.45780000 782.42156982
0.46500000 782.57397461
0.48620000 782.72637939
0.49419999 782.87878418
0.50019997 783.03118896
0.50660002 783.18359375
0.51400000 783.33599854
0.51529998 783.48840332
0.51599997 783.64080811
0.51069999 783.79321289
0.50749999 783.94561768
0.51139998 784.09802246
0.51499999 784.25042725
0.52209997 784.40277100
0.52679998 784.55517578
0.53140002 784.70758057
0.53009999 784.85998535
0.52569997 785.01239014
0.52719998 785.16479492
0.52770001 785.31719971
0.53230000 785.46960449
0.53960001 785.62200928
0.53320003 785.77441406
0.53369999 785.92681885
0.52980000 786.07922363
0.52679998 786.23162842
0.52560002 786.38397217
0.52719998 786.53637695
0.50650001 786.68878174
0.48620000 786.84118652
0.46579999 786.99359131
0.45379999 787.14599609
0.46680000 787.29840088
0.47070000 787.45080566
0.48220000 787.60321045
0.49820000 787.75561523
0.49480000 787.90802002
0.49020001 788.06042480
0.48469999 788.21282959
0.48320001 788.36517334
0.48109999 788.51757812
0.47180000 788.66998291
0.46799999 788.82238770
0.46500000 788.97479248
0.46030000 789.12719727
0.45989999 789.27960205
0.45190001 789.43200684
0.43349999 789.58441162
0.40720001 789.73681641
0.40000001 789.88922119
0.39780000 790.04162598
0.39660001 790.19396973
0.39710000 790.34637451
0.39789999 790.49877930
0.39930001 790.65118408
0.40570000 790.80358887
0.41290000 790.95599365
0.41940001 791.10839844
0.42710000 791.26080322
0.44620001 791.41320801
0.46830001 791.56561279
0.48789999 791.71801758
0.49890000 791.87042236
0.49570000 792.02282715
0.48249999 792.17517090
0.46680000 792.32757568
0.44859999 792.47998047
0.44209999 792.63238525
0.44020000 792.78479004
0.43630001 792.93719482
0.43480000 793.08959961
0.43239999 793.24200439
0.42680001 793.39440918
0.41949999 793.54681396
0.41319999 793.69921875
0.40640000 793.85162354
0.40509999 794.00402832
0.40520000 794.15637207
0.40619999 794.30877686
0.40740001 794.46118164
0.40950000 794.61358643
0.41090000 794.76599121
0.41499999 794.91839600
0.42039999 795.07080078
0.42399999 795.22320557
0.42989999 795.37561035
0.43210000 795.52801514
0.43700001 795.68041992
0.44069999 795.83282471
0.44270000 795.98522949
0.44580001 796.13757324
0.44589999 796.28997803
0.44900000 796.44238281
0.45320001 796.59478760
0.45800000 796.74719238
0.47000000 796.89959717
0.47049999 797.05200195
0.47319999 797.20440674
0.47659999 797.35681152
0.48120001 797.50921631
0.48740000 797.66162109
0.49370000 797.81402588
0.50400001 797.96636963
0.51429999 798.11877441
0.51889998 798.27117920
0.52060002 798.42358398
0.52460003 798.57598877
0.52490002 798.72839355
0.52980000 798.88079834
0.52990001 799.03320312
0.52910000 799.18560791
0.52920002 799.33801270
0.52370000 799.49041748
0.52160001 799.64282227
0.52130002 799.79522705
0.51719999 799.94757080
0.51400000 800.09997559
0.51040000 800.25238037
0.50840002 800.40478516
0.50900000 800.55718994
0.51139998 800.70959473
0.51870000 800.86199951
0.52859998 801.01440430
0.53369999 801.16680908
0.53460002 801.31921387
0.53539997 801.47161865
0.53649998 801.62402344
0.53530002 801.77642822
0.53570002 801.92877197
0.53700000 802.08117676
0.53680003 802.23358154
0.53439999 802.38598633
0.53500003 802.53839111
0.53350002 802.69079590
0.53090000 802.84320068
0.52730000 802.99560547
0.52469999 803.14801025
0.51789999 803.30041504
0.51090002 803.45281982
0.50730002 803.60522461
0.50110000 803.75762939
0.49360001 803.90997314
0.49320000 804.06237793
0.49669999 804.21478271
0.49779999 804.36718750
0.49730000 804.51959229
0.49759999 804.67199707
0.49550000 804.82440186
0.49590001 804.97680664
0.49559999 805.12921143
0.50019997 805.28161621
0.50440001 805.43402100
0.50650001 805.58642578
0.50779998 805.73876953
0.50680000 805.89117432
0.50440001 806.04357910
0.50349998 806.19598389
0.50129998 806.34838867
0.50459999 806.50079346
0.50410002 806.65319824
0.50459999 806.80560303
0.50559998 806.95800781
0.50340003 807.11041260
0.50300002 807.26281738
0.49990001 807.41522217
0.49939999 807.56762695
0.49349999 807.71997070
0.49120000 807.87237549
0.48760000 808.02478027
0.48310000 808.17718506
0.47950000 808.32958984
0.47470000 808.48199463
0.47160000 808.63439941
0.46860000 808.78680420
0.46630001 808.93920898
0.46630001 809.09161377
0.46439999 809.24401855
0.46370000 809.39642334
0.46700001 809.54882812
0.46689999 809.70117188
0.46919999 809.85357666
0.47560000 810.00598145
0.47700000 810.15838623
0.47950000 810.31079102
0.47819999 810.46319580
0.47920001 810.61560059
0.47940001 810.76800537
0.47860000 810.92041016
0.47860000 811.07281494
0.46890000 811.22521973
0.46450001 811.37762451
0.46090001 811.53002930
0.45919999 811.68237305
0.46020001 811.83477783
0.46840000 811.98718262
0.48080000 812.13958740
0.48620000 812.29199219
0.49169999 812.44439697
0.49520001 812.59680176
0.49770001 812.74920654
0.51230001 812.90161133
0.53079998 813.05401611
0.54189998 813.20642090
0.54990000 813.35882568
0.55129999 813.51123047
0.54720002 813.66357422
0.57920003 813.81597900
0.59640002 813.96838379
0.62480003 814.12078857
0.66140002 814.27319336
0.67970002 814.42559814
0.69180000 814.57800293
0.69069999 814.73040771
0.68640000 814.88281250
0.68390000 815.03521729
0.67500001 815.18762207
0.66979998 815.34002686
0.64160001 815.49237061
0.61299998 815.64477539
0.59320003 815.79718018
0.56809998 815.94958496
0.54629999 816.10198975
0.53340000 816.25439453
0.52560002 816.40679932
0.51300001 816.55920410
0.50849998 816.71160889
0.50480002 816.86401367
0.50309998 817.01641846
0.50120002 817.16882324
0.49810001 817.32122803
0.49430001 817.47357178
0.49180001 817.62597656
0.49140000 817.77838135
0.49270001 817.93078613
0.49489999 818.08319092
0.49520001 818.23559570
0.49570000 818.38800049
0.49329999 818.54040527
0.48949999 818.69281006
0.48730001 818.84521484
0.48960000 818.99761963
0.49840000 819.15002441
0.51120001 819.30242920
0.52869999 819.45477295
0.53399998 819.60717773
0.54490000 819.75958252
0.54879999 819.91198730
0.54879999 820.06439209
0.54750001 820.21679688
0.54600000 820.36920166
0.54430002 820.52160645
0.54220003 820.67401123
0.54369998 820.82641602
0.53850001 820.97882080
0.53490001 821.13122559
0.53579998 821.28363037
0.53310001 821.43597412
0.53659999 821.58837891
0.53230000 821.74078369
0.51870000 821.89318848
0.50650001 822.04559326
0.49219999 822.19799805
0.47510001 822.35040283
0.47060001 822.50280762
0.46149999 822.65521240
0.45640001 822.80761719
0.45210001 822.96002197
0.45060000 823.11242676
0.45100001 823.26477051
0.45100001 823.41717529
0.45379999 823.56958008
0.45559999 823.72198486
0.46050000 823.87438965
0.46759999 824.02679443
0.47070000 824.17919922
0.47540000 824.33160400
0.47909999 824.48400879
0.48140001 824.63641357
0.48719999 824.78881836
0.49300000 824.94122314
0.49950001 825.09362793
0.50470001 825.24597168
0.50919998 825.39837646
0.51059997 825.55078125
0.51059997 825.70318604
0.51010001 825.85559082
0.51440001 826.00799561
0.52010000 826.16040039
0.52399999 826.31280518
0.52920002 826.46520996
0.52829999 826.61761475
0.52630001 826.77001953
0.52270001 826.92242432
0.52029997 827.07482910
0.51830000 827.22717285
0.51899999 827.37957764
0.52109998 827.53198242
0.52260000 827.68438721
0.52370000 827.83679199
0.52550000 827.98919678
0.52630001 828.14160156
0.52789998 828.29400635
0.53009999 828.44641113
0.52999997 828.59881592
0.53359997 828.75122070
0.53799999 828.90362549
0.53789997 829.05603027
0.54490000 829.20837402
0.54740000 829.36077881
0.55129999 829.51318359
0.55460000 829.66558838
0.55790001 829.81799316
0.55949998 829.97039795
0.55930001 830.12280273
0.56430000 830.27520752
0.56699997 830.42761230
0.56739998 830.58001709
0.56790000 830.73242188
0.56669998 830.88482666
0.56099999 831.03717041
0.55570000 831.18957520
0.55119997 831.34197998
0.54640001 831.49438477
0.54909998 831.64678955
0.55049998 831.79919434
0.55250001 831.95159912
0.55239999 832.10400391
0.55140001 832.25640869
0.54780000 832.40881348
0.54780000 832.56121826
0.54629999 832.71362305
0.54560000 832.86602783
0.54670000 833.01837158
0.54710001 833.17077637
0.54780000 833.32318115
0.54979998 833.47558594
0.55379999 833.62799072
0.56010002 833.78039551
0.56569999 833.93280029
0.56680000 834.08520508
0.56569999 834.23760986
0.56120002 834.39001465
0.55620003 834.54241943
0.54839998 834.69482422
0.54589999 834.84722900
0.54640001 834.99957275
0.54740000 835.15197754
0.55040002 835.30438232
0.56559998 835.45678711
0.56950003 835.60919189
0.58020002 835.76159668
0.58340001 835.91400146
0.60299999 836.06640625
0.62110001 836.21881104
0.63910002 836.37121582
0.65249997 836.52362061
0.66200000 836.67602539
0.66369998 836.82843018
0.66320002 836.98077393
0.65350002 837.13317871
0.63910002 837.28558350
0.60579997 837.43798828
0.57349998 837.59039307
0.54890001 837.74279785
0.50929999 837.89520264
0.49059999 838.04760742
0.47009999 838.20001221
0.46660000 838.35241699
0.46560001 838.50482178
0.46560001 838.65722656
0.46709999 838.80957031
0.46840000 838.96197510
0.46990001 839.11437988
0.47049999 839.26678467
0.47150001 839.41918945
0.47319999 839.57159424
0.47799999 839.72399902
0.48249999 839.87640381
0.48969999 840.02880859
0.49640000 840.18121338
0.49939999 840.33361816
0.50319999 840.48602295
0.52310002 840.63842773
0.53410000 840.79077148
0.55229998 840.94317627
0.55750000 841.09558105
0.55239999 841.24798584
0.55000001 841.40039062
0.54839998 841.55279541
0.54020000 841.70520020
0.54060000 841.85760498
0.54060000 842.01000977
0.54119998 842.16241455
0.54290003 842.31481934
0.54380000 842.46722412
0.54530001 842.61962891
0.54530001 842.77197266
0.54210001 842.92437744
0.53640002 843.07678223
0.52770001 843.22918701
0.51810002 843.38159180
0.51130003 843.53399658
0.50510001 843.68640137
0.50599998 843.83880615
0.51889998 843.99121094
0.52700001 844.14361572
0.53259999 844.29602051
0.53780001 844.44842529
0.54130000 844.60083008
0.55210000 844.75317383
0.55739999 844.90557861
0.56080002 845.05798340
0.55650002 845.21038818
0.54689997 845.36279297
0.54110003 845.51519775
0.53119999 845.66760254
0.53039998 845.82000732
0.53160000 845.97241211
0.53509998 846.12481689
0.54009998 846.27722168
0.55180001 846.42962646
0.55820000 846.58197021
0.56410003 846.73437500
0.57050002 846.88677979
0.55870003 847.03918457
0.54689997 847.19158936
0.53350002 847.34399414
0.52440000 847.49639893
0.52810001 847.64880371
0.53729999 847.80120850
0.54589999 847.95361328
0.54689997 848.10601807
0.55210000 848.25842285
0.55140001 848.41082764
0.54629999 848.56317139
0.54540002 848.71557617
0.53750002 848.86798096
0.53340000 849.02038574
0.52770001 849.17279053
0.52139997 849.32519531
0.52060002 849.47760010
0.51889998 849.63000488
0.51450002 849.78240967
0.51330000 849.93481445
0.51419997 850.08721924
0.50919998 850.23962402
0.50279999 850.39202881
0.49890000 850.54437256
0.48220000 850.69677734
0.46180001 850.84918213
0.44740000 851.00158691
0.41819999 851.15399170
0.41370001 851.30639648
0.40939999 851.45880127
0.40970001 851.61120605
0.41049999 851.76361084
0.41159999 851.91601562
0.41450000 852.06842041
0.41749999 852.22082520
0.42230001 852.37322998
0.42460001 852.52557373
0.42770001 852.67797852
0.42829999 852.83038330
0.42590001 852.98278809
0.42240000 853.13519287
0.42010000 853.28759766
0.41720000 853.44000244
0.41880000 853.59240723
0.42250001 853.74481201
0.42519999 853.89721680
0.43220001 854.04962158
0.43770000 854.20202637
0.44409999 854.35437012
0.44999999 854.50677490
0.45490000 854.65917969
0.46149999 854.81158447
0.46700001 854.96398926
0.47540000 855.11639404
0.48359999 855.26879883
0.48940000 855.42120361
0.49180001 855.57360840
0.49360001 855.72601318
0.49160001 855.87841797
0.48890001 856.03082275
0.48789999 856.18322754
0.49190000 856.33557129
0.49550000 856.48797607
0.50669998 856.64038086
0.51220000 856.79278564
0.52149999 856.94519043
0.51849997 857.09759521
0.51310003 857.25000000
0.50870001 857.40240479
0.50250000 857.55480957
0.49610001 857.70721436
0.49230000 857.85961914
0.48850000 858.01202393
0.48789999 858.16442871
0.48750001 858.31677246
0.48940000 858.46917725
0.49160001 858.62158203
0.50300002 858.77398682
0.51190001 858.92639160
0.51929998 859.07879639
0.52740002 859.23120117
0.52939999 859.38360596
0.52880001 859.53601074
0.52880001 859.68841553
0.52649999 859.84082031
0.52039999 859.99322510
0.51220000 860.14562988
0.50290000 860.29797363
0.48390001 860.45037842
0.47880000 860.60278320
0.47220001 860.75518799
0.46830001 860.90759277
0.46959999 861.05999756
0.47350001 861.21240234
0.47679999 861.36480713
0.48420000 861.51721191
0.49620000 861.66961670
0.50870001 861.82202148
0.53689998 861.97442627
0.54449999 862.12677002
0.55540001 862.27917480
0.56230003 862.43157959
0.56089997 862.58398438
0.56379998 862.73638916
0.56360000 862.88879395
0.56220001 863.04119873
0.56389999 863.19360352
0.56790000 863.34600830
0.56980002 863.49841309
0.57309997 863.65081787
0.57489997 863.80322266
0.57730001 863.95562744
0.57130003 864.10797119
0.56779999 864.26037598
0.56269997 864.41278076
0.56160003 864.56518555
0.56190002 864.71759033
0.56180000 864.86999512
0.56620002 865.02239990
0.56809998 865.17480469
0.57120001 865.32720947
0.56879997 865.47961426
0.57010001 865.63201904
0.56239998 865.78442383
0.54949999 865.93682861
0.54089999 866.08917236
0.53700000 866.24157715
0.53119999 866.39398193
0.53430003 866.54638672
0.54009998 866.69879150
0.55030000 866.85119629
0.56190002 867.00360107
0.57429999 867.15600586
0.57440001 867.30841064
0.57220000 867.46081543
0.56730002 867.61322021
0.55919999 867.76562500
0.55100000 867.91802979
0.54689997 868.07037354
0.54479998 868.22277832
0.55640000 868.37518311
0.56569999 868.52758789
0.57169998 868.67999268
0.58109999 868.83239746
0.59079999 868.98480225
0.59149998 869.13720703
0.59189999 869.28961182
0.59230000 869.44201660
0.58980000 869.59442139
0.58929998 869.74682617
0.58740002 869.89916992
0.59299999 870.05157471
0.59820002 870.20397949
0.60409999 870.35638428
0.60920000 870.50878906
0.61220002 870.66119385
0.60939997 870.81359863
0.60479999 870.96600342
0.59670001 871.11840820
0.59630001 871.27081299
0.59270000 871.42321777
0.60039997 871.57562256
0.60640001 871.72802734
0.61070001 871.88037109
0.61619997 872.03277588
0.61739999 872.18518066
0.61619997 872.33758545
0.62000000 872.48999023
0.62199998 872.64239502
0.62910002 872.79479980
0.63730001 872.94720459
0.63830000 873.09960938
0.63730001 873.25201416
0.62910002 873.40441895
0.62330002 873.55682373
0.61470002 873.70922852
0.60280001 873.86157227
0.59890002 874.01397705
0.59689999 874.16638184
0.59680003 874.31878662
0.59780002 874.47119141
0.61159998 874.62359619
0.62309998 874.77600098
0.62300003 874.92840576
0.62220001 875.08081055
0.61769998 875.23321533
0.60990000 875.38562012
0.61549997 875.53802490
0.61610001 875.69042969
0.63220000 875.84277344
0.64440000 875.99517822
0.64639997 876.14758301
0.65189999 876.29998779
0.65300000 876.45239258
0.65230000 876.60479736
0.65179998 876.75720215
0.64230001 876.90960693
0.63859999 877.06201172
0.62120003 877.21441650
0.61430001 877.36682129
0.60820001 877.51922607
0.60000002 877.67156982
0.59520000 877.82397461
0.58950001 877.97637939
0.58200002 878.12878418
0.57639998 878.28118896
0.56569999 878.43359375
0.55390000 878.58599854
0.54600000 878.73840332
0.53509998 878.89080811
0.51419997 879.04321289
0.49750000 879.19561768
0.48269999 879.34802246
0.46919999 879.50042725
0.46650001 879.65277100
0.47330001 879.80517578
0.47780001 879.95758057
0.47999999 880.10998535
0.48010001 880.26239014
0.48159999 880.41479492
0.48359999 880.56719971
0.48330000 880.71960449
0.48050001 880.87200928
0.47889999 881.02441406
0.47260001 881.17681885
0.46000001 881.32922363
0.45060000 881.48162842
0.44020000 881.63397217
0.43340001 881.78637695
0.42980000 881.93878174
0.42989999 882.09118652
0.43090001 882.24359131
0.43169999 882.39599609
0.43120000 882.54840088
0.43140000 882.70080566
0.43169999 882.85321045
0.43520001 883.00561523
0.44049999 883.15802002
0.45680001 883.31042480
0.46930000 883.46282959
0.47409999 883.61517334
0.48350000 883.76757812
0.48400000 883.91998291
0.49980000 884.07238770
0.50480002 884.22479248
0.51069999 884.37719727
0.50739998 884.52960205
0.50660002 884.68200684
0.50290000 884.83441162
0.49759999 884.98681641
0.49399999 885.13922119
0.49329999 885.29162598
0.48710001 885.44396973
0.48310000 885.59637451
0.47889999 885.74877930
0.47780001 885.90118408
0.48030001 886.05358887
0.48660001 886.20599365
0.49239999 886.35839844
0.49439999 886.51080322
0.49349999 886.66320801
0.49290001 886.81561279
0.49110001 886.96801758
0.48960000 887.12042236
0.49190000 887.27282715
0.49340001 887.42517090
0.49419999 887.57757568
0.49950001 887.72998047
0.50089997 887.88238525
0.50209999 888.03479004
0.50389999 888.18719482
0.50169998 888.33959961
0.50180000 888.49200439
0.50070000 888.64440918
0.50250000 888.79681396
0.50550002 888.94921875
0.51130003 889.10162354
0.51090002 889.25402832
0.51429999 889.40637207
0.51069999 889.55877686
0.50809997 889.71118164
0.50779998 889.86358643
0.50360000 890.01599121
0.51059997 890.16839600
0.51380002 890.32080078
0.51950002 890.47320557
0.52020001 890.62561035
0.51959997 890.77801514
0.50919998 890.93041992
0.49869999 891.08282471
0.48719999 891.23522949
0.47979999 891.38757324
0.47409999 891.53997803
0.47029999 891.69238281
0.46990001 891.84478760
0.46860000 891.99719238
0.47150001 892.14959717
0.47720000 892.30200195
0.48390001 892.45440674
0.49300000 892.60681152
0.49820000 892.75921631
0.49939999 892.91162109
0.50050002 893.06402588
0.50120002 893.21636963
0.49710000 893.36877441
0.49489999 893.52117920
0.49210000 893.67358398
0.48190001 893.82598877
0.47749999 893.97839355
0.47139999 894.13079834
0.46770000 894.28320312
0.46020001 894.43560791
0.45739999 894.58801270
0.45469999 894.74041748
0.45120001 894.89282227
0.45120001 895.04522705
0.45019999 895.19757080
0.45240000 895.34997559
0.45240000 895.50238037
