300.31939697 343.96679688
300.41540527 344.11920166
300.51159668 344.27160645
300.60800171 344.42401123
300.70458984 344.57638550
300.80139160 344.72879028
300.89840698 344.88119507
300.99569702 345.03359985
301.09310913 345.18600464
301.19079590 345.33840942
301.28869629 345.49081421
301.38681030 345.64318848
301.48519897 345.79559326
301.58370972 345.94799805
301.68249512 346.10040283
301.78149414 346.25280762
301.88070679 346.40521240
301.98010254 346.55758667
302.07971191 346.70999146
302.17959595 346.86239624
302.27960205 347.01480103
302.37991333 347.16720581
302.48040771 347.31961060
302.58120728 347.47198486
302.68209839 347.62438965
302.78329468 347.77679443
302.88470459 347.92919922
302.98629761 348.08160400
303.08810425 348.23400879
303.19009399 348.38641357
303.29238892 348.53878784
303.39489746 348.69119263
303.49758911 348.84359741
303.60049438 348.99600220
303.70370483 349.14840698
303.80700684 349.30081177
303.91061401 349.45318604
304.01449585 349.60559082
304.11849976 349.75799561
304.22280884 349.91040039
304.32720947 350.06280518
304.43188477 350.21520996
304.53689575 350.36761475
304.64199829 350.51998901
304.74740601 350.67239380
304.85299683 350.82479858
304.95880127 350.97720337
305.06491089 351.12960815
305.17120361 351.28201294
305.27770996 351.43438721
305.38439941 351.58679199
305.49130249 351.73919678
305.59851074 351.89160156
305.70590210 352.04400635
305.81350708 352.19641113
305.92138672 352.34878540
306.02938843 352.50119019
306.13769531 352.65359497
306.24630737 352.80599976
306.35501099 352.95840454
306.46398926 353.11080933
306.57321167 353.26321411
306.68258667 353.41558838
306.79229736 353.56799316
306.90219116 353.72039795
307.01229858 353.87280273
307.12258911 354.02520752
307.23318481 354.17761230
307.34399414 354.32998657
307.45498657 354.48239136
307.56631470 354.63479614
307.67770386 354.78720093
307.78939819 354.93960571
307.90139771 355.09201050
308.01348877 355.24438477
308.12588501 355.39678955
308.23849487 355.54919434
308.35140991 355.70159912
308.46438599 355.85400391
308.57769775 356.00640869
308.69131470 356.15881348
308.80499268 356.31118774
308.91900635 356.46359253
309.03320312 356.61599731
309.14770508 356.76840210
309.26229858 356.92080688
309.37719727 357.07321167
309.49240112 357.22558594
309.60769653 357.37799072
309.72329712 357.53039551
309.83911133 357.68280029
309.95520020 357.83520508
310.07141113 357.98760986
310.18789673 358.14001465
310.30459595 358.29238892
310.42160034 358.44479370
310.53878784 358.59719849
310.65618896 358.74960327
310.77380371 358.90200806
310.89169312 359.05441284
311.00979614 359.20678711
311.12811279 359.35919189
311.24670410 359.51159668
311.36550903 359.66400146
311.48449707 359.81640625
311.60369873 359.96881104
311.72320557 360.12118530
311.84289551 360.27359009
311.96279907 360.42599487
312.08288574 360.57839966
312.20330811 360.73080444
312.32391357 360.88320923
312.44479370 361.03561401
312.56579590 361.18798828
312.68710327 361.34039307
312.80859375 361.49279785
312.93038940 361.64520264
313.05230713 361.79760742
313.17449951 361.95001221
313.29690552 362.10238647
313.41958618 362.25479126
313.54238892 362.40719604
313.66549683 362.55960083
313.78890991 362.71200562
313.91241455 362.86441040
314.03619385 363.01681519
314.16018677 363.16918945
314.28439331 363.32159424
314.40890503 363.47399902
314.53350830 363.62640381
314.65838623 363.77880859
314.78350830 363.93121338
314.90890503 364.08358765
315.03448486 364.23599243
315.16018677 364.38839722
315.28628540 364.54080200
315.41250610 364.69320679
315.53890991 364.84561157
315.66558838 364.99798584
315.79251099 365.15039062
315.91958618 365.30279541
316.04699707 365.45520020
316.17459106 365.60760498
316.30230713 365.76000977
316.43029785 365.91241455
316.55859375 366.06478882
316.68701172 366.21719360
316.81570435 366.36959839
316.94448853 366.52200317
317.07360840 366.67440796
317.20291138 366.82681274
317.33248901 366.97918701
317.46218872 367.13159180
317.59219360 367.28399658
317.72241211 367.43640137
317.85281372 367.58880615
317.98339844 367.74121094
318.11419678 367.89358521
318.24520874 368.04598999
318.37649536 368.19839478
318.50790405 368.35079956
318.63958740 368.50320435
318.77151489 368.65560913
318.90359497 368.80801392
319.03588867 368.96038818
319.16839600 369.11279297
319.30120850 369.26519775
319.43411255 369.41760254
319.56719971 369.57000732
319.70059204 369.72241211
319.83419800 369.87478638
319.96789551 370.02719116
320.10189819 370.17959595
320.23611450 370.33200073
320.37051392 370.48440552
320.50509644 370.63681030
320.63980103 370.78921509
320.77481079 370.94158936
320.91000366 371.09399414
321.04541016 371.24639893
321.18099976 371.39880371
321.31680298 371.55120850
321.45278931 371.70361328
321.58898926 371.85598755
321.72540283 372.00839233
321.86199951 372.16079712
321.99880981 372.31320190
322.13580322 372.46560669
322.27301025 372.61801147
322.41030884 372.77038574
322.54791260 372.92279053
322.68569946 373.07519531
322.82360840 373.22760010
322.96170044 373.38000488
323.10009766 373.53240967
323.23858643 373.68481445
323.37728882 373.83718872
323.51620483 373.98959351
323.65530396 374.14199829
323.79449463 374.29440308
323.93399048 374.44680786
324.07360840 374.59921265
324.21340942 374.75158691
324.35339355 374.90399170
324.49359131 375.05639648
324.63400269 375.20880127
324.77450562 375.36120605
324.91519165 375.51361084
325.05609131 375.66598511
325.19720459 375.81838989
325.33840942 375.97079468
325.47979736 376.12319946
325.62139893 376.27560425
325.76309204 376.42800903
325.90509033 376.58041382
326.04721069 376.73278809
326.18939209 376.88519287
326.33178711 377.03759766
326.47439575 377.19000244
326.61718750 377.34240723
326.76010132 377.49481201
326.90319824 377.64718628
327.04638672 377.79959106
327.18991089 377.95199585
327.33340454 378.10440063
327.47711182 378.25680542
327.62100220 378.40921021
327.76501465 378.56161499
327.90921021 378.71398926
328.05358887 378.86639404
328.19799805 379.01879883
328.34271240 379.17120361
328.48748779 379.32360840
328.63238525 379.47601318
328.77749634 379.62838745
328.92269897 379.78079224
329.06811523 379.93319702
329.21359253 380.08560181
329.35919189 380.23800659
329.50500488 380.39041138
329.65090942 380.54278564
329.79699707 380.69519043
329.94320679 380.84759521
330.08950806 381.00000000
330.23599243 381.15240479
330.38259888 381.30480957
330.52929688 381.45721436
330.67608643 381.60958862
330.82308960 381.76199341
330.97021484 381.91439819
331.11740112 382.06680298
331.26480103 382.21920776
331.41220093 382.37161255
331.55981445 382.52398682
331.70748901 382.67639160
331.85528564 382.82879639
332.00320435 382.98120117
332.15121460 383.13360596
332.29940796 383.28601074
332.44760132 383.43838501
332.59600830 383.59078979
332.74450684 383.74319458
332.89300537 383.89559937
333.04168701 384.04800415
333.19049072 384.20040894
333.33929443 384.35281372
333.48831177 384.50518799
333.63739014 384.65759277
333.78649902 384.80999756
333.93579102 384.96240234
334.08511353 385.11480713
334.23449707 385.26721191
334.38400269 385.41958618
334.53359985 385.57199097
334.68328857 385.72439575
334.83309937 385.87680054
334.98291016 386.02920532
335.13281250 386.18161011
335.28280640 386.33401489
335.43289185 386.48638916
335.58300781 386.63879395
335.73318481 386.79119873
335.88351440 386.94360352
336.03390503 387.09600830
336.18429565 387.24841309
336.33468628 387.40078735
336.48529053 387.55319214
336.63580322 387.70559692
336.78649902 387.85800171
336.93719482 388.01040649
337.08789062 388.16281128
337.23870850 388.31518555
337.38958740 388.46759033
337.54049683 388.61999512
337.69140625 388.77239990
337.84240723 388.92480469
337.99349976 389.07720947
338.14450073 389.22961426
338.29559326 389.38198853
338.44680786 389.53439331
338.59790039 389.68679810
338.74920654 389.83920288
338.90039062 389.99160767
339.05160522 390.14401245
339.20291138 390.29638672
339.35418701 390.44879150
339.50561523 390.60119629
339.65689087 390.75360107
339.80828857 390.90600586
339.95968628 391.05841064
340.11111450 391.21078491
340.26251221 391.36318970
340.41390991 391.51559448
340.56530762 391.66799927
340.71670532 391.82040405
340.86810303 391.97280884
341.01959229 392.12521362
341.17098999 392.27758789
341.32238770 392.42999268
341.47378540 392.58239746
341.62521362 392.73480225
341.77661133 392.88720703
341.92800903 393.03961182
342.07940674 393.19198608
342.23071289 393.34439087
342.38198853 393.49679565
342.53338623 393.64920044
342.68460083 393.80160522
342.83590698 393.95401001
342.98709106 394.10641479
343.13830566 394.25878906
343.28948975 394.41119385
343.44061279 394.56359863
343.59170532 394.71600342
343.74279785 394.86840820
343.89379883 395.02081299
344.04479980 395.17318726
344.19570923 395.32559204
344.34658813 395.47799683
344.49740601 395.63040161
344.64819336 395.78280640
344.79901123 395.93521118
344.94958496 396.08758545
345.10031128 396.23999023
345.25079346 396.39239502
345.40130615 396.54479980
345.55169678 396.69720459
345.70208740 396.84960938
345.85238647 397.00201416
346.00259399 397.15438843
346.15280151 397.30679321
346.30279541 397.45919800
346.45278931 397.61160278
346.60281372 397.76400757
346.75259399 397.91641235
346.90231323 398.06878662
347.05200195 398.22119141
347.20159912 398.37359619
347.35110474 398.52600098
347.50048828 398.67840576
347.64981079 398.83081055
347.79901123 398.98318481
347.94808960 399.13558960
348.09710693 399.28799438
348.24600220 399.44039917
348.39480591 399.59280396
348.54348755 399.74520874
348.69198608 399.89761353
348.84051514 400.04998779
348.98889160 400.20239258
349.13708496 400.35479736
349.28518677 400.50720215
349.43319702 400.65960693
349.58108521 400.81201172
349.72891235 400.96438599
349.87649536 401.11679077
350.02398682 401.26919556
350.17138672 401.42160034
350.31860352 401.57400513
350.46569824 401.72640991
350.61270142 401.87881470
350.75949097 402.03118896
350.90618896 402.18359375
351.05270386 402.33599854
351.19909668 402.48840332
351.34539795 402.64080811
351.49148560 402.79321289
351.63751221 402.94558716
351.78329468 403.09799194
351.92889404 403.25039673
352.07440186 403.40280151
352.21978760 403.55520630
352.36489868 403.70761108
352.51000977 403.85998535
352.65478516 404.01239014
352.79949951 404.16479492
352.94400024 404.31719971
353.08840942 404.46960449
353.23260498 404.62200928
353.37658691 404.77441406
353.52038574 404.92678833
353.66409302 405.07919312
353.80749512 405.23159790
353.95080566 405.38400269
354.09399414 405.53640747
354.23690796 405.68881226
354.37960815 405.84118652
354.52218628 405.99359131
354.66461182 406.14599609
354.80679321 406.29840088
354.94879150 406.45080566
355.09060669 406.60321045
355.23220825 406.75561523
355.37359619 406.90798950
355.51480103 407.06039429
355.65579224 407.21279907
355.79660034 407.36520386
355.93719482 407.51760864
356.07760620 407.67001343
356.21780396 407.82238770
356.35778809 407.97479248
356.49749756 408.12719727
356.63708496 408.27960205
356.77639771 408.43200684
356.91558838 408.58441162
357.05450439 408.73678589
357.19320679 408.88919067
357.33169556 409.04159546
357.46990967 409.19400024
357.60800171 409.34640503
357.74578857 409.49880981
357.88339233 409.65121460
358.02069092 409.80358887
358.15789795 409.95599365
358.29479980 410.10839844
358.43148804 410.26080322
358.56790161 410.41320801
358.70410156 410.56561279
358.84008789 410.71798706
358.97589111 410.87039185
359.11138916 411.02279663
359.24661255 411.17520142
359.38171387 411.32760620
359.51651001 411.48001099
359.65100098 411.63238525
359.78530884 411.78479004
359.91940308 411.93719482
360.05319214 412.08959961
360.18679810 412.24200439
360.32009888 412.39440918
360.45318604 412.54681396
360.58609009 412.69918823
360.71859741 412.85159302
360.85101318 413.00399780
360.98309326 413.15640259
361.11489868 413.30880737
361.24649048 413.46121216
361.37780762 413.61358643
361.50878906 413.76599121
361.63970947 413.91839600
361.77020264 414.07080078
361.90051270 414.22320557
362.03048706 414.37561035
362.16030884 414.52801514
362.28979492 414.68038940
362.41900635 414.83279419
362.54800415 414.98519897
362.67678833 415.13760376
362.80520630 415.29000854
362.93341064 415.44241333
363.06130981 415.59478760
363.18899536 415.74719238
363.31640625 415.89959717
363.44351196 416.05200195
363.57031250 416.20440674
363.69689941 416.35681152
363.82321167 416.50918579
363.94931030 416.66159058
364.07510376 416.81399536
364.20059204 416.96640015
364.32580566 417.11880493
364.45071411 417.27120972
364.57540894 417.42361450
364.69979858 417.57598877
364.82400513 417.72839355
364.94781494 417.88079834
365.07778931 418.03320312
365.23010254 418.18560791
365.38250732 418.33801270
365.53491211 418.49038696
365.68728638 418.64279175
365.83969116 418.79519653
365.99200439 418.94760132
366.14440918 419.10000610
366.29681396 419.25241089
366.44918823 419.40478516
366.60159302 419.55718994
366.75390625 419.70959473
366.90631104 419.86199951
367.05868530 420.01440430
367.21109009 420.16680908
367.36349487 420.31921387
367.51580811 420.47158813
367.66821289 420.62399292
367.82058716 420.77639771
367.97299194 420.92880249
368.12539673 421.08120728
368.27770996 421.23361206
368.43011475 421.38598633
368.58248901 421.53839111
368.73489380 421.69079590
368.88720703 421.84320068
369.03961182 421.99560547
369.19198608 422.14801025
369.34439087 422.30041504
369.49679565 422.45278931
369.64910889 422.60519409
369.80151367 422.75759888
369.95388794 422.91000366
370.10629272 423.06240845
370.25860596 423.21481323
370.41101074 423.36718750
370.56338501 423.51959229
370.71578979 423.67199707
370.86819458 423.82440186
371.02050781 423.97680664
371.17291260 424.12921143
371.32528687 424.28158569
371.47769165 424.43399048
371.63000488 424.58639526
371.78240967 424.73880005
371.93481445 424.89120483
372.08718872 425.04360962
372.23959351 425.19601440
372.39190674 425.34838867
372.54431152 425.50079346
372.69668579 425.65319824
372.84909058 425.80560303
373.00140381 425.95800781
373.15380859 426.11041260
373.30621338 426.26278687
373.45858765 426.41519165
373.61099243 426.56759644
373.76330566 426.72000122
373.91571045 426.87240601
374.06811523 427.02481079
374.22048950 427.17718506
374.37280273 427.32958984
374.52520752 427.48199463
374.67761230 427.63439941
374.82998657 427.78680420
374.98229980 427.93920898
375.13470459 428.09161377
375.28710938 428.24398804
375.43951416 428.39639282
375.59188843 428.54879761
375.74420166 428.70120239
375.89660645 428.85360718
376.04901123 429.00601196
376.20138550 429.15838623
376.35379028 429.31079102
376.50610352 429.46319580
376.65850830 429.61560059
376.81091309 429.76800537
376.96328735 429.92041016
377.11560059 430.07281494
377.26800537 430.22518921
377.42041016 430.37759399
377.57281494 430.52999878
377.72518921 430.68240356
377.87750244 430.83480835
378.02990723 430.98721313
378.18231201 431.13958740
378.33468628 431.29199219
378.48699951 431.44439697
378.63940430 431.59680176
378.79180908 431.74920654
378.94421387 431.90161133
379.09658813 432.05398560
379.24890137 432.20639038
379.40130615 432.35879517
379.55371094 432.51119995
379.70608521 432.66360474
379.85839844 432.81600952
380.01080322 432.96841431
380.16320801 433.12078857
380.31561279 433.27319336
380.46798706 433.42559814
380.62030029 433.57800293
380.77270508 433.73040771
380.92510986 433.88281250
381.07751465 434.03518677
381.22988892 434.18759155
381.38220215 434.33999634
381.53460693 434.49240112
381.68701172 434.64480591
381.83938599 434.79721069
381.99169922 434.94958496
382.14410400 435.10198975
382.29650879 435.25439453
382.44891357 435.40679932
382.60128784 435.55920410
382.75360107 435.71160889
382.90600586 435.86401367
383.05841064 436.01638794
383.21078491 436.16879272
383.36318970 436.32119751
383.51550293 436.47360229
383.66790771 436.62600708
383.82031250 436.77841187
383.97268677 436.93078613
384.12500000 437.08319092
384.27740479 437.23559570
384.42980957 437.38800049
384.58221436 437.54040527
384.73458862 437.69281006
384.88690186 437.84521484
385.03930664 437.99758911
385.19171143 438.14999390
385.34408569 438.30239868
385.49649048 438.45480347
385.64880371 438.60720825
385.80120850 438.75961304
385.95361328 438.91198730
386.10598755 439.06439209
386.25839233 439.21679688
386.41070557 439.36920166
386.56311035 439.52160645
386.71551514 439.67401123
386.86788940 439.82638550
387.02029419 439.97879028
387.17260742 440.13119507
387.32501221 440.28359985
387.47738647 440.43600464
387.62979126 440.58840942
387.78219604 440.74081421
387.93460083 440.89318848
388.08691406 441.04559326
388.23928833 441.19799805
388.39169312 441.35040283
388.54409790 441.50280762
388.69641113 441.65521240
388.84878540 441.80758667
389.00119019 441.95999146
389.15359497 442.11239624
389.30590820 442.26480103
389.45831299 442.41720581
389.61068726 442.56961060
389.76309204 442.72198486
389.91540527 442.87438965
390.06781006 443.02679443
390.22021484 443.17919922
390.37249756 443.33160400
390.52490234 443.48400879
390.67730713 443.63641357
390.82971191 443.78878784
390.98199463 443.94119263
391.13439941 444.09359741
391.28680420 444.24600220
391.43920898 444.39840698
391.59149170 444.55081177
391.74389648 444.70318604
391.89630127 444.85559082
392.04870605 445.00799561
392.20098877 445.16040039
392.35339355 445.31280518
392.50579834 445.46520996
392.65811157 445.61761475
392.81048584 445.76998901
392.96289062 445.92239380
393.11529541 446.07479858
393.26760864 446.22720337
393.42001343 446.37960815
393.57238770 446.53201294
393.72479248 446.68438721
393.87710571 446.83679199
394.02951050 446.98919678
394.18188477 447.14160156
394.33428955 447.29400635
394.48660278 447.44641113
394.63900757 447.59878540
394.79141235 447.75119019
394.94369507 447.90359497
395.09609985 448.05599976
395.24850464 448.20840454
395.40090942 448.36080933
395.55319214 448.51321411
395.70559692 448.66558838
395.85800171 448.81799316
396.01040649 448.97039795
396.16268921 449.12280273
396.31509399 449.27520752
396.46749878 449.42761230
396.61981201 449.57998657
396.77218628 449.73239136
396.92459106 449.88479614
397.07699585 450.03720093
397.22930908 450.18960571
397.38171387 450.34201050
397.53408813 450.49438477
397.68649292 450.64678955
397.83880615 450.79919434
397.99121094 450.95159912
398.14358521 451.10400391
398.29589844 451.25640869
398.44830322 451.40881348
398.60070801 451.56118774
398.75311279 451.71359253
398.90539551 451.86599731
399.05780029 452.01840210
399.21020508 452.17080688
399.36260986 452.32321167
399.51489258 452.47558594
399.66729736 452.62799072
399.81970215 452.78039551
399.97198486 452.93280029
400.12438965 453.08520508
400.27679443 453.23760986
400.42919922 453.39001465
400.58151245 453.54238892
400.73388672 453.69479370
400.88629150 453.84719849
401.03860474 453.99960327
401.19100952 454.15200806
401.34341431 454.30441284
401.49578857 454.45678711
401.64810181 454.60919189
401.80050659 454.76159668
401.95291138 454.91400146
402.10528564 455.06640625
402.25759888 455.21881104
402.41000366 455.37118530
402.56240845 455.52359009
402.71469116 455.67599487
402.86709595 455.82839966
403.01950073 455.98080444
403.17190552 456.13320923
403.32418823 456.28561401
403.47659302 456.43798828
403.62899780 456.59039307
403.78131104 456.74279785
403.93368530 456.89520264
404.08609009 457.04760742
404.23849487 457.20001221
404.39080811 457.35238647
404.54321289 457.50479126
404.69558716 457.65719604
404.84790039 457.80960083
405.00030518 457.96200562
405.15270996 458.11441040
405.30511475 458.26681519
405.45739746 458.41918945
405.60980225 458.57159424
405.76220703 458.72399902
405.91448975 458.87640381
406.06689453 459.02880859
406.21929932 459.18121338
406.37170410 459.33358765
406.52398682 459.48599243
406.67639160 459.63839722
406.82879639 459.79080200
406.98110962 459.94320679
407.13351440 460.09561157
407.28588867 460.24798584
407.43829346 460.40039062
407.59060669 460.55279541
407.74301147 460.70520020
407.89538574 460.85760498
408.04769897 461.01000977
408.20010376 461.16241455
408.35250854 461.31478882
408.50491333 461.46719360
408.65728760 461.61959839
408.80960083 461.77200317
408.96200562 461.92440796
409.11441040 462.07681274
409.26669312 462.22918701
409.41909790 462.38159180
409.57150269 462.53399658
409.72390747 462.68640137
409.87619019 462.83880615
410.02859497 462.99121094
410.18099976 463.14358521
410.33331299 463.29598999
410.48568726 463.44839478
410.63809204 463.60079956
410.79049683 463.75320435
410.94281006 463.90560913
411.09521484 464.05801392
411.24758911 464.21038818
411.39990234 464.36279297
411.55230713 464.51519775
411.70471191 464.66760254
411.85708618 464.82000732
412.00939941 464.97241211
412.16180420 465.12478638
412.31420898 465.27719116
412.46649170 465.42959595
412.61889648 465.58200073
412.77130127 465.73440552
412.92370605 465.88681030
413.07598877 466.03921509
413.22839355 466.19158936
413.38079834 466.34399414
413.53311157 466.49639893
413.68548584 466.64880371
413.83789062 466.80120850
413.99029541 466.95361328
414.14260864 467.10598755
414.29501343 467.25839233
414.44738770 467.41079712
414.59970093 467.56320190
414.75210571 467.71560669
414.90451050 467.86801147
415.05688477 468.02038574
415.20919800 468.17279053
415.36160278 468.32519531
415.51400757 468.47760010
415.66629028 468.63000488
415.81869507 468.78240967
415.97109985 468.93481445
416.12350464 469.08718872
416.27578735 469.23959351
416.42819214 469.39199829
416.58059692 469.54440308
416.73291016 469.69680786
416.88531494 469.84921265
417.03768921 470.00158691
417.19009399 470.15399170
417.34240723 470.30639648
417.49481201 470.45880127
417.64718628 470.61120605
417.79949951 470.76361084
417.95190430 470.91598511
418.10430908 471.06838989
418.25671387 471.22079468
418.40899658 471.37319946
418.56140137 471.52560425
418.71380615 471.67800903
418.86608887 471.83041382
419.01849365 471.98278809
419.17089844 472.13519287
419.32321167 472.28759766
419.47558594 472.44000244
419.62799072 472.59240723
419.78039551 472.74481201
419.93270874 472.89718628
420.08511353 473.04959106
420.23748779 473.20199585
420.38989258 473.35440063
420.54220581 473.50680542
420.69461060 473.65921021
420.84698486 473.81161499
420.99929810 473.96398926
421.15170288 474.11639404
421.30410767 474.26879883
421.45651245 474.42120361
421.60879517 474.57360840
421.76119995 474.72601318
421.91360474 474.87838745
422.06588745 475.03079224
422.21829224 475.18319702
422.37069702 475.33560181
422.52310181 475.48800659
422.67541504 475.64041138
422.82778931 475.79278564
422.98019409 475.94519043
423.13259888 476.09759521
423.28491211 476.25000000
423.43728638 476.40240479
423.58969116 476.55480957
423.74209595 476.70721436
423.89440918 476.85958862
424.04681396 477.01199341
424.19918823 477.16439819
424.35159302 477.31680298
424.50390625 477.46920776
424.65631104 477.62161255
424.80868530 477.77398682
424.96109009 477.92639160
425.11340332 478.07879639
425.26580811 478.23120117
425.41821289 478.38360596
425.57058716 478.53601074
425.72290039 478.68838501
425.87530518 478.84078979
426.02770996 478.99319458
426.18011475 479.14559937
426.33239746 479.29800415
426.48480225 479.45040894
426.63720703 479.60281372
426.78961182 479.75518799
426.94189453 479.90759277
427.09429932 480.05999756
427.24670410 480.21240234
427.39910889 480.36480713
427.55139160 480.51721191
427.70379639 480.66958618
427.85620117 480.82199097
428.00860596 480.97439575
428.16088867 481.12680054
428.31329346 481.27920532
428.46569824 481.43161011
428.61810303 481.58401489
428.77038574 481.73638916
428.92279053 481.88879395
429.07519531 482.04119873
429.22760010 482.19360352
429.38000488 482.34600830
429.53228760 482.49841309
429.68469238 482.65078735
429.83709717 482.80319214
429.98950195 482.95559692
430.14181519 483.10800171
430.29418945 483.26040649
430.44659424 483.41281128
430.59899902 483.56518555
430.75140381 483.71759033
430.90368652 483.86999512
431.05609131 484.02239990
431.20849609 484.17480469
431.36090088 484.32720947
431.51321411 484.47961426
431.66558838 484.63198853
431.81799316 484.78439331
431.97039795 484.93679810
432.12280273 485.08920288
432.27508545 485.24160767
432.42749023 485.39401245
432.57989502 485.54638672
432.73229980 485.69879150
432.88461304 485.85119629
433.03698730 486.00360107
433.18939209 486.15600586
433.34179688 486.30841064
433.49420166 486.46078491
433.64651489 486.61318970
433.79888916 486.76559448
433.95129395 486.91799927
434.10369873 487.07040405
434.25610352 487.22280884
434.40838623 487.37521362
434.56079102 487.52758789
434.71319580 487.67999268
434.86560059 487.83239746
435.01800537 487.98480225
435.17028809 488.13720703
435.32269287 488.28961182
435.47509766 488.44198608
435.62750244 488.59439087
435.77990723 488.74679565
435.93218994 488.89920044
436.08459473 489.05160522
436.23699951 489.20401001
436.38940430 489.35641479
436.54180908 489.50878906
436.69409180 489.66119385
436.84649658 489.81359863
436.99890137 489.96600342
437.15130615 490.11840820
437.30371094 490.27081299
437.45608521 490.42318726
437.60848999 490.57559204
437.76080322 490.72799683
437.91320801 490.88040161
438.06561279 491.03280640
438.21798706 491.18521118
438.37039185 491.33758545
438.52279663 491.48999023
438.67510986 491.64239502
438.82751465 491.79479980
438.97988892 491.94720459
439.13229370 492.09960938
439.28469849 492.25201416
439.43701172 492.40438843
439.58938599 492.55679321
439.74179077 492.70919800
439.89419556 492.86160278
440.04660034 493.01400757
440.19900513 493.16641235
440.35128784 493.31878662
440.50369263 493.47119141
440.65609741 493.62359619
440.80850220 493.77600098
440.96090698 493.92840576
441.11331177 494.08081055
441.26559448 494.23318481
441.41799927 494.38558960
441.57040405 494.53799438
441.72280884 494.69039917
441.87521362 494.84280396
442.02758789 494.99520874
442.17990112 495.14761353
442.33230591 495.29998779
442.48471069 495.45239258
442.63708496 495.60479736
442.78948975 495.75720215
442.94189453 495.90960693
443.09429932 496.06201172
443.24661255 496.21438599
443.39898682 496.36679077
443.55139160 496.51919556
443.70379639 496.67160034
443.85620117 496.82400513
444.00860596 496.97640991
444.16088867 497.12881470
444.31329346 497.28118896
444.46569824 497.43359375
444.61810303 497.58599854
444.77050781 497.73840332
444.92291260 497.89080811
445.07528687 498.04321289
445.22760010 498.19558716
445.38000488 498.34799194
445.53240967 498.50039673
445.68481445 498.65280151
445.83718872 498.80520630
445.98959351 498.95761108
446.14199829 499.10998535
446.29431152 499.26239014
446.44668579 499.41479492
446.59909058 499.56719971
446.75149536 499.71960449
446.90390015 499.87200928
447.05630493 500.02441406
447.20870972 500.17678833
447.36099243 500.32919312
447.51339722 500.48159790
447.66580200 500.63400269
447.81820679 500.78640747
447.97061157 500.93881226
448.12298584 501.09118652
448.27539062 501.24359131
448.42770386 501.39599609
448.58010864 501.54840088
448.73251343 501.70080566
448.88488770 501.85321045
449.03729248 502.00561523
449.18969727 502.15798950
449.34210205 502.31039429
449.49438477 502.46279907
449.64678955 502.61520386
449.79919434 502.76760864
449.95159912 502.92001343
450.10400391 503.07238770
450.25640869 503.22479248
450.40881348 503.37719727
450.56109619 503.52960205
450.71350098 503.68200684
450.86590576 503.83441162
451.01831055 503.98678589
451.17068481 504.13919067
451.32308960 504.29159546
451.47549438 504.44400024
451.62780762 504.59640503
451.78021240 504.74880981
451.93258667 504.90121460
452.08499146 505.05358887
452.23739624 505.20599365
452.38980103 505.35839844
452.54220581 505.51080322
452.69448853 505.66320801
452.84689331 505.81561279
452.99929810 505.96798706
453.15170288 506.12039185
453.30410767 506.27279663
453.45651245 506.42520142
453.60888672 506.57760620
453.76119995 506.73001099
453.91360474 506.88238525
454.06600952 507.03479004
454.21841431 507.18719482
454.37078857 507.33959961
454.52319336 507.49200439
454.67559814 507.64440918
454.82791138 507.79681396
454.98028564 507.94918823
455.13269043 508.10159302
455.28509521 508.25399780
455.43750000 508.40640259
455.58990479 508.55880737
455.74230957 508.71121216
455.89459229 508.86358643
456.04699707 509.01599121
456.19940186 509.16839600
456.35180664 509.32080078
456.50421143 509.47320557
456.65658569 509.62561035
456.80899048 509.77801514
456.96139526 509.93038940
457.11370850 510.08279419
457.26611328 510.23519897
457.41848755 510.38760376
457.57089233 510.54000854
457.72329712 510.69241333
457.87570190 510.84478760
458.02810669 510.99719238
458.18038940 511.14959717
458.33279419 511.30200195
458.48519897 511.45440674
458.63760376 511.60681152
458.79000854 511.75918579
458.94241333 511.91159058
459.09478760 512.06402588
459.24710083 512.21636963
459.39950562 512.36877441
459.55191040 512.52117920
459.70431519 512.67358398
459.85668945 512.82598877
460.00909424 512.97839355
460.16149902 513.13079834
460.31390381 513.28320312
460.46618652 513.43560791
460.61859131 513.58801270
460.77099609 513.74041748
460.92340088 513.89282227
461.07580566 514.04522705
461.22821045 514.19757080
461.38061523 514.34997559
461.53289795 514.50238037
461.68530273 514.65478516
461.83770752 514.80718994
461.99011230 514.95959473
462.14248657 515.11199951
462.29489136 515.26440430
462.44729614 515.41680908
462.59960938 515.56921387
462.75201416 515.72161865
462.90438843 515.87402344
463.05679321 516.02642822
463.20919800 516.17877197
463.36160278 516.33117676
463.51400757 516.48358154
463.66641235 516.63598633
463.81869507 516.78839111
463.97109985 516.94079590
464.12350464 517.09320068
464.27590942 517.24560547
464.42831421 517.39801025
464.58068848 517.55041504
464.73309326 517.70281982
464.88540649 517.85522461
465.03781128 518.00762939
465.19018555 518.15997314
465.34259033 518.31237793
465.49499512 518.46478271
465.64739990 518.61718750
465.79980469 518.76959229
465.95220947 518.92199707
466.10449219 519.07440186
466.25689697 519.22680664
466.40930176 519.37921143
466.56170654 519.53161621
466.71411133 519.68402100
466.86648560 519.83642578
467.01889038 519.98876953
467.17120361 520.14117432
467.32360840 520.29357910
467.47601318 520.44598389
467.62838745 520.59838867
467.78079224 520.75079346
467.93319702 520.90319824
468.08560181 521.05560303
468.23800659 521.20800781
468.39028931 521.36041260
468.54269409 521.51281738
468.69509888 521.66522217
468.84750366 521.81762695
468.99990845 521.96997070
469.15231323 522.12237549
469.30468750 522.27478027
469.45709229 522.42718506
469.60940552 522.57958984
469.76181030 522.73199463
469.91421509 522.88439941
470.06658936 523.03680420
470.21899414 523.18920898
470.37139893 523.34161377
470.52380371 523.49401855
470.67608643 523.64642334
470.82849121 523.79882812
470.98089600 523.95117188
471.13330078 524.10357666
471.28570557 524.25598145
471.43811035 524.40838623
471.59051514 524.56079102
471.74288940 524.71319580
471.89520264 524.86560059
472.04760742 525.01800537
472.20001221 525.17041016
472.35238647 525.32281494
472.50479126 525.47521973
472.65719604 525.62762451
472.80960083 525.78002930
472.96200562 525.93237305
473.11428833 526.08477783
473.26669312 526.23718262
473.41909790 526.38958740
473.57150269 526.54199219
473.72390747 526.69439697
473.87631226 526.84680176
474.02868652 526.99920654
474.18109131 527.15161133
474.33340454 527.30401611
474.48580933 527.45642090
474.63821411 527.60882568
474.79058838 527.76123047
474.94299316 527.91357422
475.09539795 528.06597900
475.24780273 528.21838379
475.40020752 528.37078857
475.55249023 528.52319336
475.70489502 528.67559814
475.85729980 528.82800293
476.00970459 528.98040771
476.16210938 529.13281250
476.31451416 529.28521729
476.46688843 529.43762207
476.61929321 529.59002686
476.77160645 529.74237061
476.92401123 529.89477539
477.07638550 530.04718018
477.22879028 530.19958496
477.38119507 530.35198975
477.53359985 530.50439453
477.68600464 530.65679932
477.83840942 530.80920410
477.99069214 530.96160889
478.14309692 531.11401367
478.29550171 531.26641846
478.44790649 531.41882324
478.60031128 531.57122803
478.75268555 531.72357178
478.90509033 531.87597656
479.05749512 532.02838135
479.20980835 532.18078613
479.36221313 532.33319092
479.51458740 532.48559570
479.66699219 532.63800049
479.81939697 532.79040527
479.97180176 532.94281006
480.12420654 533.09521484
480.27661133 533.24761963
480.42898560 533.40002441
480.58129883 533.55242920
480.73370361 533.70477295
480.88610840 533.85717773
481.03851318 534.00958252
481.19088745 534.16198730
481.34329224 534.31439209
481.49569702 534.46679688
481.64810181 534.61920166
481.80041504 534.77160645
481.95278931 534.92401123
482.10519409 535.07641602
482.25759888 535.22882080
482.41000366 535.38122559
482.56240845 535.53363037
482.71481323 535.68597412
482.86718750 535.83837891
483.01959229 535.99078369
483.17190552 536.14318848
483.32431030 536.29559326
483.47671509 536.44799805
483.62908936 536.60040283
483.78149414 536.75280762
483.93389893 536.90521240
484.08630371 537.05761719
484.23870850 537.21002197
484.39111328 537.36242676
484.54339600 537.51477051
484.69580078 537.66717529
484.84820557 537.81958008
485.00061035 537.97198486
485.15301514 538.12438965
485.30538940 538.27679443
485.45779419 538.42919922
485.61019897 538.58160400
485.76251221 538.73400879
485.91488647 538.88641357
486.06729126 539.03881836
486.21969604 539.19122314
486.37210083 539.34362793
486.52450562 539.49597168
486.67691040 539.64837646
486.82931519 539.80078125
486.98168945 539.95318604
487.13400269 540.10559082
487.28640747 540.25799561
487.43881226 540.41040039
487.59118652 540.56280518
487.74359131 540.71520996
487.89599609 540.86761475
488.04840088 541.02001953
488.20080566 541.17242432
488.35321045 541.32482910
488.50561523 541.47717285
488.65789795 541.62957764
488.81030273 541.78198242
488.96270752 541.93438721
489.11511230 542.08679199
489.26748657 542.23919678
489.41989136 542.39160156
489.57229614 542.54400635
489.72470093 542.69641113
489.87710571 542.84881592
490.02938843 543.00122070
490.18179321 543.15362549
490.33419800 543.30603027
490.48660278 543.45837402
490.63900757 543.61077881
490.79141235 543.76318359
490.94378662 543.91558838
491.09619141 544.06799316
491.24859619 544.22039795
491.40100098 544.37280273
491.55331421 544.52520752
491.70568848 544.67761230
491.85809326 544.83001709
492.01049805 544.98242188
492.16290283 545.13482666
492.31530762 545.28717041
492.46771240 545.43957520
492.62008667 545.59197998
492.77249146 545.74438477
492.92480469 545.89678955
493.07720947 546.04919434
493.22961426 546.20159912
493.38198853 546.35400391
493.53439331 546.50640869
493.68679810 546.65881348
493.83920288 546.81121826
493.99160767 546.96362305
494.14401245 547.11602783
494.29638672 547.26837158
494.44869995 547.42077637
494.60110474 547.57318115
494.75350952 547.72558594
494.90591431 547.87799072
495.05828857 548.03039551
495.21069336 548.18280029
495.36309814 548.33520508
495.51550293 548.48760986
495.66790771 548.64001465
495.82031250 548.79241943
495.97259521 548.94482422
496.12500000 549.09722900
496.27740479 549.24957275
496.42980957 549.40197754
496.58221436 549.55438232
496.73458862 549.70678711
496.88699341 549.85919189
497.03939819 550.01159668
497.19180298 550.16400146
497.34420776 550.31640625
497.49649048 550.46881104
497.64889526 550.62121582
497.80130005 550.77362061
497.95370483 550.92602539
498.10610962 551.07843018
498.25851440 551.23077393
498.41088867 551.38317871
498.56329346 551.53558350
498.71569824 551.68798828
498.86810303 551.84039307
499.02050781 551.99279785
499.17279053 552.14520264
499.32519531 552.29760742
499.47760010 552.45001221
499.63000488 552.60241699
499.78240967 552.75482178
499.93481445 552.90722656
500.08718872 553.05957031
500.23959351 553.21197510
500.39199829 553.36437988
500.54440308 553.51678467
500.69668579 553.66918945
500.84909058 553.82159424
501.00149536 553.97399902
501.15390015 554.12640381
501.30630493 554.27880859
501.45870972 554.43121338
501.61111450 554.58361816
501.76348877 554.73602295
501.91589355 554.88842773
502.06829834 555.04077148
502.22070312 555.19317627
502.37298584 555.34558105
502.52539062 555.49798584
502.67779541 555.65039062
502.83020020 555.80279541
502.98260498 555.95520020
503.13500977 556.10760498
503.28741455 556.26000977
503.43978882 556.41241455
503.59219360 556.56481934
503.74459839 556.71722412
503.89700317 556.86962891
504.04928589 557.02197266
504.20169067 557.17437744
504.35409546 557.32678223
504.50650024 557.47918701
504.65890503 557.63159180
504.81130981 557.78399658
504.96371460 557.93640137
505.11608887 558.08880615
505.26849365 558.24121094
505.42089844 558.39361572
505.57330322 558.54602051
505.72570801 558.69842529
505.87799072 558.85083008
506.03039551 559.00317383
506.18280029 559.15557861
506.33520508 559.30798340
506.48760986 559.46038818
506.64001465 559.61279297
506.79238892 559.76519775
506.94479370 559.91760254
507.09719849 560.07000732
507.24960327 560.22241211
507.40200806 560.37481689
507.55429077 560.52722168
507.70669556 560.67962646
507.85910034 560.83197021
508.01150513 560.98437500
508.16390991 561.13677979
508.31631470 561.28918457
508.46868896 561.44158936
508.62109375 561.59399414
508.77349854 561.74639893
508.92590332 561.89880371
509.07830811 562.05120850
509.23071289 562.20361328
509.38299561 562.35601807
509.53540039 562.50842285
509.68780518 562.66082764
509.84020996 562.81317139
509.99261475 562.96557617
510.14498901 563.11798096
510.29739380 563.27038574
510.44979858 563.42279053
510.60220337 563.57519531
510.75460815 563.72760010
510.90701294 563.88000488
511.05938721 564.03240967
511.21170044 564.18481445
511.36410522 564.33721924
511.51651001 564.48962402
511.66891479 564.64202881
511.82128906 564.79437256
511.97369385 564.94677734
512.12609863 565.09918213
512.27850342 565.25158691
512.43090820 565.40399170
512.58331299 565.55639648
512.73571777 565.70880127
512.88812256 565.86120605
513.04040527 566.01361084
513.19281006 566.16601562
513.34521484 566.31842041
513.49761963 566.47082520
513.65002441 566.62322998
513.80242920 566.77557373
513.95477295 566.92797852
514.10717773 567.08038330
514.25958252 567.23278809
514.41198730 567.38519287
514.56439209 567.53759766
514.71679688 567.69000244
514.86907959 567.84240723
515.02148438 567.99481201
515.17388916 568.14721680
515.32629395 568.29962158
515.47869873 568.45202637
515.63110352 568.60437012
515.78350830 568.75677490
515.93591309 568.90917969
516.08831787 569.06158447
516.24072266 569.21398926
516.39312744 569.36639404
516.54547119 569.51879883
516.69781494 569.67120361
516.85021973 569.82360840
517.00262451 569.97601318
517.15502930 570.12841797
517.30737305 570.28082275
517.45977783 570.43322754
517.61218262 570.58557129
517.76458740 570.73797607
517.91699219 570.89038086
518.06939697 571.04278564
518.22180176 571.19519043
518.37420654 571.34759521
518.52648926 571.50000000
518.67889404 571.65240479
518.83129883 571.80480957
518.98370361 571.95721436
519.13610840 572.10961914
519.28851318 572.26202393
519.44091797 572.41442871
519.59332275 572.56677246
519.74572754 572.71917725
519.89807129 572.87158203
520.05047607 573.02398682
520.20288086 573.17639160
520.35528564 573.32879639
520.50762939 573.48120117
520.65997314 573.63360596
520.81237793 573.78601074
520.96478271 573.93841553
521.11718750 574.09082031
521.26959229 574.24322510
521.42199707 574.39562988
521.57440186 574.54797363
521.72680664 574.70037842
521.87921143 574.85278320
522.03161621 575.00518799
522.18402100 575.15759277
522.33642578 575.30999756
522.48870850 575.46240234
522.64111328 575.61480713
522.79351807 575.76721191
522.94592285 575.91961670
523.09832764 576.07202148
523.25067139 576.22442627
523.40307617 576.37677002
523.55548096 576.52917480
523.70788574 576.68157959
523.86029053 576.83398438
524.01269531 576.98638916
524.16510010 577.13879395
524.31738281 577.29119873
524.46978760 577.44360352
524.62219238 577.59600830
524.77459717 577.74841309
524.92700195 577.90081787
525.07940674 578.05322266
525.23181152 578.20562744
525.38421631 578.35797119
525.53662109 578.51037598
525.68902588 578.66278076
525.84136963 578.81518555
525.99377441 578.96759033
526.14617920 579.11999512
526.29858398 579.27239990
526.45092773 579.42480469
526.60327148 579.57720947
526.75567627 579.72961426
526.90808105 579.88201904
527.06048584 580.03442383
527.21289062 580.18682861
527.36529541 580.33917236
527.51770020 580.49157715
527.67010498 580.64398193
527.82250977 580.79638672
527.97491455 580.94879150
528.12731934 581.10119629
528.27972412 581.25360107
528.43200684 581.40600586
528.58441162 581.55841064
528.73681641 581.71081543
528.88922119 581.86322021
529.04162598 582.01562500
529.19396973 582.16802979
529.34637451 582.32037354
529.49877930 582.47277832
529.65118408 582.62518311
529.80358887 582.77758789
529.95599365 582.92999268
530.10839844 583.08239746
530.26080322 583.23480225
530.41308594 583.38720703
530.56549072 583.53961182
530.71789551 583.69201660
530.87030029 583.84442139
531.02270508 583.99682617
531.17510986 584.14916992
531.32751465 584.30157471
531.47991943 584.45397949
531.63232422 584.60638428
531.78472900 584.75878906
531.93707275 584.91119385
532.08947754 585.06359863
532.24188232 585.21600342
532.39428711 585.36840820
532.54656982 585.52081299
532.69897461 585.67321777
532.85137939 585.82562256
533.00378418 585.97802734
533.15618896 586.13037109
533.30859375 586.28277588
533.46099854 586.43518066
533.61340332 586.58758545
533.76580811 586.73999023
533.91821289 586.89239502
534.07061768 587.04479980
534.22302246 587.19720459
534.37542725 587.34960938
534.52777100 587.50201416
534.68017578 587.65441895
534.83251953 587.80682373
534.98492432 587.95922852
535.13732910 588.11157227
535.28967285 588.26397705
535.44207764 588.41638184
535.59448242 588.56878662
535.74688721 588.72119141
535.89929199 588.87359619
536.05169678 589.02600098
536.20410156 589.17840576
536.35650635 589.33081055
536.50891113 589.48321533
536.66131592 589.63562012
536.81372070 589.78802490
536.96612549 589.94042969
537.11840820 590.09277344
537.27081299 590.24517822
537.42321777 590.39758301
537.57562256 590.54998779
537.72802734 590.70239258
537.88037109 590.85479736
538.03277588 591.00720215
538.18518066 591.15960693
538.33758545 591.31201172
538.48999023 591.46441650
538.64239502 591.61682129
538.79479980 591.76922607
538.94720459 591.92156982
539.09960938 592.07397461
539.25201416 592.22637939
539.40441895 592.37878418
539.55682373 592.53118896
539.70922852 592.68359375
539.86151123 592.83599854
540.01391602 592.98840332
540.16632080 593.14080811
540.31872559 593.29321289
540.47113037 593.44561768
540.62347412 593.59802246
540.77587891 593.75042725
540.92828369 593.90277100
541.08068848 594.05517578
541.23309326 594.20758057
541.38549805 594.35998535
541.53790283 594.51239014
541.69030762 594.66479492
541.84271240 594.81719971
541.99511719 594.96960449
542.14752197 595.12200928
542.29992676 595.27441406
542.45227051 595.42681885
542.60461426 595.57922363
542.75701904 595.73162842
542.90942383 595.88397217
543.06182861 596.03637695
543.21417236 596.18878174
543.36657715 596.34118652
543.51898193 596.49359131
543.67138672 596.64599609
543.82379150 596.79840088
543.97619629 596.95080566
544.12860107 597.10321045
544.28100586 597.25561523
544.43341064 597.40802002
544.58581543 597.56042480
544.73822021 597.71282959
544.89062500 597.86517334
545.04302979 598.01757812
545.19537354 598.16998291
545.34777832 598.32238770
545.50018311 598.47479248
545.65258789 598.62719727
545.80487061 598.77960205
545.95727539 598.93200684
546.10968018 599.08441162
546.26208496 599.23681641
546.41448975 599.38922119
546.56689453 599.54162598
546.71929932 599.69396973
546.87170410 599.84637451
547.02410889 599.99877930
547.17651367 600.15118408
547.32891846 600.30358887
547.48132324 600.45599365
547.63372803 600.60839844
547.78607178 600.76080322
547.93847656 600.91320801
548.09088135 601.06561279
548.24328613 601.21801758
548.39569092 601.37042236
548.54809570 601.52282715
548.70050049 601.67517090
548.85290527 601.82757568
549.00531006 601.97998047
549.15771484 602.13238525
549.30999756 602.28479004
549.46240234 602.43719482
549.61480713 602.58959961
549.76721191 602.74200439
549.91961670 602.89440918
550.07202148 603.04681396
550.22442627 603.19921875
550.37677002 603.35162354
550.52917480 603.50402832
550.68157959 603.65637207
550.83398438 603.80877686
550.98638916 603.96118164
551.13879395 604.11358643
551.29119873 604.26599121
551.44360352 604.41839600
551.59600830 604.57080078
551.74841309 604.72320557
551.90081787 604.87561035
552.05322266 605.02801514
552.20562744 605.18041992
552.35797119 605.33282471
552.51037598 605.48522949
552.66278076 605.63757324
552.81518555 605.78997803
552.96759033 605.94238281
553.11999512 606.09478760
553.27227783 606.24719238
553.42468262 606.39959717
553.57708740 606.55200195
553.72949219 606.70440674
553.88189697 606.85681152
554.03430176 607.00921631
554.18670654 607.16162109
554.33911133 607.31402588
554.49151611 607.46636963
554.64392090 607.61877441
554.79632568 607.77117920
554.94873047 607.92358398
555.10107422 608.07598877
555.25347900 608.22839355
555.40588379 608.38079834
555.55828857 608.53320312
555.71069336 608.68560791
555.86309814 608.83801270
556.01550293 608.99041748
556.16790771 609.14282227
556.32031250 609.29522705
556.47271729 609.44757080
556.62512207 609.59997559
556.77752686 609.75238037
556.92987061 609.90478516
557.08227539 610.05718994
557.23468018 610.20959473
557.38708496 610.36199951
557.53948975 610.51440430
557.69189453 610.66680908
557.84429932 610.81921387
557.99670410 610.97161865
558.14910889 611.12402344
558.30151367 611.27642822
558.45391846 611.42877197
558.60632324 611.58117676
558.75872803 611.73358154
558.91107178 611.88598633
559.06347656 612.03839111
559.21588135 612.19079590
559.36828613 612.34320068
559.52069092 612.49560547
559.67309570 612.64801025
559.82550049 612.80041504
559.97790527 612.95281982
560.13031006 613.10522461
560.28271484 613.25762939
560.43511963 613.40997314
560.58752441 613.56237793
560.73992920 613.71478271
560.89221191 613.86718750
561.04461670 614.01959229
561.19702148 614.17199707
561.34942627 614.32440186
561.50177002 614.47680664
561.65417480 614.62921143
561.80657959 614.78161621
561.95898438 614.93402100
562.11138916 615.08642578
562.26379395 615.23876953
562.41619873 615.39117432
562.56860352 615.54357910
562.72100830 615.69598389
562.87341309 615.84838867
563.02581787 616.00079346
563.17822266 616.15319824
563.33062744 616.30560303
563.48297119 616.45800781
563.63537598 616.61041260
563.78778076 616.76281738
563.94018555 616.91522217
564.09259033 617.06762695
564.24499512 617.21997070
564.39739990 617.37237549
564.54980469 617.52478027
564.70220947 617.67718506
564.85461426 617.82958984
565.00701904 617.98199463
565.15942383 618.13439941
565.31182861 618.28680420
565.46417236 618.43920898
565.61657715 618.59161377
565.76898193 618.74401855
565.92138672 618.89642334
566.07379150 619.04882812
566.22619629 619.20117188
566.37860107 619.35357666
566.53100586 619.50598145
566.68341064 619.65838623
566.83581543 619.81079102
566.98822021 619.96319580
567.14062500 620.11560059
567.29302979 620.26800537
567.44537354 620.42041016
567.59771729 620.57281494
567.75012207 620.72521973
567.90252686 620.87762451
568.05487061 621.03002930
568.20727539 621.18237305
568.35968018 621.33477783
568.51208496 621.48718262
568.66448975 621.63958740
568.81689453 621.79199219
568.96929932 621.94439697
569.12170410 622.09680176
569.27410889 622.24920654
569.42651367 622.40161133
569.57891846 622.55401611
569.73132324 622.70642090
569.88372803 622.85882568
570.03607178 623.01123047
570.18847656 623.16357422
570.34088135 623.31597900
570.49328613 623.46838379
570.64569092 623.62078857
570.79809570 623.77319336
570.95050049 623.92559814
571.10290527 624.07800293
571.25531006 624.23040771
571.40771484 624.38281250
571.56011963 624.53521729
571.71252441 624.68762207
571.86492920 624.84002686
572.01727295 624.99237061
572.16967773 625.14477539
572.32208252 625.29718018
572.47448730 625.44958496
572.62689209 625.60198975
572.77929688 625.75439453
572.93170166 625.90679932
573.08410645 626.05920410
573.23651123 626.21160889
573.38891602 626.36401367
573.54132080 626.51641846
573.69372559 626.66882324
573.84613037 626.82122803
573.99841309 626.97357178
574.15081787 627.12597656
574.30322266 627.27838135
574.45562744 627.43078613
574.60797119 627.58319092
574.76037598 627.73559570
574.91278076 627.88800049
575.06518555 628.04040527
575.21759033 628.19281006
575.36999512 628.34521484
575.52239990 628.49761963
575.67480469 628.65002441
575.82720947 628.80242920
575.97961426 628.95477295
576.13201904 629.10717773
576.28442383 629.25958252
576.43682861 629.41198730
576.58917236 629.56439209
576.74157715 629.71679688
576.89398193 629.86920166
577.04638672 630.02160645
577.19879150 630.17401123
577.35119629 630.32641602
577.50360107 630.47882080
577.65600586 630.63122559
577.80841064 630.78363037
577.96081543 630.93597412
578.11322021 631.08837891
578.26562500 631.24078369
578.41802979 631.39318848
578.57037354 631.54559326
578.72277832 631.69799805
578.87518311 631.85040283
579.02758789 632.00280762
579.17999268 632.15521240
579.33239746 632.30761719
579.48480225 632.46002197
579.63720703 632.61242676
579.78961182 632.76477051
579.94201660 632.91717529
580.09442139 633.06958008
580.24682617 633.22198486
580.39910889 633.37438965
580.55151367 633.52679443
580.70391846 633.67919922
580.85632324 633.83160400
581.00872803 633.98400879
581.16107178 634.13641357
581.31347656 634.28881836
581.46588135 634.44122314
581.61828613 634.59362793
581.77069092 634.74597168
581.92309570 634.89837646
582.07550049 635.05078125
582.22790527 635.20318604
582.38031006 635.35559082
582.53271484 635.50799561
582.68511963 635.66040039
582.83752441 635.81280518
582.98992920 635.96520996
583.14227295 636.11761475
583.29467773 636.27001953
583.44708252 636.42242432
583.59948730 636.57482910
583.75189209 636.72717285
583.90429688 636.87957764
584.05670166 637.03198242
584.20910645 637.18438721
584.36151123 637.33679199
584.51391602 637.48919678
584.66632080 637.64160156
584.81872559 637.79400635
584.97113037 637.94641113
585.12347412 638.09881592
585.27587891 638.25122070
585.42828369 638.40362549
585.58068848 638.55603027
585.73309326 638.70837402
585.88549805 638.86077881
586.03790283 639.01318359
586.19030762 639.16558838
586.34271240 639.31799316
586.49499512 639.47039795
586.64739990 639.62280273
586.79980469 639.77520752
586.95220947 639.92761230
587.10461426 640.08001709
587.25701904 640.23242188
587.40942383 640.38482666
587.56182861 640.53717041
587.71417236 640.68957520
587.86657715 640.84197998
588.01898193 640.99438477
588.17138672 641.14678955
588.32379150 641.29919434
588.47619629 641.45159912
588.62860107 641.60400391
588.78100586 641.75640869
588.93341064 641.90881348
589.08581543 642.06121826
589.23822021 642.21362305
589.39062500 642.36602783
589.54302979 642.51837158
589.69537354 642.67077637
589.84777832 642.82318115
590.00018311 642.97558594
590.15258789 643.12799072
590.30499268 643.28039551
590.45739746 643.43280029
590.60980225 643.58520508
590.76220703 643.73760986
590.91461182 643.89001465
591.06701660 644.04241943
591.21942139 644.19482422
591.37182617 644.34722900
591.52416992 644.49957275
591.67657471 644.65197754
591.82897949 644.80438232
591.98138428 644.95678711
592.13378906 645.10919189
592.28619385 645.26159668
592.43859863 645.41400146
592.59088135 645.56640625
592.74328613 645.71881104
592.89569092 645.87121582
593.04809570 646.02362061
593.20050049 646.17602539
593.35290527 646.32843018
593.50531006 646.48077393
593.65771484 646.63317871
593.81011963 646.78558350
593.96252441 646.93798828
594.11492920 647.09039307
594.26727295 647.24279785
594.41967773 647.39520264
594.57208252 647.54760742
594.72448730 647.70001221
594.87689209 647.85241699
595.02929688 648.00482178
595.18170166 648.15722656
595.33410645 648.30957031
595.48651123 648.46197510
595.63891602 648.61437988
595.79132080 648.76678467
595.94372559 648.91918945
596.09613037 649.07159424
596.24847412 649.22399902
596.40087891 649.37640381
596.55328369 649.52880859
596.70568848 649.68121338
596.85809326 649.83361816
597.01049805 649.98602295
597.16290283 650.13842773
597.31530762 650.29077148
597.46771240 650.44317627
597.62011719 650.59558105
597.77252197 650.74798584
597.92492676 650.90039062
598.07727051 651.05279541
598.22967529 651.20520020
598.38208008 651.35760498
598.53448486 651.51000977
598.68682861 651.66241455
598.83917236 651.81481934
598.99157715 651.96722412
599.14398193 652.11962891
599.29638672 652.27197266
599.44879150 652.42437744
599.60119629 652.57678223
599.75360107 652.72918701
599.90600586 652.88159180
600.05841064 653.03399658
600.21081543 653.18640137
600.36322021 653.33880615
600.51562500 653.49121094
600.66802979 653.64361572
600.82037354 653.79602051
600.97277832 653.94842529
601.12518311 654.10083008
601.27758789 654.25317383
601.42999268 654.40557861
601.58239746 654.55798340
601.73480225 654.71038818
601.88720703 654.86279297
602.03961182 655.01519775
602.19201660 655.16760254
602.34442139 655.32000732
602.49682617 655.47241211
602.64916992 655.62481689
602.80157471 655.77722168
602.95397949 655.92962646
603.10638428 656.08197021
603.25878906 656.23437500
603.41119385 656.38677979
603.56359863 656.53918457
603.71600342 656.69158936
603.86840820 656.84399414
604.02081299 656.99639893
604.17321777 657.14880371
604.32562256 657.30120850
604.47802734 657.45361328
604.63031006 657.60601807
604.78271484 657.75842285
604.93511963 657.91082764
605.08752441 658.06317139
605.23992920 658.21557617
605.39227295 658.36798096
605.54467773 658.52038574
605.69708252 658.67279053
605.84948730 658.82519531
606.00189209 658.97760010
606.15429688 659.13000488
606.30670166 659.28240967
606.45910645 659.43481445
606.61151123 659.58721924
606.76391602 659.73962402
606.91632080 659.89202881
607.06872559 660.04437256
607.22113037 660.19677734
607.37347412 660.34918213
607.52587891 660.50158691
607.67828369 660.65399170
607.83068848 660.80639648
607.98309326 660.95880127
608.13549805 661.11120605
608.28790283 661.26361084
608.44030762 661.41601562
608.59271240 661.56842041
608.74511719 661.72082520
608.89752197 661.87322998
609.04992676 662.02557373
609.20227051 662.17797852
609.35467529 662.33038330
609.50708008 662.48278809
609.65948486 662.63519287
609.81188965 662.78759766
609.96429443 662.94000244
610.11669922 663.09240723
610.26910400 663.24481201
610.42150879 663.39721680
610.57391357 663.54962158
610.72619629 663.70202637
610.87860107 663.85437012
611.03100586 664.00677490
611.18341064 664.15917969
611.33581543 664.31158447
611.48822021 664.46398926
611.64062500 664.61639404
611.79302979 664.76879883
611.94537354 664.92120361
612.09777832 665.07360840
612.25018311 665.22601318
612.40258789 665.37841797
612.55499268 665.53082275
612.70739746 665.68322754
612.85980225 665.83557129
613.01220703 665.98797607
613.16461182 666.14038086
613.31701660 666.29278564
613.46942139 666.44519043
613.62182617 666.59759521
613.77416992 666.75000000
613.92657471 666.90240479
614.07897949 667.05480957
614.23138428 667.20721436
614.38378906 667.35961914
614.53619385 667.51202393
614.68859863 667.66442871
614.84100342 667.81677246
614.99340820 667.96917725
615.14581299 668.12158203
615.29821777 668.27398682
615.45062256 668.42639160
615.60302734 668.57879639
615.75537109 668.73120117
615.90777588 668.88360596
616.06018066 669.03601074
616.21258545 669.18841553
616.36499023 669.34082031
616.51739502 669.49322510
616.66967773 669.64562988
616.82208252 669.79797363
616.97448730 669.95037842
617.12689209 670.10278320
617.27929688 670.25518799
617.43170166 670.40759277
617.58410645 670.55999756
617.73651123 670.71240234
617.88891602 670.86480713
618.04132080 671.01721191
618.19372559 671.16961670
618.34613037 671.32202148
618.49847412 671.47442627
618.65087891 671.62677002
618.80328369 671.77917480
618.95568848 671.93157959
619.10809326 672.08398438
619.26049805 672.23638916
619.41290283 672.38879395
619.56530762 672.54119873
619.71771240 672.69360352
619.87011719 672.84600830
620.02252197 672.99841309
620.17492676 673.15081787
620.32727051 673.30322266
620.47967529 673.45562744
620.63208008 673.60797119
620.78448486 673.76037598
620.93688965 673.91278076
621.08929443 674.06518555
621.24169922 674.21759033
621.39410400 674.36999512
621.54650879 674.52239990
621.69891357 674.67480469
621.85131836 674.82720947
622.00372314 674.97961426
622.15612793 675.13201904
622.30847168 675.28442383
622.46087646 675.43682861
622.61328125 675.58917236
622.76562500 675.74157715
622.91802979 675.89398193
623.07037354 676.04638672
623.22277832 676.19879150
623.37518311 676.35119629
623.52758789 676.50360107
623.67999268 676.65600586
623.83239746 676.80841064
623.98480225 676.96081543
624.13720703 677.11322021
624.28961182 677.26562500
624.44201660 677.41802979
624.59442139 677.57037354
624.74682617 677.72277832
624.89916992 677.87518311
625.05157471 678.02758789
625.20397949 678.17999268
625.35638428 678.33239746
625.50878906 678.48480225
625.66119385 678.63720703
625.81359863 678.78961182
625.96600342 678.94201660
626.11840820 679.09442139
626.27081299 679.24682617
626.42321777 679.39916992
626.57562256 679.55157471
626.72802734 679.70397949
626.88037109 679.85638428
627.03277588 680.00878906
627.18518066 680.16119385
627.33758545 680.31359863
627.48999023 680.46600342
627.64239502 680.61840820
627.79479980 680.77081299
627.94720459 680.92321777
628.09960938 681.07562256
628.25201416 681.22802734
628.40441895 681.38037109
628.55682373 681.53277588
628.70910645 681.68518066
628.86151123 681.83758545
629.01391602 681.98999023
629.16632080 682.14239502
629.31872559 682.29479980
629.47113037 682.44720459
629.62347412 682.59960938
629.77587891 682.75201416
629.92828369 682.90441895
630.08068848 683.05682373
630.23309326 683.20922852
630.38549805 683.36157227
630.53790283 683.51397705
630.69030762 683.66638184
630.84271240 683.81878662
630.99511719 683.97119141
631.14752197 684.12359619
631.29992676 684.27600098
631.45227051 684.42840576
631.60467529 684.58081055
631.75708008 684.73321533
631.90948486 684.88562012
632.06188965 685.03802490
632.21429443 685.19042969
632.36669922 685.34277344
632.51910400 685.49517822
632.67150879 685.64758301
632.82391357 685.79998779
632.97631836 685.95239258
633.12872314 686.10479736
633.28112793 686.25720215
633.43347168 686.40960693
633.58587646 686.56201172
633.73828125 686.71441650
633.89068604 686.86682129
634.04309082 687.01922607
634.19549561 687.17156982
634.34790039 687.32397461
634.50030518 687.47637939
634.65270996 687.62878418
634.80499268 687.78118896
634.95739746 687.93359375
635.10980225 688.08599854
635.26220703 688.23840332
635.41461182 688.39080811
635.56701660 688.54321289
635.71942139 688.69561768
635.87182617 688.84802246
636.02416992 689.00042725
636.17657471 689.15277100
636.32897949 689.30517578
636.48138428 689.45758057
636.63378906 689.60998535
636.78619385 689.76239014
636.93859863 689.91479492
637.09100342 690.06719971
637.24340820 690.21960449
637.39581299 690.37200928
637.54821777 690.52441406
637.70062256 690.67681885
637.85302734 690.82922363
638.00537109 690.98162842
638.15777588 691.13397217
638.31018066 691.28637695
638.46258545 691.43878174
638.61499023 691.59118652
638.76739502 691.74359131
638.91979980 691.89599609
639.07220459 692.04840088
639.22460938 692.20080566
639.37701416 692.35321045
639.52941895 692.50561523
639.68182373 692.65802002
639.83422852 692.81042480
639.98657227 692.96282959
640.13897705 693.11517334
640.29138184 693.26757812
640.44378662 693.41998291
640.59619141 693.57238770
640.74847412 693.72479248
640.90087891 693.87719727
641.05328369 694.02960205
641.20568848 694.18200684
641.35809326 694.33441162
641.51049805 694.48681641
641.66290283 694.63922119
641.81530762 694.79162598
641.96771240 694.94396973
642.12011719 695.09637451
642.27252197 695.24877930
642.42492676 695.40118408
642.57727051 695.55358887
642.72967529 695.70599365
642.88208008 695.85839844
643.03448486 696.01080322
643.18688965 696.16320801
643.33929443 696.31561279
643.49169922 696.46801758
643.64410400 696.62042236
643.79650879 696.77282715
643.94891357 696.92517090
644.10131836 697.07757568
644.25372314 697.22998047
644.40612793 697.38238525
644.55847168 697.53479004
644.71087646 697.68719482
644.86328125 697.83959961
645.01568604 697.99200439
645.16809082 698.14440918
645.32049561 698.29681396
645.47290039 698.44921875
645.62530518 698.60162354
645.77770996 698.75402832
645.93011475 698.90637207
646.08251953 699.05877686
646.23492432 699.21118164
646.38732910 699.36358643
646.53967285 699.51599121
646.69207764 699.66839600
646.84442139 699.82080078
646.99682617 699.97320557
647.14916992 700.12561035
647.30157471 700.27801514
647.45397949 700.43041992
647.60638428 700.58282471
647.75878906 700.73522949
647.91119385 700.88757324
648.06359863 701.03997803
648.21600342 701.19238281
648.36840820 701.34478760
648.52081299 701.49719238
648.67321777 701.64959717
648.82562256 701.80200195
648.97802734 701.95440674
649.13037109 702.10681152
649.28277588 702.25921631
649.43518066 702.41162109
649.58758545 702.56402588
649.73999023 702.71636963
649.89239502 702.86877441
650.04479980 703.02117920
650.19720459 703.17358398
650.34960938 703.32598877
650.50201416 703.47839355
650.65441895 703.63079834
650.80682373 703.78320312
650.95922852 703.93560791
651.11157227 704.08801270
651.26397705 704.24041748
651.41638184 704.39282227
651.56878662 704.54522705
651.72119141 704.69757080
651.87359619 704.84997559
652.02600098 705.00238037
652.17840576 705.15478516
652.33081055 705.30718994
652.48321533 705.45959473
652.63562012 705.61199951
652.78802490 705.76440430
652.94042969 705.91680908
653.09277344 706.06921387
653.24517822 706.22161865
653.39758301 706.37402344
653.54998779 706.52642822
653.70227051 706.67877197
653.85467529 706.83117676
654.00708008 706.98358154
654.15948486 707.13598633
654.31188965 707.28839111
654.46429443 707.44079590
654.61669922 707.59320068
654.76910400 707.74560547
654.92150879 707.89801025
655.07391357 708.05041504
655.22631836 708.20281982
655.37872314 708.35522461
655.53112793 708.50762939
655.68347168 708.65997314
655.83587646 708.81237793
655.98828125 708.96478271
656.14068604 709.11718750
656.29309082 709.26959229
656.44549561 709.42199707
656.59790039 709.57440186
656.75030518 709.72680664
656.90270996 709.87921143
657.05511475 710.03161621
657.20751953 710.18402100
657.35992432 710.33642578
657.51232910 710.48876953
657.66467285 710.64117432
657.81707764 710.79357910
657.96948242 710.94598389
658.12188721 711.09838867
658.27429199 711.25079346
658.42669678 711.40319824
658.57910156 711.55560303
658.73150635 711.70800781
658.88391113 711.86041260
659.03631592 712.01281738
659.18872070 712.16522217
659.34112549 712.31762695
659.49353027 712.46997070
659.64587402 712.62237549
659.79827881 712.77478027
659.95068359 712.92718506
660.10308838 713.07958984
660.25549316 713.23199463
660.40789795 713.38439941
660.56030273 713.53680420
660.71270752 713.68920898
660.86511230 713.84161377
661.01751709 713.99401855
661.16992188 714.14642334
661.32232666 714.29882812
661.47467041 714.45117188
661.62707520 714.60357666
661.77947998 714.75598145
661.93188477 714.90838623
662.08428955 715.06079102
662.23657227 715.21319580
662.38897705 715.36560059
662.54138184 715.51800537
662.69378662 715.67041016
662.84619141 715.82281494
662.99859619 715.97521973
663.15100098 716.12762451
663.30340576 716.28002930
663.45581055 716.43237305
663.60821533 716.58477783
663.76062012 716.73718262
663.91302490 716.88958740
664.06542969 717.04199219
664.21777344 717.19439697
664.37017822 717.34680176
664.52258301 717.49920654
664.67498779 717.65161133
664.82739258 717.80401611
664.97979736 717.95642090
665.13220215 718.10882568
665.28460693 718.26123047
665.43701172 718.41357422
665.58941650 718.56597900
665.74182129 718.71838379
665.89422607 718.87078857
666.04656982 719.02319336
666.19897461 719.17559814
666.35137939 719.32800293
666.50378418 719.48040771
666.65618896 719.63281250
666.80859375 719.78521729
666.96099854 719.93762207
667.11340332 720.09002686
667.26580811 720.24237061
667.41821289 720.39477539
667.57061768 720.54718018
667.72302246 720.69958496
667.87542725 720.85198975
668.02777100 721.00439453
668.18017578 721.15679932
668.33258057 721.30920410
668.48498535 721.46160889
668.63739014 721.61401367
668.78979492 721.76641846
668.94219971 721.91882324
669.09460449 722.07122803
669.24700928 722.22357178
669.39941406 722.37597656
669.55181885 722.52838135
669.70422363 722.68078613
669.85662842 722.83319092
670.00897217 722.98559570
670.16137695 723.13800049
670.31378174 723.29040527
670.46618652 723.44281006
670.61859131 723.59521484
670.77099609 723.74761963
670.92340088 723.90002441
671.07580566 724.05242920
671.22821045 724.20477295
671.38061523 724.35717773
671.53302002 724.50958252
671.68542480 724.66198730
671.83782959 724.81439209
671.99017334 724.96679688
672.14257812 725.11920166
672.29498291 725.27160645
672.44738770 725.42401123
672.59979248 725.57641602
672.75219727 725.72882080
672.90460205 725.88122559
673.05700684 726.03363037
673.20941162 726.18597412
673.36181641 726.33837891
673.51422119 726.49078369
673.66662598 726.64318848
673.81896973 726.79559326
673.97131348 726.94799805
674.12371826 727.10040283
674.27612305 727.25280762
674.42852783 727.40521240
674.58087158 727.55761719
674.73327637 727.71002197
674.88568115 727.86242676
675.03808594 728.01477051
675.19049072 728.16717529
675.34289551 728.31958008
675.49530029 728.47198486
675.64770508 728.62438965
675.80010986 728.77679443
675.95251465 728.92919922
676.10491943 729.08160400
676.25732422 729.23400879
676.40972900 729.38641357
676.56207275 729.53881836
676.71447754 729.69122314
676.86688232 729.84362793
677.01928711 729.99597168
677.17169189 730.14837646
677.32409668 730.30078125
677.47650146 730.45318604
677.62890625 730.60559082
677.78131104 730.75799561
677.93371582 730.91040039
678.08612061 731.06280518
678.23852539 731.21520996
678.39093018 731.36761475
678.54327393 731.52001953
678.69567871 731.67242432
678.84808350 731.82482910
679.00048828 731.97717285
679.15289307 732.12957764
679.30529785 732.28198242
679.45770264 732.43438721
679.61010742 732.58679199
679.76251221 732.73919678
679.91491699 732.89160156
680.06732178 733.04400635
680.21972656 733.19641113
680.37207031 733.34881592
680.52447510 733.50122070
680.67687988 733.65362549
680.82928467 733.80603027
680.98168945 733.95837402
681.13409424 734.11077881
681.28649902 734.26318359
681.43890381 734.41558838
681.59130859 734.56799316
681.74371338 734.72039795
681.89611816 734.87280273
682.04852295 735.02520752
682.20092773 735.17761230
682.35327148 735.33001709
682.50567627 735.48242188
682.65808105 735.63482666
682.81048584 735.78717041
682.96289062 735.93957520
683.11529541 736.09197998
683.26770020 736.24438477
683.42010498 736.39678955
683.57250977 736.54919434
683.72491455 736.70159912
683.87731934 736.85400391
684.02972412 737.00640869
684.18212891 737.15881348
684.33447266 737.31121826
684.48687744 737.46362305
684.63928223 737.61602783
684.79168701 737.76837158
684.94409180 737.92077637
685.09649658 738.07318115
685.24890137 738.22558594
685.40130615 738.37799072
685.55371094 738.53039551
685.70611572 738.68280029
685.85852051 738.83520508
686.01092529 738.98760986
686.16333008 739.14001465
686.31567383 739.29241943
686.46807861 739.44482422
686.62048340 739.59722900
686.77288818 739.74957275
686.92529297 739.90197754
687.07769775 740.05438232
687.23010254 740.20678711
687.38250732 740.35919189
687.53491211 740.51159668
687.68731689 740.66400146
687.83972168 740.81640625
687.99212646 740.96881104
688.14447021 741.12121582
688.29687500 741.27362061
688.44927979 741.42602539
688.60168457 741.57843018
688.75408936 741.73077393
688.90649414 741.88317871
689.05889893 742.03558350
689.21130371 742.18798828
689.36370850 742.34039307
689.51611328 742.49279785
689.66851807 742.64520264
689.82092285 742.79760742
689.97332764 742.95001221
690.12567139 743.10241699
690.27807617 743.25482178
690.43048096 743.40722656
690.58288574 743.55957031
690.73529053 743.71197510
690.88769531 743.86437988
691.04010010 744.01678467
691.19250488 744.16918945
691.34490967 744.32159424
691.49731445 744.47399902
691.64971924 744.62640381
691.80212402 744.77880859
691.95452881 744.93121338
692.10687256 745.08361816
692.25927734 745.23602295
692.41168213 745.38842773
692.56408691 745.54077148
692.71649170 745.69317627
692.86889648 745.84558105
693.02130127 745.99798584
693.17370605 746.15039062
693.32611084 746.30279541
693.47851562 746.45520020
693.63092041 746.60760498
693.78332520 746.76000977
693.93572998 746.91241455
694.08807373 747.06481934
694.24047852 747.21722412
694.39288330 747.36962891
694.54528809 747.52197266
694.69769287 747.67437744
694.85009766 747.82678223
695.00250244 747.97918701
695.15490723 748.13159180
695.30731201 748.28399658
695.45971680 748.43640137
695.61212158 748.58880615
695.76452637 748.74121094
695.91687012 748.89361572
696.06927490 749.04602051
696.22167969 749.19842529
696.37408447 749.35083008
696.52648926 749.50317383
696.67889404 749.65557861
696.83129883 749.80798340
696.98370361 749.96038818
697.13610840 750.11279297
697.28851318 750.26519775
697.44091797 750.41760254
697.59332275 750.57000732
697.74572754 750.72241211
697.89807129 750.87481689
698.05047607 751.02722168
698.20288086 751.17962646
698.35528564 751.33197021
698.50769043 751.48437500
698.66009521 751.63677979
698.81250000 751.78918457
698.96490479 751.94158936
699.11730957 752.09399414
699.26971436 752.24639893
699.42211914 752.39880371
699.57452393 752.55120850
699.72692871 752.70361328
699.87927246 752.85601807
700.03167725 753.00842285
700.18408203 753.16082764
700.33648682 753.31317139
700.48889160 753.46557617
700.64129639 753.61798096
700.79370117 753.77038574
700.94610596 753.92279053
701.09851074 754.07519531
701.25091553 754.22760010
701.40332031 754.38000488
701.55572510 754.53240967
701.70812988 754.68481445
701.86047363 754.83721924
702.01287842 754.98962402
702.16528320 755.14202881
702.31768799 755.29437256
702.47009277 755.44677734
702.62249756 755.59918213
702.77490234 755.75158691
702.92730713 755.90399170
703.07971191 756.05639648
703.23211670 756.20880127
703.38452148 756.36120605
703.53692627 756.51361084
703.68927002 756.66601562
703.84167480 756.81842041
703.99407959 756.97082520
704.14648438 757.12322998
704.29888916 757.27557373
704.45129395 757.42797852
704.60369873 757.58038330
704.75610352 757.73278809
704.90850830 757.88519287
705.06091309 758.03759766
705.21331787 758.19000244
705.36572266 758.34240723
705.51812744 758.49481201
705.67047119 758.64721680
705.82287598 758.79962158
705.97528076 758.95202637
706.12768555 759.10437012
706.28009033 759.25677490
706.43249512 759.40917969
706.58489990 759.56158447
706.73730469 759.71398926
706.88970947 759.86639404
707.04211426 760.01879883
707.19451904 760.17120361
707.34692383 760.32360840
707.49932861 760.47601318
707.65167236 760.62841797
707.80407715 760.78082275
707.95648193 760.93322754
708.10888672 761.08557129
708.26129150 761.23797607
708.41369629 761.39038086
708.56610107 761.54278564
708.71850586 761.69519043
708.87091064 761.84759521
709.02331543 762.00000000
709.17572021 762.15240479
709.32812500 762.30480957
709.48052979 762.45721436
709.63287354 762.60961914
709.78527832 762.76202393
709.93768311 762.91442871
710.09008789 763.06677246
710.24249268 763.21917725
710.39489746 763.37158203
710.54730225 763.52398682
710.69970703 763.67639160
710.85211182 763.82879639
711.00451660 763.98120117
711.15692139 764.13360596
711.30932617 764.28601074
711.46166992 764.43841553
711.61407471 764.59082031
711.76647949 764.74322510
711.91888428 764.89562988
712.07128906 765.04797363
712.22369385 765.20037842
712.37609863 765.35278320
712.52850342 765.50518799
712.68090820 765.65759277
712.83331299 765.80999756
712.98571777 765.96240234
713.13812256 766.11480713
713.29052734 766.26721191
713.44287109 766.41961670
713.59527588 766.57202148
713.74768066 766.72442627
713.90008545 766.87677002
714.05249023 767.02917480
714.20489502 767.18157959
714.35729980 767.33398438
714.50970459 767.48638916
714.66210938 767.63879395
714.81451416 767.79119873
714.96691895 767.94360352
715.11932373 768.09600830
715.27172852 768.24841309
715.42407227 768.40081787
715.57647705 768.55322266
715.72888184 768.70562744
715.88128662 768.85797119
716.03369141 769.01037598
716.18609619 769.16278076
716.33850098 769.31518555
716.49090576 769.46759033
716.64331055 769.61999512
716.79571533 769.77239990
716.94812012 769.92480469
717.10052490 770.07720947
717.25292969 770.22961426
717.40527344 770.38201904
717.55767822 770.53442383
717.71008301 770.68682861
717.86248779 770.83917236
718.01489258 770.99157715
718.16729736 771.14398193
718.31970215 771.29638672
718.47210693 771.44879150
718.62451172 771.60119629
718.77691650 771.75360107
718.92932129 771.90600586
719.08172607 772.05841064
719.23406982 772.21081543
719.38647461 772.36322021
719.53887939 772.51562500
719.69128418 772.66802979
719.84368896 772.82037354
719.99609375 772.97277832
720.14849854 773.12518311
720.30090332 773.27758789
720.45330811 773.42999268
720.60571289 773.58239746
720.75811768 773.73480225
720.91052246 773.88720703
721.06292725 774.03961182
721.21527100 774.19201660
721.36767578 774.34442139
721.52008057 774.49682617
721.67248535 774.64916992
721.82489014 774.80157471
721.97729492 774.95397949
722.12969971 775.10638428
722.28210449 775.25878906
722.43450928 775.41119385
722.58691406 775.56359863
722.73931885 775.71600342
722.89172363 775.86840820
723.04412842 776.02081299
723.19647217 776.17321777
723.34887695 776.32562256
723.50128174 776.47802734
723.65368652 776.63037109
723.80609131 776.78277588
723.95849609 776.93518066
724.11090088 777.08758545
724.26330566 777.23999023
724.41571045 777.39239502
724.56811523 777.54479980
724.72052002 777.69720459
724.87292480 777.84960938
725.02532959 778.00201416
725.17767334 778.15441895
725.33007812 778.30682373
725.48248291 778.45922852
725.63482666 778.61157227
725.78717041 778.76397705
725.93957520 778.91638184
726.09197998 779.06878662
726.24438477 779.22119141
726.39678955 779.37359619
726.54919434 779.52600098
726.70159912 779.67840576
726.85400391 779.83081055
727.00640869 779.98321533
727.15881348 780.13562012
727.31121826 780.28802490
727.46362305 780.44042969
727.61602783 780.59277344
727.76837158 780.74517822
727.92077637 780.89758301
728.07318115 781.04998779
728.22558594 781.20239258
728.37799072 781.35479736
728.53039551 781.50720215
728.68280029 781.65960693
728.83520508 781.81201172
728.98760986 781.96441650
729.14001465 782.11682129
729.29241943 782.26922607
729.44482422 782.42156982
729.59722900 782.57397461
729.74957275 782.72637939
729.90197754 782.87878418
730.05438232 783.03118896
730.20678711 783.18359375
730.35919189 783.33599854
730.51159668 783.48840332
730.66400146 783.64080811
730.81640625 783.79321289
730.96881104 783.94561768
731.12121582 784.09802246
731.27362061 784.25042725
731.42602539 784.40277100
731.57843018 784.55517578
731.73077393 784.70758057
731.88317871 784.85998535
732.03558350 785.01239014
732.18798828 785.16479492
732.34039307 785.31719971
732.49279785 785.46960449
732.64520264 785.62200928
732.79760742 785.77441406
732.95001221 785.92681885
733.10241699 786.07922363
733.25482178 786.23162842
733.40722656 786.38397217
733.55957031 786.53637695
733.71197510 786.68878174
733.86437988 786.84118652
734.01678467 786.99359131
734.16918945 787.14599609
734.32159424 787.29840088
734.47399902 787.45080566
734.62640381 787.60321045
734.77880859 787.75561523
734.93121338 787.90802002
735.08361816 788.06042480
735.23602295 788.21282959
735.38842773 788.36517334
735.54077148 788.51757812
735.69317627 788.66998291
735.84558105 788.82238770
735.99798584 788.97479248
736.15039062 789.12719727
736.30279541 789.27960205
736.45520020 789.43200684
736.60760498 789.58441162
736.76000977 789.73681641
736.91241455 789.88922119
737.06481934 790.04162598
737.21722412 790.19396973
737.36962891 790.34637451
737.52197266 790.49877930
737.67437744 790.65118408
737.82678223 790.80358887
737.97918701 790.95599365
738.13159180 791.10839844
738.28399658 791.26080322
738.43640137 791.41320801
738.58880615 791.56561279
738.74121094 791.71801758
738.89361572 791.87042236
739.04602051 792.02282715
739.19842529 792.17517090
739.35083008 792.32757568
739.50317383 792.47998047
739.65557861 792.63238525
739.80798340 792.78479004
739.96038818 792.93719482
740.11279297 793.08959961
740.26519775 793.24200439
740.41760254 793.39440918
740.57000732 793.54681396
740.72241211 793.69921875
740.87481689 793.85162354
741.02722168 794.00402832
741.17962646 794.15637207
741.33197021 794.30877686
741.48437500 794.46118164
741.63677979 794.61358643
741.78918457 794.76599121
741.94158936 794.91839600
742.09399414 795.07080078
742.24639893 795.22320557
742.39880371 795.37561035
742.55120850 795.52801514
742.70361328 795.68041992
742.85601807 795.83282471
743.00842285 795.98522949
743.16082764 796.13757324
743.31317139 796.28997803
743.46557617 796.44238281
743.61798096 796.59478760
743.77038574 796.74719238
743.92279053 796.89959717
744.07519531 797.05200195
744.22760010 797.20440674
744.38000488 797.35681152
744.53240967 797.50921631
744.68481445 797.66162109
744.83721924 797.81402588
744.98962402 797.96636963
745.14202881 798.11877441
745.29437256 798.27117920
745.44677734 798.42358398
745.59918213 798.57598877
745.75158691 798.72839355
745.90399170 798.88079834
746.05639648 799.03320312
746.20880127 799.18560791
746.36120605 799.33801270
746.51361084 799.49041748
746.66601562 799.64282227
746.81842041 799.79522705
746.97082520 799.94757080
747.12322998 800.09997559
747.27557373 800.25238037
747.42797852 800.40478516
747.58038330 800.55718994
747.73278809 800.70959473
747.88519287 800.86199951
748.03759766 801.01440430
748.19000244 801.16680908
748.34240723 801.31921387
748.49481201 801.47161865
748.64721680 801.62402344
748.79962158 801.77642822
748.95202637 801.92877197
749.10437012 802.08117676
749.25677490 802.23358154
749.40917969 802.38598633
749.56158447 802.53839111
749.71398926 802.69079590
749.86639404 802.84320068
750.01879883 802.99560547
750.17120361 803.14801025
750.32360840 803.30041504
750.47601318 803.45281982
750.62841797 803.60522461
750.78082275 803.75762939
750.93322754 803.90997314
751.08557129 804.06237793
751.23797607 804.21478271
751.39038086 804.36718750
751.54278564 804.51959229
751.69519043 804.67199707
751.84759521 804.82440186
752.00000000 804.97680664
752.15240479 805.12921143
752.30480957 805.28161621
752.45721436 805.43402100
752.60961914 805.58642578
752.76202393 805.73876953
752.91442871 805.89117432
753.06677246 806.04357910
753.21917725 806.19598389
753.37158203 806.34838867
753.52398682 806.50079346
753.67639160 806.65319824
753.82879639 806.80560303
753.98120117 806.95800781
754.13360596 807.11041260
754.28601074 807.26281738
754.43841553 807.41522217
754.59082031 807.56762695
754.74322510 807.71997070
754.89562988 807.87237549
755.04797363 808.02478027
755.20037842 808.17718506
755.35278320 808.32958984
755.50518799 808.48199463
755.65759277 808.63439941
755.80999756 808.78680420
755.96240234 808.93920898
756.11480713 809.09161377
756.26721191 809.24401855
756.41961670 809.39642334
756.57202148 809.54882812
756.72442627 809.70117188
756.87677002 809.85357666
757.02917480 810.00598145
757.18157959 810.15838623
757.33398438 810.31079102
757.48638916 810.46319580
757.63879395 810.61560059
757.79119873 810.76800537
757.94360352 810.92041016
758.09600830 811.07281494
758.24841309 811.22521973
758.40081787 811.37762451
758.55322266 811.53002930
758.70562744 811.68237305
758.85797119 811.83477783
759.01037598 811.98718262
759.16278076 812.13958740
759.31518555 812.29199219
759.46759033 812.44439697
759.61999512 812.59680176
759.77239990 812.74920654
759.92480469 812.90161133
760.07720947 813.05401611
760.22961426 813.20642090
760.38201904 813.35882568
760.53442383 813.51123047
760.68682861 813.66357422
760.83917236 813.81597900
760.99157715 813.96838379
761.14398193 814.12078857
761.29638672 814.27319336
761.44879150 814.42559814
761.60119629 814.57800293
761.75360107 814.73040771
761.90600586 814.88281250
762.05841064 815.03521729
762.21081543 815.18762207
762.36322021 815.34002686
762.51562500 815.49237061
762.66802979 815.64477539
762.82037354 815.79718018
762.97277832 815.94958496
763.12518311 816.10198975
763.27758789 816.25439453
763.42999268 816.40679932
763.58239746 816.55920410
763.73480225 816.71160889
763.88720703 816.86401367
764.03961182 817.01641846
764.19201660 817.16882324
764.34442139 817.32122803
764.49682617 817.47357178
764.64916992 817.62597656
764.80157471 817.77838135
764.95397949 817.93078613
765.10638428 818.08319092
765.25878906 818.23559570
765.41119385 818.38800049
765.56359863 818.54040527
765.71600342 818.69281006
765.86840820 818.84521484
766.02081299 818.99761963
766.17321777 819.15002441
766.32562256 819.30242920
766.47802734 819.45477295
766.63037109 819.60717773
766.78277588 819.75958252
766.93518066 819.91198730
767.08758545 820.06439209
767.23999023 820.21679688
767.39239502 820.36920166
767.54479980 820.52160645
767.69720459 820.67401123
767.84960938 820.82641602
768.00201416 820.97882080
768.15441895 821.13122559
768.30682373 821.28363037
768.45922852 821.43597412
768.61157227 821.58837891
768.76397705 821.74078369
768.91638184 821.89318848
769.06878662 822.04559326
769.22119141 822.19799805
769.37359619 822.35040283
769.52600098 822.50280762
769.67840576 822.65521240
769.83081055 822.80761719
769.98321533 822.96002197
770.13562012 823.11242676
770.28802490 823.26477051
770.44042969 823.41717529
770.59277344 823.56958008
770.74517822 823.72198486
770.89758301 823.87438965
771.04998779 824.02679443
771.20239258 824.17919922
771.35479736 824.33160400
771.50720215 824.48400879
771.65960693 824.63641357
771.81201172 824.78881836
771.96429443 824.94122314
772.11669922 825.09362793
772.26910400 825.24597168
772.42150879 825.39837646
772.57391357 825.55078125
772.72631836 825.70318604
772.87872314 825.85559082
773.03112793 826.00799561
773.18347168 826.16040039
773.33587646 826.31280518
773.48828125 826.46520996
773.64068604 826.61761475
773.79309082 826.77001953
773.94549561 826.92242432
774.09790039 827.07482910
774.25030518 827.22717285
774.40270996 827.37957764
774.55511475 827.53198242
774.70751953 827.68438721
774.85992432 827.83679199
775.01232910 827.98919678
775.16467285 828.14160156
775.31707764 828.29400635
775.46948242 828.44641113
775.62188721 828.59881592
775.77429199 828.75122070
775.92669678 828.90362549
776.07910156 829.05603027
776.23150635 829.20837402
776.38391113 829.36077881
776.53631592 829.51318359
776.68872070 829.66558838
776.84112549 829.81799316
776.99353027 829.97039795
777.14587402 830.12280273
777.29827881 830.27520752
777.45068359 830.42761230
777.60308838 830.58001709
777.75549316 830.73242188
777.90789795 830.88482666
778.06030273 831.03717041
778.21270752 831.18957520
778.36511230 831.34197998
778.51751709 831.49438477
778.66992188 831.64678955
778.82232666 831.79919434
778.97467041 831.95159912
779.12707520 832.10400391
779.27947998 832.25640869
779.43188477 832.40881348
779.58428955 832.56121826
779.73669434 832.71362305
779.88909912 832.86602783
780.04150391 833.01837158
780.19390869 833.17077637
780.34631348 833.32318115
780.49871826 833.47558594
780.65112305 833.62799072
780.80352783 833.78039551
780.95587158 833.93280029
781.10827637 834.08520508
781.26068115 834.23760986
781.41308594 834.39001465
781.56549072 834.54241943
781.71789551 834.69482422
781.87030029 834.84722900
782.02270508 834.99957275
782.17510986 835.15197754
782.32751465 835.30438232
782.47991943 835.45678711
782.63232422 835.60919189
782.78472900 835.76159668
782.93707275 835.91400146
783.08947754 836.06640625
783.24188232 836.21881104
783.39428711 836.37121582
783.54669189 836.52362061
783.69909668 836.67602539
783.85150146 836.82843018
784.00390625 836.98077393
784.15631104 837.13317871
784.30871582 837.28558350
784.46112061 837.43798828
784.61352539 837.59039307
784.76593018 837.74279785
784.91827393 837.89520264
785.07067871 838.04760742
785.22308350 838.20001221
785.37548828 838.35241699
785.52789307 838.50482178
785.68029785 838.65722656
785.83270264 838.80957031
785.98510742 838.96197510
786.13751221 839.11437988
786.28991699 839.26678467
786.44232178 839.41918945
786.59472656 839.57159424
786.74707031 839.72399902
786.89947510 839.87640381
787.05187988 840.02880859
787.20428467 840.18121338
787.35668945 840.33361816
787.50909424 840.48602295
787.66149902 840.63842773
787.81390381 840.79077148
787.96630859 840.94317627
788.11871338 841.09558105
788.27111816 841.24798584
788.42352295 841.40039062
788.57592773 841.55279541
788.72827148 841.70520020
788.88067627 841.85760498
789.03308105 842.01000977
789.18548584 842.16241455
789.33789062 842.31481934
789.49029541 842.46722412
789.64270020 842.61962891
789.79510498 842.77197266
789.94750977 842.92437744
790.09991455 843.07678223
790.25231934 843.22918701
790.40472412 843.38159180
790.55712891 843.53399658
790.70947266 843.68640137
790.86187744 843.83880615
791.01428223 843.99121094
791.16668701 844.14361572
791.31909180 844.29602051
791.47149658 844.44842529
791.62390137 844.60083008
791.77630615 844.75317383
791.92871094 844.90557861
792.08111572 845.05798340
792.23352051 845.21038818
792.38592529 845.36279297
792.53833008 845.51519775
792.69067383 845.66760254
792.84307861 845.82000732
792.99548340 845.97241211
793.14788818 846.12481689
793.30029297 846.27722168
793.45269775 846.42962646
793.60510254 846.58197021
793.75750732 846.73437500
793.90991211 846.88677979
794.06231689 847.03918457
794.21472168 847.19158936
794.36712646 847.34399414
794.51947021 847.49639893
794.67187500 847.64880371
794.82427979 847.80120850
794.97668457 847.95361328
795.12908936 848.10601807
795.28149414 848.25842285
795.43389893 848.41082764
795.58630371 848.56317139
795.73870850 848.71557617
795.89111328 848.86798096
796.04351807 849.02038574
796.19592285 849.17279053
796.34832764 849.32519531
796.50067139 849.47760010
796.65307617 849.63000488
796.80548096 849.78240967
796.95788574 849.93481445
797.11029053 850.08721924
797.26269531 850.23962402
797.41510010 850.39202881
797.56750488 850.54437256
797.71990967 850.69677734
797.87231445 850.84918213
798.02471924 851.00158691
798.17712402 851.15399170
798.32952881 851.30639648
798.48187256 851.45880127
798.63427734 851.61120605
798.78668213 851.76361084
798.93908691 851.91601562
799.09149170 852.06842041
799.24389648 852.22082520
799.39630127 852.37322998
799.54870605 852.52557373
799.70111084 852.67797852
799.85351562 852.83038330
800.00592041 852.98278809
800.15832520 853.13519287
800.31072998 853.28759766
800.46307373 853.44000244
800.61547852 853.59240723
800.76788330 853.74481201
800.92028809 853.89721680
801.07269287 854.04962158
801.22509766 854.20202637
801.37750244 854.35437012
801.52990723 854.50677490
801.68231201 854.65917969
801.83471680 854.81158447
801.98712158 854.96398926
802.13952637 855.11639404
802.29187012 855.26879883
802.44427490 855.42120361
802.59667969 855.57360840
802.74908447 855.72601318
802.90148926 855.87841797
803.05389404 856.03082275
803.20629883 856.18322754
803.35870361 856.33557129
803.51110840 856.48797607
803.66351318 856.64038086
803.81591797 856.79278564
803.96832275 856.94519043
804.12072754 857.09759521
804.27307129 857.25000000
804.42547607 857.40240479
804.57788086 857.55480957
804.73028564 857.70721436
804.88269043 857.85961914
805.03509521 858.01202393
805.18750000 858.16442871
805.33990479 858.31677246
805.49230957 858.46917725
805.64471436 858.62158203
805.79711914 858.77398682
805.94952393 858.92639160
806.10192871 859.07879639
806.25427246 859.23120117
806.40667725 859.38360596
806.55908203 859.53601074
806.71148682 859.68841553
806.86389160 859.84082031
807.01629639 859.99322510
807.16870117 860.14562988
807.32110596 860.29797363
807.47351074 860.45037842
807.62591553 860.60278320
807.77832031 860.75518799
807.93072510 860.90759277
808.08312988 861.05999756
808.23547363 861.21240234
808.38787842 861.36480713
808.54028320 861.51721191
808.69268799 861.66961670
808.84509277 861.82202148
808.99749756 861.97442627
809.14990234 862.12677002
809.30230713 862.27917480
809.45471191 862.43157959
809.60711670 862.58398438
809.75952148 862.73638916
809.91192627 862.88879395
810.06427002 863.04119873
810.21667480 863.19360352
810.36907959 863.34600830
810.52148438 863.49841309
810.67388916 863.65081787
810.82629395 863.80322266
810.97869873 863.95562744
811.13110352 864.10797119
811.28350830 864.26037598
811.43591309 864.41278076
811.58831787 864.56518555
811.74072266 864.71759033
811.89312744 864.86999512
812.04547119 865.02239990
812.19787598 865.17480469
812.35028076 865.32720947
812.50268555 865.47961426
812.65509033 865.63201904
812.80749512 865.78442383
812.95989990 865.93682861
813.11230469 866.08917236
813.26470947 866.24157715
813.41711426 866.39398193
813.56951904 866.54638672
813.72192383 866.69879150
813.87432861 866.85119629
814.02667236 867.00360107
814.17907715 867.15600586
814.33148193 867.30841064
814.48388672 867.46081543
814.63629150 867.61322021
814.78869629 867.76562500
814.94110107 867.91802979
815.09350586 868.07037354
815.24591064 868.22277832
815.39831543 868.37518311
815.55072021 868.52758789
815.70312500 868.67999268
815.85552979 868.83239746
816.00787354 868.98480225
816.16027832 869.13720703
816.31268311 869.28961182
816.46508789 869.44201660
816.61749268 869.59442139
816.76989746 869.74682617
816.92230225 869.89916992
817.07470703 870.05157471
817.22711182 870.20397949
817.37951660 870.35638428
817.53192139 870.50878906
817.68432617 870.66119385
817.83666992 870.81359863
817.98907471 870.96600342
818.14147949 871.11840820
818.29388428 871.27081299
818.44628906 871.42321777
818.59869385 871.57562256
818.75109863 871.72802734
818.90350342 871.88037109
819.05590820 872.03277588
819.20831299 872.18518066
819.36071777 872.33758545
819.51312256 872.48999023
819.66552734 872.64239502
819.81787109 872.79479980
819.97027588 872.94720459
820.12268066 873.09960938
820.27508545 873.25201416
820.42749023 873.40441895
820.57989502 873.55682373
820.73229980 873.70922852
820.88470459 873.86157227
821.03710938 874.01397705
821.18951416 874.16638184
821.34191895 874.31878662
821.49432373 874.47119141
821.64672852 874.62359619
821.79907227 874.77600098
821.95147705 874.92840576
822.10388184 875.08081055
822.25628662 875.23321533
822.40869141 875.38562012
822.56109619 875.53802490
822.71350098 875.69042969
822.86590576 875.84277344
823.01831055 875.99517822
823.17071533 876.14758301
823.32312012 876.29998779
823.47552490 876.45239258
823.62792969 876.60479736
823.78027344 876.75720215
823.93267822 876.90960693
824.08508301 877.06201172
824.23748779 877.21441650
824.38989258 877.36682129
824.54229736 877.51922607
824.69470215 877.67156982
824.84710693 877.82397461
824.99951172 877.97637939
825.15191650 878.12878418
825.30432129 878.28118896
825.45672607 878.43359375
825.60906982 878.58599854
825.76147461 878.73840332
825.91387939 878.89080811
826.06628418 879.04321289
826.21868896 879.19561768
826.37109375 879.34802246
826.52349854 879.50042725
826.67590332 879.65277100
826.82830811 879.80517578
826.98071289 879.95758057
827.13311768 880.10998535
827.28552246 880.26239014
827.43792725 880.41479492
827.59027100 880.56719971
827.74267578 880.71960449
827.89508057 880.87200928
828.04748535 881.02441406
828.19989014 881.17681885
828.35229492 881.32922363
828.50469971 881.48162842
828.65710449 881.63397217
828.80950928 881.78637695
828.96191406 881.93878174
829.11431885 882.09118652
829.26672363 882.24359131
829.41912842 882.39599609
829.57147217 882.54840088
829.72387695 882.70080566
829.87628174 882.85321045
830.02868652 883.00561523
830.18109131 883.15802002
830.33349609 883.31042480
830.48590088 883.46282959
830.63830566 883.61517334
830.79071045 883.76757812
830.94311523 883.91998291
831.09552002 884.07238770
831.24792480 884.22479248
831.40032959 884.37719727
831.55267334 884.52960205
831.70507812 884.68200684
831.85748291 884.83441162
832.00988770 884.98681641
832.16229248 885.13922119
832.31469727 885.29162598
832.46710205 885.44396973
832.61950684 885.59637451
832.77191162 885.74877930
832.92431641 885.90118408
833.07672119 886.05358887
833.22912598 886.20599365
833.38146973 886.35839844
833.53387451 886.51080322
833.68627930 886.66320801
833.83868408 886.81561279
833.99108887 886.96801758
834.14349365 887.12042236
834.29589844 887.27282715
834.44818115 887.42517090
834.60058594 887.57757568
834.75299072 887.72998047
834.90539551 887.88238525
835.05780029 888.03479004
835.21020508 888.18719482
835.36260986 888.33959961
835.51501465 888.49200439
835.66741943 888.64440918
835.81982422 888.79681396
835.97222900 888.94921875
836.12457275 889.10162354
836.27697754 889.25402832
836.42938232 889.40637207
836.58178711 889.55877686
836.73419189 889.71118164
836.88659668 889.86358643
837.03900146 890.01599121
837.19140625 890.16839600
837.34381104 890.32080078
837.49621582 890.47320557
837.64862061 890.62561035
837.80102539 890.77801514
837.95343018 890.93041992
838.10577393 891.08282471
838.25817871 891.23522949
838.41058350 891.38757324
838.56298828 891.53997803
838.71539307 891.69238281
838.86779785 891.84478760
839.02020264 891.99719238
839.17260742 892.14959717
839.32501221 892.30200195
839.47741699 892.45440674
839.62982178 892.60681152
839.78222656 892.75921631
839.93457031 892.91162109
840.08697510 893.06402588
840.23937988 893.21636963
840.39178467 893.36877441
840.54418945 893.52117920
840.69659424 893.67358398
840.84899902 893.82598877
841.00140381 893.97839355
841.15380859 894.13079834
841.30621338 894.28320312
841.45861816 894.43560791
841.61102295 894.58801270
841.76342773 894.74041748
841.91577148 894.89282227
842.06817627 895.04522705
842.22058105 895.19757080
842.37298584 895.34997559
842.52539062 895.50238037
842.67779541 895.65478516
842.83020020 895.80718994
842.98260498 895.95959473
843.13500977 896.11199951
843.28741455 896.26440430
843.43981934 896.41680908
843.59222412 896.56921387
843.74462891 896.72161865
843.89697266 896.87402344
844.04937744 897.02642822
844.20178223 897.17877197
844.35418701 897.33117676
844.50659180 897.48358154
844.65899658 897.63598633
844.81140137 897.78839111
844.96380615 897.94079590
845.11621094 898.09320068
845.26861572 898.24560547
845.42102051 898.39801025
845.57342529 898.55041504
845.72583008 898.70281982
845.87817383 898.85522461
846.03057861 899.00762939
846.18298340 899.15997314
846.33538818 899.31237793
846.48779297 899.46478271
846.64019775 899.61718750
846.79260254 899.76959229
846.94500732 899.92199707
847.09741211 900.07440186
847.24981689 900.22680664
847.40222168 900.37921143
847.55462646 900.53161621
847.70697021 900.68402100
847.85937500 900.83642578
848.01177979 900.98876953
848.16418457 901.14117432
848.31658936 901.29357910
848.46899414 901.44598389
848.62139893 901.59838867
848.77380371 901.75079346
848.92620850 901.90319824
849.07861328 902.05560303
849.23101807 902.20800781
849.38342285 902.36041260
849.53582764 902.51281738
849.68817139 902.66522217
849.84057617 902.81762695
849.99298096 902.96997070
850.14538574 903.12237549
850.29779053 903.27478027
850.45019531 903.42718506
850.60260010 903.57958984
850.75500488 903.73199463
850.90740967 903.88439941
851.05981445 904.03680420
851.21221924 904.18920898
851.36462402 904.34161377
851.51702881 904.49401855
851.66937256 904.64642334
851.82177734 904.79882812
851.97418213 904.95117188
852.12658691 905.10357666
852.27899170 905.25598145
852.43139648 905.40838623
852.58380127 905.56079102
852.73620605 905.71319580
852.88861084 905.86560059
853.04101562 906.01800537
853.19342041 906.17041016
853.34582520 906.32281494
853.49822998 906.47521973
853.65057373 906.62762451
853.80297852 906.78002930
853.95538330 906.93237305
854.10778809 907.08477783
854.26019287 907.23718262
854.41259766 907.38958740
854.56500244 907.54199219
854.71740723 907.69439697
854.86981201 907.84680176
855.02221680 907.99920654
855.17462158 908.15161133
855.32702637 908.30401611
855.47937012 908.45642090
855.63177490 908.60882568
855.78417969 908.76123047
855.93658447 908.91357422
856.08898926 909.06597900
856.24139404 909.21838379
856.39379883 909.37078857
856.54620361 909.52319336
856.69860840 909.67559814
856.85101318 909.82800293
857.00341797 909.98040771
857.15582275 910.13281250
857.30822754 910.28521729
857.46057129 910.43762207
857.61297607 910.59002686
857.76538086 910.74237061
857.91778564 910.89477539
858.07019043 911.04718018
858.22259521 911.19958496
858.37500000 911.35198975
858.52740479 911.50439453
858.67980957 911.65679932
858.83221436 911.80920410
858.98461914 911.96160889
859.13702393 912.11401367
859.28942871 912.26641846
859.44177246 912.41882324
859.59417725 912.57122803
859.74658203 912.72357178
859.89898682 912.87597656
860.05139160 913.02838135
860.20379639 913.18078613
860.35620117 913.33319092
860.50860596 913.48559570
860.66101074 913.63800049
860.81341553 913.79040527
860.96582031 913.94281006
861.11822510 914.09521484
861.27062988 914.24761963
861.42297363 914.40002441
861.57537842 914.55242920
861.72778320 914.70477295
861.88018799 914.85717773
862.03259277 915.00958252
