0.00000000 343.96679688
0.00000000 344.11920166
0.00000000 344.27160645
0.00000000 344.42401123
0.00000000 344.57638550
0.00000000 344.72879028
0.00000000 344.88119507
0.00000000 345.03359985
0.00000000 345.18600464
0.00000000 345.33840942
0.00000000 345.49081421
0.00000000 345.64318848
0.00000000 345.79559326
0.00000000 345.94799805
0.00000000 346.10040283
0.00000000 346.25280762
1.83000004 346.40521240
2.67000008 346.55758667
6.11999989 346.70999146
11.18999958 346.86239624
17.70000076 347.01480103
25.25000000 347.16720581
28.81999969 347.31961060
32.52999878 347.47198486
34.06999969 347.62438965
38.59999847 347.77679443
41.61999893 347.92919922
44.84000015 348.08160400
46.34000015 348.23400879
43.93999863 348.38641357
40.90999985 348.53878784
37.15999985 348.69119263
31.48999977 348.84359741
27.92000008 348.99600220
25.95000076 349.14840698
24.14999962 349.30081177
23.75000000 349.45318604
23.00000000 349.60559082
21.59000015 349.75799561
20.54000092 349.91040039
19.84000015 350.06280518
19.59000015 350.21520996
19.40999985 350.36761475
19.26000023 350.51998901
18.93000031 350.67239380
18.32999992 350.82479858
17.68000031 350.97720337
16.40999985 351.12960815
14.67000008 351.28201294
11.53999996 351.43438721
8.85000038 351.58679199
9.89999962 351.73919678
11.39999962 351.89160156
12.57999992 352.04400635
13.51000023 352.19641113
14.75000000 352.34878540
15.92000008 352.50119019
16.37000084 352.65359497
17.25000000 352.80599976
18.12000084 352.95840454
19.45000076 353.11080933
21.29999924 353.26321411
23.62999916 353.41558838
25.07999992 353.56799316
24.73999977 353.72039795
23.04999924 353.87280273
21.81999969 354.02520752
20.17000008 354.17761230
18.12999916 354.32998657
16.89999962 354.48239136
12.40999985 354.63479614
9.88000011 354.78720093
0.00000000 354.93960571
0.00000000 355.09201050
0.00000000 355.24438477
13.64999962 355.39678955
20.89999962 355.54919434
29.12000084 355.70159912
50.70999908 355.85400391
67.26999664 356.00640869
89.37999725 356.15881348
93.19999695 356.31118774
97.51999664 356.46359253
98.88999939 356.61599731
103.40000153 356.76840210
104.43000031 356.92080688
105.55000305 357.07321167
108.05000305 357.22558594
111.18000031 357.37799072
113.86000061 357.53039551
117.11000061 357.68280029
118.75000000 357.83520508
121.19999695 357.98760986
121.19999695 358.14001465
121.19999695 358.29238892
121.19999695 358.44479370
121.19999695 358.59719849
121.19999695 358.74960327
121.19999695 358.90200806
121.19999695 359.05441284
121.19999695 359.20678711
121.19999695 359.35919189
121.19999695 359.51159668
121.19999695 359.66400146
121.19999695 359.81640625
121.19999695 359.96881104
121.19999695 360.12118530
121.19999695 360.27359009
121.19999695 360.42599487
121.19999695 360.57839966
121.19999695 360.73080444
121.19999695 360.88320923
121.19999695 361.03561401
121.19999695 361.18798828
121.19999695 361.34039307
121.19999695 361.49279785
114.09999847 361.64520264
112.36000061 361.79760742
97.33999634 361.95001221
83.56999969 362.10238647
62.81000137 362.25479126
41.70000076 362.40719604
36.70000076 362.55960083
35.59000015 362.71200562
34.11000061 362.86441040
31.03000069 363.01681519
28.12999916 363.16918945
26.36000061 363.32159424
25.21999931 363.47399902
25.09000015 363.62640381
26.19000053 363.77880859
27.57999992 363.93121338
28.67000008 364.08358765
29.04000092 364.23599243
29.04000092 364.38839722
29.04000092 364.54080200
29.04000092 364.69320679
29.07999992 364.84561157
29.15999985 364.99798584
29.26000023 365.15039062
40.43000031 365.30279541
51.15000153 365.45520020
81.48999786 365.60760498
98.55000305 365.76000977
111.66000366 365.91241455
120.36000061 366.06478882
114.01999664 366.21719360
106.93000031 366.36959839
95.97000122 366.52200317
87.16999817 366.67440796
93.22000122 366.82681274
97.23000336 366.97918701
127.69000244 367.13159180
137.50999451 367.28399658
155.05000305 367.43640137
155.05000305 367.58880615
155.05000305 367.74121094
155.05000305 367.89358521
155.05000305 368.04598999
144.97999573 368.19839478
133.08999634 368.35079956
123.20999908 368.50320435
102.37999725 368.65560913
86.37999725 368.80801392
71.44999695 368.96038818
55.63999939 369.11279297
47.90000153 369.26519775
46.20000076 369.41760254
45.04999924 369.57000732
44.59999847 369.72241211
44.29999924 369.87478638
44.22000122 370.02719116
43.90999985 370.17959595
43.79000092 370.33200073
44.00000000 370.48440552
43.99000168 370.63681030
44.83000183 370.78921509
51.11000061 370.94158936
68.41000366 371.09399414
96.29000092 371.24639893
96.29000092 371.39880371
96.29000092 371.55120850
96.29000092 371.70361328
90.87999725 371.85598755
80.47000122 372.00839233
71.16999817 372.16079712
62.72999954 372.31320190
52.50000000 372.46560669
38.20999908 372.61801147
27.92000008 372.77038574
21.70000076 372.92279053
19.39999962 373.07519531
17.39999962 373.22760010
15.94999981 373.38000488
14.14999962 373.53240967
12.10000038 373.68481445
7.63000011 373.83718872
7.05999994 373.98959351
7.05999994 374.14199829
10.82999992 374.29440308
20.45000076 374.44680786
29.29999924 374.59921265
35.22000122 374.75158691
40.68000031 374.90399170
38.79999924 375.05639648
31.22999954 375.20880127
27.05999947 375.36120605
23.96999931 375.51361084
22.37999916 375.66598511
21.42000008 375.81838989
20.85000038 375.97079468
20.70000076 376.12319946
20.22999954 376.27560425
18.86000061 376.42800903
15.26000023 376.58041382
6.94999981 376.73278809
9.00000000 376.88519287
15.64999962 377.03759766
26.04000092 377.19000244
32.45999908 377.34240723
34.88000107 377.49481201
35.81000137 377.64718628
36.24000168 377.79959106
36.49000168 377.95199585
36.49000168 378.10440063
36.49000168 378.25680542
31.60000038 378.40921021
15.23999977 378.56161499
7.40999985 378.71398926
4.05000019 378.86639404
4.05000019 379.01879883
8.92000008 379.17120361
19.45000076 379.32360840
23.22999954 379.47601318
25.55999947 379.62838745
27.52000046 379.78079224
28.05999947 379.93319702
28.61000061 380.08560181
28.88999939 380.23800659
28.88999939 380.39041138
28.88999939 380.54278564
27.00000000 380.69519043
24.20000076 380.84759521
19.85000038 381.00000000
14.14999962 381.15240479
9.02000046 381.30480957
7.26000023 381.45721436
5.84000015 381.60958862
5.21999979 381.76199341
4.78999996 381.91439819
4.73000002 382.06680298
4.61000013 382.21920776
4.53000021 382.37161255
4.46999979 382.52398682
4.38999987 382.67639160
4.34000015 382.82879639
4.69000006 382.98120117
4.94000006 383.13360596
5.92999983 383.28601074
6.86999989 383.43838501
7.53999996 383.59078979
8.17000008 383.74319458
8.44999981 383.89559937
8.89000034 384.04800415
9.35000038 384.20040894
9.50000000 384.35281372
9.50000000 384.50518799
11.78999996 384.65759277
14.10999966 384.80999756
16.23999977 384.96240234
20.22999954 385.11480713
22.50000000 385.26721191
26.62999916 385.41958618
27.95000076 385.57199097
28.01000023 385.72439575
27.04000092 385.87680054
26.05999947 386.02920532
23.93000031 386.18161011
22.51000023 386.33401489
20.20999908 386.48638916
18.61000061 386.63879395
17.21999931 386.79119873
16.04999924 386.94360352
15.46000004 387.09600830
14.18999958 387.24841309
13.30000019 387.40078735
10.57999992 387.55319214
9.86999989 387.70559692
9.86999989 387.85800171
9.86999989 388.01040649
9.86999989 388.16281128
9.86999989 388.31518555
9.86999989 388.46759033
9.86999989 388.61999512
9.86999989 388.77239990
9.86999989 388.92480469
9.86999989 389.07720947
9.86999989 389.22961426
9.86999989 389.38198853
9.86999989 389.53439331
9.82999992 389.68679810
9.82999992 389.83920288
11.85000038 389.99160767
12.22999954 390.14401245
14.14999962 390.29638672
20.70999908 390.44879150
27.37000084 390.60119629
36.13000107 390.75360107
48.79999924 390.90600586
56.27000046 391.05841064
60.27000046 391.21078491
61.66999817 391.36318970
62.04000092 391.51559448
59.41999817 391.66799927
53.70000076 391.82040405
45.83000183 391.97280884
40.52999878 392.12521362
32.09999847 392.27758789
26.57999992 392.42999268
18.20000076 392.58239746
8.89000034 392.73480225
11.46000004 392.88720703
13.03999996 393.03961182
13.78999996 393.19198608
13.78999996 393.34439087
13.78999996 393.49679565
13.78999996 393.64920044
13.78999996 393.80160522
13.78999996 393.95401001
13.78999996 394.10641479
13.60999966 394.25878906
12.75000000 394.41119385
11.71000004 394.56359863
11.00000000 394.71600342
10.21000004 394.86840820
9.43000031 395.02081299
8.88000011 395.17318726
7.69999981 395.32559204
6.44999981 395.47799683
6.42000008 395.63040161
6.19000006 395.78280640
11.05000019 395.93521118
13.98999977 396.08758545
23.43000031 396.23999023
31.62999916 396.39239502
35.41999817 396.54479980
35.79000092 396.69720459
33.43000031 396.84960938
29.72999954 397.00201416
25.95999908 397.15438843
22.44000053 397.30679321
20.87999916 397.45919800
20.35000038 397.61160278
20.35000038 397.76400757
20.35000038 397.91641235
20.35000038 398.06878662
20.35000038 398.22119141
20.35000038 398.37359619
20.35000038 398.52600098
20.35000038 398.67840576
20.35000038 398.83081055
20.35000038 398.98318481
17.03000069 399.13558960
15.85999966 399.28799438
12.38000011 399.44039917
10.68999958 399.59280396
117.69000244 399.74520874
159.30999756 399.89761353
178.33999634 400.04998779
208.22000122 400.20239258
208.22000122 400.35479736
208.22000122 400.50720215
208.22000122 400.65960693
208.22000122 400.81201172
208.22000122 400.96438599
208.22000122 401.11679077
208.22000122 401.26919556
208.22000122 401.42160034
208.22000122 401.57400513
208.22000122 401.72640991
208.22000122 401.87881470
208.22000122 402.03118896
208.22000122 402.18359375
208.22000122 402.33599854
208.22000122 402.48840332
150.75000000 402.64080811
125.86000061 402.79321289
100.48999786 402.94558716
38.06999969 403.09799194
38.06999969 403.25039673
38.06999969 403.40280151
38.06999969 403.55520630
38.06999969 403.70761108
38.06999969 403.85998535
60.91999817 404.01239014
82.70999908 404.16479492
96.54000092 404.31719971
130.71000671 404.46960449
130.71000671 404.62200928
130.17999268 404.77441406
129.94999695 404.92678833
129.63999939 405.07919312
129.19000244 405.23159790
129.11000061 405.38400269
128.60000610 405.53640747
128.60000610 405.68881226
128.44999695 405.84118652
128.36000061 405.99359131
128.30000305 406.14599609
128.21000671 406.29840088
123.79000092 406.45080566
114.15000153 406.60321045
109.68000031 406.75561523
106.83000183 406.90798950
105.29000092 407.06039429
105.04000092 407.21279907
104.34999847 407.36520386
99.66000366 407.51760864
94.69999695 407.67001343
72.95999908 407.82238770
57.58000183 407.97479248
49.65999985 408.12719727
47.11999893 408.27960205
45.65000153 408.43200684
46.08000183 408.58441162
47.13999939 408.73678589
49.33000183 408.88919067
57.59000015 409.04159546
58.99000168 409.19400024
56.41999817 409.34640503
54.68999863 409.49880981
45.97000122 409.65121460
40.15999985 409.80358887
31.61000061 409.95599365
23.96999931 410.10839844
17.20999908 410.26080322
10.94999981 410.41320801
8.71000004 410.56561279
9.22000027 410.71798706
9.42000008 410.87039185
11.17000008 411.02279663
11.68000031 411.17520142
10.32999992 411.32760620
12.85000038 411.48001099
11.77999973 411.63238525
17.53000069 411.78479004
28.72999954 411.93719482
39.90999985 412.08959961
44.68999863 412.24200439
57.81000137 412.39440918
54.93000031 412.54681396
42.00000000 412.69918823
52.84000015 412.85159302
54.95000076 413.00399780
56.41999817 413.15640259
62.40000153 413.30880737
66.34999847 413.46121216
70.04000092 413.61358643
76.88999939 413.76599121
86.15000153 413.91839600
84.05999756 414.07080078
85.76999664 414.22320557
73.44999695 414.37561035
69.33000183 414.52801514
56.88000107 414.68038940
51.54999924 414.83279419
50.66999817 414.98519897
45.56999969 415.13760376
50.40999985 415.29000854
51.83000183 415.44241333
53.95999908 415.59478760
60.72999954 415.74719238
70.70999908 415.89959717
79.16999817 416.05200195
75.58999634 416.20440674
77.83000183 416.35681152
89.79000092 416.50918579
99.73999786 416.66159058
108.40000153 416.81399536
113.98000336 416.96640015
119.12000275 417.11880493
119.94000244 417.27120972
114.84999847 417.42361450
114.05000305 417.57598877
115.97000122 417.72839355
129.96000671 417.88079834
151.61000061 418.03320312
157.97000122 418.18560791
158.11000061 418.33801270
148.97999573 418.49038696
137.28999329 418.64279175
125.73000336 418.79519653
115.45999908 418.94760132
110.05000305 419.10000610
105.91999817 419.25241089
102.62999725 419.40478516
100.55000305 419.55718994
96.41000366 419.70959473
88.19999695 419.86199951
63.06999969 420.01440430
19.44000053 420.16680908
14.32999992 420.31921387
14.32999992 420.47158813
14.22000027 420.62399292
14.18000031 420.77639771
14.06999969 420.92880249
13.98999977 421.08120728
13.92000008 421.23361206
13.88000011 421.38598633
13.88000011 421.53839111
13.88000011 421.69079590
13.88000011 421.84320068
16.62999916 421.99560547
18.55999947 422.14801025
21.10000038 422.30041504
23.87000084 422.45278931
25.06999969 422.60519409
25.82999992 422.75759888
26.46999931 422.91000366
26.53000069 423.06240845
26.62000084 423.21481323
26.72999954 423.36718750
26.81999969 423.51959229
26.85000038 423.67199707
26.89999962 423.82440186
26.89999962 423.97680664
25.85000038 424.12921143
24.75000000 424.28158569
22.93000031 424.43399048
20.54999924 424.58639526
18.30999947 424.73880005
17.55999947 424.89120483
16.59000015 425.04360962
17.14999962 425.19601440
18.03000069 425.34838867
19.61000061 425.50079346
20.73999977 425.65319824
21.44000053 425.80560303
32.25999832 425.95800781
54.20000076 426.11041260
71.16999817 426.26278687
90.13999939 426.41519165
98.98000336 426.56759644
105.25000000 426.72000122
105.25000000 426.87240601
100.51000214 427.02481079
93.68000031 427.17718506
80.48000336 427.32958984
65.09999847 427.48199463
51.20999908 427.63439941
38.70999908 427.78680420
36.09999847 427.93920898
33.84999847 428.09161377
28.31999969 428.24398804
28.31999969 428.39639282
27.92000008 428.54879761
26.37000084 428.70120239
24.70000076 428.85360718
22.23999977 429.00601196
18.82999992 429.15838623
16.78000069 429.31079102
16.87000084 429.46319580
19.78000069 429.61560059
23.82999992 429.76800537
28.26000023 429.92041016
31.85000038 430.07281494
32.70000076 430.22518921
34.59999847 430.37759399
34.04000092 430.52999878
33.31000137 430.68240356
32.84999847 430.83480835
31.85000038 430.98721313
37.58000183 431.13958740
40.84000015 431.29199219
49.58000183 431.44439697
55.77000046 431.59680176
59.52999878 431.74920654
62.08000183 431.90161133
62.08000183 432.05398560
62.08000183 432.20639038
62.40999985 432.35879517
62.72000122 432.51119995
63.36999893 432.66360474
63.81000137 432.81600952
64.19000244 432.96841431
64.37999725 433.12078857
64.50000000 433.27319336
62.27999878 433.42559814
57.11000061 433.57800293
50.50000000 433.73040771
42.75999832 433.88281250
33.91999817 434.03518677
29.62000084 434.18759155
28.13999939 434.33999634
30.40999985 434.49240112
32.20000076 434.64480591
34.93000031 434.79721069
37.13999939 434.94958496
39.84000015 435.10198975
41.00999832 435.25439453
41.84999847 435.40679932
66.37000275 435.55920410
78.56999969 435.71160889
90.58999634 435.86401367
152.66000366 436.01638794
186.30999756 436.16879272
219.16000366 436.32119751
275.92999268 436.47360229
279.67001343 436.62600708
267.23001099 436.77841187
247.50999451 436.93078613
173.72999573 437.08319092
130.25999451 437.23559570
88.48000336 437.38800049
43.20999908 437.54040527
25.50000000 437.69281006
24.68000031 437.84521484
26.98999977 437.99758911
42.13999939 438.14999390
47.15999985 438.30239868
55.02999878 438.45480347
61.97000122 438.60720825
65.23000336 438.75961304
69.90000153 438.91198730
69.90000153 439.06439209
69.90000153 439.21679688
69.90000153 439.36920166
69.90000153 439.52160645
69.90000153 439.67401123
68.54000092 439.82638550
66.69999695 439.97879028
64.59999847 440.13119507
60.77000046 440.28359985
56.95000076 440.43600464
47.33000183 440.58840942
53.81000137 440.74081421
122.75000000 440.89318848
148.02999878 441.04559326
152.42999268 441.19799805
169.47999573 441.35040283
178.74000549 441.50280762
194.44999695 441.65521240
195.50000000 441.80758667
196.30000305 441.95999146
196.58999634 442.11239624
178.85000610 442.26480103
173.55999756 442.41720581
166.80000305 442.56961060
147.69999695 442.72198486
135.44999695 442.87438965
113.16000366 443.02679443
71.19999695 443.17919922
50.65000153 443.33160400
33.86000061 443.48400879
25.95999908 443.63641357
25.95999908 443.78878784
26.01000023 443.94119263
26.04999924 444.09359741
26.11000061 444.24600220
26.22999954 444.39840698
26.27000046 444.55081177
26.86000061 444.70318604
28.29000092 444.85559082
27.44000053 445.00799561
28.98999977 445.16040039
29.26000023 445.31280518
30.28000069 445.46520996
31.72999954 445.61761475
32.86999893 445.76998901
33.63999939 445.92239380
33.04999924 446.07479858
30.43000031 446.22720337
27.42000008 446.37960815
24.81999969 446.53201294
23.48999977 446.68438721
21.98999977 446.83679199
23.60000038 446.98919678
26.11000061 447.14160156
27.54000092 447.29400635
27.82999992 447.44641113
28.39999962 447.59878540
30.05999947 447.75119019
29.75000000 447.90359497
35.65999985 448.05599976
40.18000031 448.20840454
46.88000107 448.36080933
86.29000092 448.51321411
135.24000549 448.66558838
151.63000488 448.81799316
119.16000366 448.97039795
92.75000000 449.12280273
67.52999878 449.27520752
46.54000092 449.42761230
35.99000168 449.57998657
26.14999962 449.73239136
33.77999878 449.88479614
47.00999832 450.03720093
55.15000153 450.18960571
67.55999756 450.34201050
81.91000366 450.49438477
80.19000244 450.64678955
78.61000061 450.79919434
77.26000214 450.95159912
75.29000092 451.10400391
73.19999695 451.25640869
72.18000031 451.40881348
70.97000122 451.56118774
70.13999939 451.71359253
67.18000031 451.86599731
61.81000137 452.01840210
54.74000168 452.17080688
50.25000000 452.32321167
44.90000153 452.47558594
88.72000122 452.62799072
103.12999725 452.78039551
162.27999878 452.93280029
303.75000000 453.08520508
379.82000732 453.23760986
521.03997803 453.39001465
636.09997559 453.54238892
701.65997314 453.69479370
682.05999756 453.84719849
490.60998535 453.99960327
327.42999268 454.15200806
227.33999634 454.30441284
181.27999878 454.45678711
58.93999863 454.60919189
58.93999863 454.76159668
58.93999863 454.91400146
58.93999863 455.06640625
62.34999847 455.21881104
70.12000275 455.37118530
79.11000061 455.52359009
94.26999664 455.67599487
100.43000031 455.82839966
113.41000366 455.98080444
115.77999878 456.13320923
116.72000122 456.28561401
119.05999756 456.43798828
119.05999756 456.59039307
119.05999756 456.74279785
119.05999756 456.89520264
119.05999756 457.04760742
119.52999878 457.20001221
120.19000244 457.35238647
121.68000031 457.50479126
123.01000214 457.65719604
124.73999786 457.80960083
124.98999786 457.96200562
125.19999695 458.11441040
125.54000092 458.26681519
115.19000244 458.41918945
105.12000275 458.57159424
89.44000244 458.72399902
72.81999969 458.87640381
55.81000137 459.02880859
42.25999832 459.18121338
27.04999924 459.33358765
30.04000092 459.48599243
32.31000137 459.63839722
34.34000015 459.79080200
35.75000000 459.94320679
36.33000183 460.09561157
36.33000183 460.24798584
36.91999817 460.40039062
37.93999863 460.55279541
38.83000183 460.70520020
40.56999969 460.85760498
41.45000076 461.01000977
43.38000107 461.16241455
44.34999847 461.31478882
44.15000153 461.46719360
43.84000015 461.61959839
43.59999847 461.77200317
43.27000046 461.92440796
43.08000183 462.07681274
43.02000046 462.22918701
43.02000046 462.38159180
43.02000046 462.53399658
42.47000122 462.68640137
41.50000000 462.83880615
40.24000168 462.99121094
34.97000122 463.14358521
30.14999962 463.29598999
16.64999962 463.44839478
11.85999966 463.60079956
15.15999985 463.75320435
19.78000069 463.90560913
27.37000084 464.05801392
32.54999924 464.21038818
37.11999893 464.36279297
39.18999863 464.51519775
36.86000061 464.66760254
33.84000015 464.82000732
31.54999924 464.97241211
28.12999916 465.12478638
26.21999931 465.27719116
24.76000023 465.42959595
23.34000015 465.58200073
23.34000015 465.73440552
23.32999992 465.88681030
23.31999969 466.03921509
22.71999931 466.19158936
22.38999939 466.34399414
21.29999924 466.49639893
19.60000038 466.64880371
17.70999908 466.80120850
14.32999992 466.95361328
13.90999985 467.10598755
16.12999916 467.25839233
22.18000031 467.41079712
26.27000046 467.56320190
28.87999916 467.71560669
29.46999931 467.86801147
29.46999931 468.02038574
29.27000046 468.17279053
26.42000008 468.32519531
24.44000053 468.47760010
20.37999916 468.63000488
14.60999966 468.78240967
10.02999973 468.93481445
6.38000011 469.08718872
4.86999989 469.23959351
4.86999989 469.39199829
48.86000061 469.54440308
343.20999146 469.69680786
732.52001953 469.84921265
887.34002686 470.00158691
931.44000244 470.15399170
974.57000732 470.30639648
928.28002930 470.45880127
832.11999512 470.61120605
670.40002441 470.76361084
445.94000244 470.91598511
196.83000183 471.06838989
25.78000069 471.22079468
26.44000053 471.37319946
27.37999916 471.52560425
29.55999947 471.67800903
32.04000092 471.83041382
34.45999908 471.98278809
35.61999893 472.13519287
36.33000183 472.28759766
36.36000061 472.44000244
36.43000031 472.59240723
36.59999847 472.74481201
36.72999954 472.89718628
36.88999939 473.04959106
36.95999908 473.20199585
37.11999893 473.35440063
37.31999969 473.50680542
37.58000183 473.65921021
37.72999954 473.81161499
37.86999893 473.96398926
37.90000153 474.11639404
36.59000015 474.26879883
35.68999863 474.42120361
34.45000076 474.57360840
32.15999985 474.72601318
30.82999992 474.87838745
28.61000061 475.03079224
27.96999931 475.18319702
27.85000038 475.33560181
27.70000076 475.48800659
27.57999992 475.64041138
27.45000076 475.79278564
27.37000084 475.94519043
27.29999924 476.09759521
26.89999962 476.25000000
25.94000053 476.40240479
24.36000061 476.55480957
22.94000053 476.70721436
21.73999977 476.85958862
20.72999954 477.01199341
20.59000015 477.16439819
20.95999908 477.31680298
21.62000084 477.46920776
23.12999916 477.62161255
24.19000053 477.77398682
25.14999962 477.92639160
26.01000023 478.07879639
26.53000069 478.23120117
26.44000053 478.38360596
26.20000076 478.53601074
26.03000069 478.68838501
25.79000092 478.84078979
25.60000038 478.99319458
25.18000031 479.14559937
24.38999939 479.29800415
23.37999916 479.45040894
22.11000061 479.60281372
20.87000084 479.75518799
19.45999908 479.90759277
18.09000015 480.05999756
17.62000084 480.21240234
16.96999931 480.36480713
16.72999954 480.51721191
16.32999992 480.66958618
15.76000023 480.82199097
15.34000015 480.97439575
14.89999962 481.12680054
15.13000011 481.27920532
15.43000031 481.43161011
16.31999969 481.58401489
17.37999916 481.73638916
18.12000084 481.88879395
18.87999916 482.04119873
19.38999939 482.19360352
19.38999939 482.34600830
19.45999908 482.49841309
19.57999992 482.65078735
19.79000092 482.80319214
19.96999931 482.95559692
20.09000015 483.10800171
20.13999939 483.26040649
20.18000031 483.41281128
20.34000015 483.56518555
20.51000023 483.71759033
20.80999947 483.86999512
21.06999969 484.02239990
21.20000076 484.17480469
21.21999931 484.32720947
21.09000015 484.47961426
20.06999969 484.63198853
19.18000031 484.78439331
18.31999969 484.93679810
17.40999985 485.08920288
17.25000000 485.24160767
17.04999924 485.39401245
19.54999924 485.54638672
22.05999947 485.69879150
24.02000046 485.85119629
26.04000092 486.00360107
28.22999954 486.15600586
29.79000092 486.30841064
31.60000038 486.46078491
34.90999985 486.61318970
37.29999924 486.76559448
39.47000122 486.91799927
40.68000031 487.07040405
38.63000107 487.22280884
36.16999817 487.37521362
33.47000122 487.52758789
31.54999924 487.67999268
30.71999931 487.83239746
31.38999939 487.98480225
33.40999985 488.13720703
35.09000015 488.28961182
37.02000046 488.44198608
38.02999878 488.59439087
39.29999924 488.74679565
39.29999924 488.89920044
38.31999969 489.05160522
37.81999969 489.20401001
36.61999893 489.35641479
35.38999939 489.50878906
34.06999969 489.66119385
33.81999969 489.81359863
33.25000000 489.96600342
32.59999847 490.11840820
31.76000023 490.27081299
30.61000061 490.42318726
29.77000046 490.57559204
28.75000000 490.72799683
28.37000084 490.88040161
28.02000046 491.03280640
26.88999939 491.18521118
26.20000076 491.33758545
24.89999962 491.48999023
23.40999985 491.64239502
22.54999924 491.79479980
21.29000092 491.94720459
20.96999931 492.09960938
20.86000061 492.25201416
20.71999931 492.40438843
20.56999969 492.55679321
20.40999985 492.70919800
20.29999924 492.86160278
20.22999954 493.01400757
20.17000008 493.16641235
20.06999969 493.31878662
19.98999977 493.47119141
19.81999969 493.62359619
19.63999939 493.77600098
19.56999969 493.92840576
19.45000076 494.08081055
19.01000023 494.23318481
18.61000061 494.38558960
18.09000015 494.53799438
17.56999969 494.69039917
17.20999908 494.84280396
16.98999977 494.99520874
16.71999931 495.14761353
16.37999916 495.29998779
14.71000004 495.45239258
13.80000019 495.60479736
12.50000000 495.75720215
11.34000015 495.90960693
10.42000008 496.06201172
9.27999973 496.21438599
8.85999966 496.36679077
8.85999966 496.51919556
8.85999966 496.67160034
8.85999966 496.82400513
8.85999966 496.97640991
8.85999966 497.12881470
8.85999966 497.28118896
8.27999973 497.43359375
7.69000006 497.58599854
7.11999989 497.73840332
6.65000010 497.89080811
6.17999983 498.04321289
11.43000031 498.19558716
18.13999939 498.34799194
45.45999908 498.50039673
104.79000092 498.65280151
305.27999878 498.80520630
314.79000854 498.95761108
332.55999756 499.10998535
342.17001343 499.26239014
342.17001343 499.41479492
342.17001343 499.56719971
311.91000366 499.71960449
275.97000122 499.87200928
223.66000366 500.02441406
151.03999329 500.17678833
103.55000305 500.32919312
88.41999817 500.48159790
60.90000153 500.63400269
59.61999893 500.78640747
55.90999985 500.93881226
53.25000000 501.09118652
51.61999893 501.24359131
48.84999847 501.39599609
48.58000183 501.54840088
48.40000153 501.70080566
48.02000046 501.85321045
47.75999832 502.00561523
47.22999954 502.15798950
46.79999924 502.31039429
46.79999924 502.46279907
46.33000183 502.61520386
46.11000061 502.76760864
45.11999893 502.92001343
44.68000031 503.07238770
44.22999954 503.22479248
43.97999954 503.37719727
43.97999954 503.52960205
43.97999954 503.68200684
45.59999847 503.83441162
46.97999954 503.98678589
48.70999908 504.13919067
48.97999954 504.29159546
49.45999908 504.44400024
49.45999908 504.59640503
48.63999939 504.74880981
47.70999908 504.90121460
45.79000092 505.05358887
44.58000183 505.20599365
43.88999939 505.35839844
43.54000092 505.51080322
44.15999985 505.66320801
45.75999832 505.81561279
46.56999969 505.96798706
48.50000000 506.12039185
49.50999832 506.27279663
49.65000153 506.42520142
50.22999954 506.57760620
50.04000092 506.73001099
49.66999817 506.88238525
49.43999863 507.03479004
49.06000137 507.18719482
49.08000183 507.33959961
49.08000183 507.49200439
49.04999924 507.64440918
50.18000031 507.79681396
50.84999847 507.94918823
51.77000046 508.10159302
52.86000061 508.25399780
52.34000015 508.40640259
51.29000092 508.55880737
50.47999954 508.71121216
49.43999863 508.86358643
48.36999893 509.01599121
47.68000031 509.16839600
47.41999817 509.32080078
46.84000015 509.47320557
46.20000076 509.62561035
45.97000122 509.77801514
45.31000137 509.93038940
44.36000061 510.08279419
44.18999863 510.23519897
43.34000015 510.38760376
43.34000015 510.54000854
43.54000092 510.69241333
43.72999954 510.84478760
43.99000168 510.99719238
44.24000168 511.14959717
44.59000015 511.30200195
45.47999954 511.45440674
46.31000137 511.60681152
47.20999908 511.75918579
48.47000122 511.91159058
49.27000046 512.06402588
50.11999893 512.21636963
51.84000015 512.36877441
51.84000015 512.52117920
51.84000015 512.67358398
51.40000153 512.82598877
50.11000061 512.97839355
49.27000046 513.13079834
48.06000137 513.28320312
46.59999847 513.43560791
46.02999878 513.58801270
45.81000137 513.74041748
45.63000107 513.89282227
45.36999893 514.04522705
44.95000076 514.19757080
44.77000046 514.34997559
45.25999832 514.50238037
45.31000137 514.65478516
45.72000122 514.80718994
46.43999863 514.95959473
47.59000015 515.11199951
48.11999893 515.26440430
48.56999969 515.41680908
49.50999832 515.56921387
49.65000153 515.72161865
49.75000000 515.87402344
49.90999985 516.02642822
49.95999908 516.17877197
50.11999893 516.33117676
50.13999939 516.48358154
50.27000046 516.63598633
49.86999893 516.78839111
49.47000122 516.94079590
48.86000061 517.09320068
48.40999985 517.24560547
47.95999908 517.39801025
47.47000122 517.55041504
47.20000076 517.70281982
46.88000107 517.85522461
46.43999863 518.00762939
45.97000122 518.15997314
45.45999908 518.31237793
45.11999893 518.46478271
45.29999924 518.61718750
45.84000015 518.76959229
46.84000015 518.92199707
48.04999924 519.07440186
48.45999908 519.22680664
49.63000107 519.37921143
49.63000107 519.53161621
49.52999878 519.68402100
49.31000137 519.83642578
49.06999969 519.98876953
48.90000153 520.14117432
48.68000031 520.29357910
48.47000122 520.44598389
48.47000122 520.59838867
48.88999939 520.75079346
49.49000168 520.90319824
50.22000122 521.05560303
51.24000168 521.20800781
52.22999954 521.36041260
52.22999954 521.51281738
52.22999954 521.66522217
51.65999985 521.81762695
50.83000183 521.96997070
49.20999908 522.12237549
47.90999985 522.27478027
47.02000046 522.42718506
46.00999832 522.57958984
45.40999985 522.73199463
45.31000137 522.88439941
45.08000183 523.03680420
44.95999908 523.18920898
44.68000031 523.34161377
44.47999954 523.49401855
44.16999817 523.64642334
44.20000076 523.79882812
44.27999878 523.95117188
44.40000153 524.10357666
44.91999817 524.25598145
45.22999954 524.40838623
45.75000000 524.56079102
46.20999908 524.71319580
46.43000031 524.86560059
46.43000031 525.01800537
46.43000031 525.17041016
46.43000031 525.32281494
44.63000107 525.47521973
42.36000061 525.62762451
38.06000137 525.78002930
35.56000137 525.93237305
33.41999817 526.08477783
31.76000023 526.23718262
29.09000015 526.38958740
27.78000069 526.54199219
27.78000069 526.69439697
27.96999931 526.84680176
28.06999969 526.99920654
28.26000023 527.15161133
28.90999985 527.30401611
30.15999985 527.45642090
31.77000046 527.60882568
32.50999832 527.76123047
33.79999924 527.91357422
35.34000015 528.06597900
35.81000137 528.21838379
38.04999924 528.37078857
41.52000046 528.52319336
44.04999924 528.67559814
46.88000107 528.82800293
49.50000000 528.98040771
51.06000137 529.13281250
51.06000137 529.28521729
49.63000107 529.43762207
48.61999893 529.59002686
47.77000046 529.74237061
46.77000046 529.89477539
46.50000000 530.04718018
46.02999878 530.19958496
45.58000183 530.35198975
45.40000153 530.50439453
45.25999832 530.65679932
45.09000015 530.80920410
44.97000122 530.96160889
45.31999969 531.11401367
45.52000046 531.26641846
46.02000046 531.41882324
46.68999863 531.57122803
47.00999832 531.72357178
47.50999832 531.87597656
48.49000168 532.02838135
48.56999969 532.18078613
48.90000153 532.33319092
48.59999847 532.48559570
48.43000031 532.63800049
48.04999924 532.79040527
47.79999924 532.94281006
47.43000031 533.09521484
47.27999878 533.24761963
47.20999908 533.40002441
47.15000153 533.55242920
47.06999969 533.70477295
47.02999878 533.85717773
46.99000168 534.00958252
46.99000168 534.16198730
46.83000183 534.31439209
46.65999985 534.46679688
46.43999863 534.61920166
46.22000122 534.77160645
46.00999832 534.92401123
46.00000000 535.07641602
46.50999832 535.22882080
46.75999832 535.38122559
47.47000122 535.53363037
47.88000107 535.68597412
48.33000183 535.83837891
49.47000122 535.99078369
49.47000122 536.14318848
49.36999893 536.29559326
49.34999847 536.44799805
49.27000046 536.60040283
49.13000107 536.75280762
49.04999924 536.90521240
48.84000015 537.05761719
48.63999939 537.21002197
48.50999832 537.36242676
48.38000107 537.51477051
48.00000000 537.66717529
47.79000092 537.81958008
47.43000031 537.97198486
47.16999817 538.12438965
47.25000000 538.27679443
47.29000092 538.42919922
47.38999939 538.58160400
47.47999954 538.73400879
47.63999939 538.88641357
47.72999954 539.03881836
47.81000137 539.19122314
47.99000168 539.34362793
48.27000046 539.49597168
48.50999832 539.64837646
49.02000046 539.80078125
49.63000107 539.95318604
49.63000107 540.10559082
49.63000107 540.25799561
48.97999954 540.41040039
48.75000000 540.56280518
47.11999893 540.71520996
46.63000107 540.86761475
45.70999908 541.02001953
45.02000046 541.17242432
45.00000000 541.32482910
44.72999954 541.47717285
44.99000168 541.62957764
45.15999985 541.78198242
45.43999863 541.93438721
45.65000153 542.08679199
45.81999969 542.23919678
45.81999969 542.39160156
46.24000168 542.54400635
46.52000046 542.69641113
46.86000061 542.84881592
47.29999924 543.00122070
47.59000015 543.15362549
47.70000076 543.30603027
47.75999832 543.45837402
47.91999817 543.61077881
47.90999985 543.76318359
47.90999985 543.91558838
47.68999863 544.06799316
47.59999847 544.22039795
47.38000107 544.37280273
47.20999908 544.52520752
47.04000092 544.67761230
46.88999939 544.83001709
46.68999863 544.98242188
46.54000092 545.13482666
46.36000061 545.28717041
47.09999847 545.43957520
47.91999817 545.59197998
48.54999924 545.74438477
49.08000183 545.89678955
49.63000107 546.04919434
49.63000107 546.20159912
49.45000076 546.35400391
49.29000092 546.50640869
49.20999908 546.65881348
49.04999924 546.81121826
48.91999817 546.96362305
48.84999847 547.11602783
48.74000168 547.26837158
48.38999939 547.42077637
48.08000183 547.57318115
47.74000168 547.72558594
47.20999908 547.87799072
46.88000107 548.03039551
46.63999939 548.18280029
46.43000031 548.33520508
46.41999817 548.48760986
46.36999893 548.64001465
46.27999878 548.79241943
46.22999954 548.94482422
46.15999985 549.09722900
46.11000061 549.24957275
46.06999969 549.40197754
46.06999969 549.55438232
46.31999969 549.70678711
46.79000092 549.85919189
47.11000061 550.01159668
47.68000031 550.16400146
48.13000107 550.31640625
48.29999924 550.46881104
48.20999908 550.62121582
48.06000137 550.77362061
47.77999878 550.92602539
47.52999878 551.07843018
47.27000046 551.23077393
47.09999847 551.38317871
47.22999954 551.53558350
47.52999878 551.68798828
47.86000061 551.84039307
48.25000000 551.99279785
48.66999817 552.14520264
49.04999924 552.29760742
49.43000031 552.45001221
49.08000183 552.60241699
48.90999985 552.75482178
48.34000015 552.90722656
47.52999878 553.05957031
46.90999985 553.21197510
46.33000183 553.36437988
46.22999954 553.51678467
45.86999893 553.66918945
46.59000015 553.82159424
47.11000061 553.97399902
47.77000046 554.12640381
48.18999863 554.27880859
48.36000061 554.43121338
48.43000031 554.58361816
48.43000031 554.73602295
48.43000031 554.88842773
48.43000031 555.04077148
48.43000031 555.19317627
48.43000031 555.34558105
48.43000031 555.49798584
48.43000031 555.65039062
46.34000015 555.80279541
43.50000000 555.95520020
35.63999939 556.10760498
25.90999985 556.26000977
16.62000084 556.41241455
14.36999989 556.56481934
14.98999977 556.71722412
15.51000023 556.86962891
15.81999969 557.02197266
18.42000008 557.17437744
22.27000046 557.32678223
27.22999954 557.47918701
35.20000076 557.63159180
42.11999893 557.78399658
46.93999863 557.93640137
50.41999817 558.08880615
50.24000168 558.24121094
49.81000137 558.39361572
49.47000122 558.54602051
49.15999985 558.69842529
49.02000046 558.85083008
48.63000107 559.00317383
48.18999863 559.15557861
47.99000168 559.30798340
47.59999847 559.46038818
47.41999817 559.61279297
47.29000092 559.76519775
47.20999908 559.91760254
47.15999985 560.07000732
47.47999954 560.22241211
47.65000153 560.37481689
48.25000000 560.52722168
49.59000015 560.67962646
50.50000000 560.83197021
49.65000153 560.98437500
49.34000015 561.13677979
48.54999924 561.28918457
48.16999817 561.44158936
47.00000000 561.59399414
46.81000137 561.74639893
46.40999985 561.89880371
46.72999954 562.05120850
47.16999817 562.20361328
47.79999924 562.35601807
48.38000107 562.50842285
48.70000076 562.66082764
48.93999863 562.81317139
48.52999878 562.96557617
47.97000122 563.11798096
47.04000092 563.27038574
46.11999893 563.42279053
45.11000061 563.57519531
44.90999985 563.72760010
44.45000076 563.88000488
46.34999847 564.03240967
47.43000031 564.18481445
49.90000153 564.33721924
52.41999817 564.48962402
53.65000153 564.64202881
54.43999863 564.79437256
54.22000122 564.94677734
53.83000183 565.09918213
53.50999832 565.25158691
52.56999969 565.40399170
50.77000046 565.55639648
49.38000107 565.70880127
48.45999908 565.86120605
48.61999893 566.01361084
48.68999863 566.16601562
48.90000153 566.31842041
49.13999939 566.47082520
49.22999954 566.62322998
48.97999954 566.77557373
48.38000107 566.92797852
47.99000168 567.08038330
47.20000076 567.23278809
46.54999924 567.38519287
45.86000061 567.53759766
45.41999817 567.69000244
45.38000107 567.84240723
45.79000092 567.99481201
46.38999939 568.14721680
46.84000015 568.29962158
47.65999985 568.45202637
47.86000061 568.60437012
47.81999969 568.75677490
47.79000092 568.90917969
47.65000153 569.06158447
47.54999924 569.21398926
47.20999908 569.36639404
46.70000076 569.51879883
46.43000031 569.67120361
46.22999954 569.82360840
46.22999954 569.97601318
46.81000137 570.12841797
47.59000015 570.28082275
48.24000168 570.43322754
48.88000107 570.58557129
49.13999939 570.73797607
48.90000153 570.89038086
48.77999878 571.04278564
48.20999908 571.19519043
47.70999908 571.34759521
47.13000107 571.50000000
46.83000183 571.65240479
46.29999924 571.80480957
46.33000183 571.95721436
46.36999893 572.10961914
46.40000153 572.26202393
46.47999954 572.41442871
46.52000046 572.56677246
46.56999969 572.71917725
46.59999847 572.87158203
46.59999847 573.02398682
46.61999893 573.17639160
46.65000153 573.32879639
46.68000031 573.48120117
46.70999908 573.63360596
46.72999954 573.78601074
46.75999832 573.93841553
47.47000122 574.09082031
48.15000153 574.24322510
48.90999985 574.39562988
49.77000046 574.54797363
50.25999832 574.70037842
50.38000107 574.85278320
50.47000122 575.00518799
50.47999954 575.15759277
49.74000168 575.30999756
49.31999969 575.46240234
48.59000015 575.61480713
48.29000092 575.76721191
48.15000153 575.91961670
47.59000015 576.07202148
47.20999908 576.22442627
46.40999985 576.37677002
45.72000122 576.52917480
44.99000168 576.68157959
44.29999924 576.83398438
43.90999985 576.98638916
44.54000092 577.13879395
45.61000061 577.29119873
47.95000076 577.44360352
49.43000031 577.59600830
50.83000183 577.74841309
51.95000076 577.90081787
52.02999878 578.05322266
52.20999908 578.20562744
51.74000168 578.35797119
51.18000031 578.51037598
50.49000168 578.66278076
50.31999969 578.81518555
50.16999817 578.96759033
50.11999893 579.11999512
48.52999878 579.27239990
47.29000092 579.42480469
45.90999985 579.57720947
43.45000076 579.72961426
43.22999954 579.88201904
42.70000076 580.03442383
42.91999817 580.18682861
43.33000183 580.33917236
43.95000076 580.49157715
44.34000015 580.64398193
45.86999893 580.79638672
45.86999893 580.94879150
46.31999969 581.10119629
46.45000076 581.25360107
47.33000183 581.40600586
48.15999985 581.55841064
49.13000107 581.71081543
49.84000015 581.86322021
50.27000046 582.01562500
50.27000046 582.16802979
49.59999847 582.32037354
49.09000015 582.47277832
48.29999924 582.62518311
47.56000137 582.77758789
47.15999985 582.92999268
46.79999924 583.08239746
46.79999924 583.23480225
46.79999924 583.38720703
46.79999924 583.53961182
45.79999924 583.69201660
44.15999985 583.84442139
39.58000183 583.99682617
32.93000031 584.14916992
28.03000069 584.30157471
24.95000076 584.45397949
19.52000046 584.60638428
23.80999947 584.75878906
31.48999977 584.91119385
39.09999847 585.06359863
42.79000092 585.21600342
44.25999832 585.36840820
47.18000031 585.52081299
47.90000153 585.67321777
48.72999954 585.82562256
49.65000153 585.97802734
50.22000122 586.13037109
50.22000122 586.28277588
50.22000122 586.43518066
48.99000168 586.58758545
48.15999985 586.73999023
46.50000000 586.89239502
45.65000153 587.04479980
45.65000153 587.19720459
45.90999985 587.34960938
46.52999878 587.50201416
47.29999924 587.65441895
48.38999939 587.80682373
48.54000092 587.95922852
48.77999878 588.11157227
48.70999908 588.26397705
48.54999924 588.41638184
48.38999939 588.56878662
48.18999863 588.72119141
48.02000046 588.87359619
47.91999817 589.02600098
47.84000015 589.17840576
47.65000153 589.33081055
47.49000168 589.48321533
47.38999939 589.63562012
47.18000031 589.78802490
47.06000137 589.94042969
46.88000107 590.09277344
46.86999893 590.24517822
46.95000076 590.39758301
47.31999969 590.54998779
47.47000122 590.70239258
47.77999878 590.85479736
47.91999817 591.00720215
48.18999863 591.15960693
48.40999985 591.31201172
48.91999817 591.46441650
49.36000061 591.61682129
49.68000031 591.76922607
50.08000183 591.92156982
50.08000183 592.07397461
50.08000183 592.22637939
49.63999939 592.37878418
48.90000153 592.53118896
47.77000046 592.68359375
46.90999985 592.83599854
45.77000046 592.98840332
45.40000153 593.14080811
45.40000153 593.29321289
45.40000153 593.44561768
45.79999924 593.59802246
46.04000092 593.75042725
46.31999969 593.90277100
46.59999847 594.05517578
46.63999939 594.20758057
47.31999969 594.35998535
48.61000061 594.51239014
49.74000168 594.66479492
51.24000168 594.81719971
52.06999969 594.96960449
52.70000076 595.12200928
53.16999817 595.27441406
52.04999924 595.42681885
51.38000107 595.57922363
47.40000153 595.73162842
45.31000137 595.88397217
44.84999847 596.03637695
45.72000122 596.18878174
46.38000107 596.34118652
47.99000168 596.49359131
49.66999817 596.64599609
51.20999908 596.79840088
52.13000107 596.95080566
50.97000122 597.10321045
51.70999908 597.25561523
50.45000076 597.40802002
48.93999863 597.56042480
47.00000000 597.71282959
45.36999893 597.86517334
44.11000061 598.01757812
44.58000183 598.16998291
44.00000000 598.32238770
44.65999985 598.47479248
46.06000137 598.62719727
46.43000031 598.77960205
46.90999985 598.93200684
47.20000076 599.08441162
47.36999893 599.23681641
48.02999878 599.38922119
48.22999954 599.54162598
48.45999908 599.69396973
48.54000092 599.84637451
48.61999893 599.99877930
48.72000122 600.15118408
48.59000015 600.30358887
48.47999954 600.45599365
48.27999878 600.60839844
48.16999817 600.76080322
48.04999924 600.91320801
47.81000137 601.06561279
47.81000137 601.21801758
47.93999863 601.37042236
48.15999985 601.52282715
48.38000107 601.67517090
48.70999908 601.82757568
49.00000000 601.97998047
49.15999985 602.13238525
49.13999939 602.28479004
48.79000092 602.43719482
48.43999863 602.58959961
48.15999985 602.74200439
47.59000015 602.89440918
47.50999832 603.04681396
47.47000122 603.19921875
47.25000000 603.35162354
47.09000015 603.50402832
46.95999908 603.65637207
46.65999985 603.80877686
46.47999954 603.96118164
46.27000046 604.11358643
46.27000046 604.26599121
46.27000046 604.41839600
46.68999863 604.57080078
47.02999878 604.72320557
47.70999908 604.87561035
48.20999908 605.02801514
48.31000137 605.18041992
48.45000076 605.33282471
47.93999863 605.48522949
47.72999954 605.63757324
47.40000153 605.78997803
46.86999893 605.94238281
46.49000168 606.09478760
46.36000061 606.24719238
46.13000107 606.39959717
46.13000107 606.55200195
46.00000000 606.70440674
45.86999893 606.85681152
45.61000061 607.00921631
45.41999817 607.16162109
45.95999908 607.31402588
46.15999985 607.46636963
47.36999893 607.61877441
49.24000168 607.77117920
50.56000137 607.92358398
51.95000076 608.07598877
52.52000046 608.22839355
52.52000046 608.38079834
51.90999985 608.53320312
50.11999893 608.68560791
48.52000046 608.83801270
46.83000183 608.99041748
46.38999939 609.14282227
46.13000107 609.29522705
45.68999863 609.44757080
45.79000092 609.59997559
45.90999985 609.75238037
46.11000061 609.90478516
46.29999924 610.05718994
46.52999878 610.20959473
46.52999878 610.36199951
46.52999878 610.51440430
46.36999893 610.66680908
46.20000076 610.81921387
45.74000168 610.97161865
45.36000061 611.12402344
45.08000183 611.27642822
44.86999893 611.42877197
44.86999893 611.58117676
44.86999893 611.73358154
44.86999893 611.88598633
44.86999893 612.03839111
44.86999893 612.19079590
44.86999893 612.34320068
44.86999893 612.49560547
44.70999908 612.64801025
44.59999847 612.80041504
43.65999985 612.95281982
42.61999893 613.10522461
41.34999847 613.25762939
39.56000137 613.40997314
39.25999832 613.56237793
38.38999939 613.71478271
38.38000107 613.86718750
38.52999878 614.01959229
38.91999817 614.17199707
39.31000137 614.32440186
39.68999863 614.47680664
39.68999863 614.62921143
39.50000000 614.78161621
39.22000122 614.93402100
38.74000168 615.08642578
38.15000153 615.23876953
37.49000168 615.39117432
37.20000076 615.54357910
37.02999878 615.69598389
37.20000076 615.84838867
37.43999863 616.00079346
37.68000031 616.15319824
37.93000031 616.30560303
38.18999863 616.45800781
38.27999878 616.61041260
38.13000107 616.76281738
38.06999969 616.91522217
37.88999939 617.06762695
37.65000153 617.21997070
37.38999939 617.37237549
37.22000122 617.52478027
37.36000061 617.67718506
37.45999908 617.82958984
37.75000000 617.98199463
38.02999878 618.13439941
38.34999847 618.28680420
38.65999985 618.43920898
38.70999908 618.59161377
38.77999878 618.74401855
38.90000153 618.89642334
38.99000168 619.04882812
38.90000153 619.20117188
38.88000107 619.35357666
38.84999847 619.50598145
38.72000122 619.65838623
38.83000183 619.81079102
38.33000183 619.96319580
37.90999985 620.11560059
37.59999847 620.26800537
36.08000183 620.42041016
35.45000076 620.57281494
35.45000076 620.72521973
35.45000076 620.87762451
36.00000000 621.03002930
36.84000015 621.18237305
38.36000061 621.33477783
39.63999939 621.48718262
41.08000183 621.63958740
41.59000015 621.79199219
42.41999817 621.94439697
43.36000061 622.09680176
44.33000183 622.24920654
45.20000076 622.40161133
45.91999817 622.55401611
46.06000137 622.70642090
46.25000000 622.85882568
46.54000092 623.01123047
46.81999969 623.16357422
47.04000092 623.31597900
47.33000183 623.46838379
47.33000183 623.62078857
47.72000122 623.77319336
48.50999832 623.92559814
49.25000000 624.07800293
50.11000061 624.23040771
50.95999908 624.38281250
51.52999878 624.53521729
51.56999969 624.68762207
50.63000107 624.84002686
49.70999908 624.99237061
48.72000122 625.14477539
48.31999969 625.29718018
47.54999924 625.44958496
47.31999969 625.60198975
47.15999985 625.75439453
46.93999863 625.90679932
46.38000107 626.05920410
45.68000031 626.21160889
45.43000031 626.36401367
45.08000183 626.51641846
44.86999893 626.66882324
44.86999893 626.82122803
44.91999817 626.97357178
44.95000076 627.12597656
45.02999878 627.27838135
45.04999924 627.43078613
45.09000015 627.58319092
45.70000076 627.73559570
46.43999863 627.88800049
47.45999908 628.04040527
48.95999908 628.19281006
50.36999893 628.34521484
51.22000122 628.49761963
52.63999939 628.65002441
51.68999863 628.80242920
50.47000122 628.95477295
50.11999893 629.10717773
48.25000000 629.25958252
47.45999908 629.41198730
46.50999832 629.56439209
45.34999847 629.71679688
45.11000061 629.86920166
44.79999924 630.02160645
45.41999817 630.17401123
46.13999939 630.32641602
46.68000031 630.47882080
47.22000122 630.63122559
47.56000137 630.78363037
47.59999847 630.93597412
47.65000153 631.08837891
47.72000122 631.24078369
47.77000046 631.39318848
47.79000092 631.54559326
47.84999847 631.69799805
48.20999908 631.85040283
48.59999847 632.00280762
49.04000092 632.15521240
49.34000015 632.30761719
49.90000153 632.46002197
50.27000046 632.61242676
50.40999985 632.76477051
50.70999908 632.91717529
50.31000137 633.06958008
50.15999985 633.22198486
48.81000137 633.37438965
48.00000000 633.52679443
47.36000061 633.67919922
46.79000092 633.83160400
46.40000153 633.98400879
46.70000076 634.13641357
46.84000015 634.28881836
47.13999939 634.44122314
47.31000137 634.59362793
47.56000137 634.74597168
47.40000153 634.89837646
47.24000168 635.05078125
46.66999817 635.20318604
46.34000015 635.35559082
46.04999924 635.50799561
45.45999908 635.66040039
45.36000061 635.81280518
45.25999832 635.96520996
45.13000107 636.11761475
45.40999985 636.27001953
46.09000015 636.42242432
46.84999847 636.57482910
47.34000015 636.72717285
47.88000107 636.87957764
47.88000107 637.03198242
47.81000137 637.18438721
47.70000076 637.33679199
47.50999832 637.48919678
47.29999924 637.64160156
47.24000168 637.79400635
47.20999908 637.94641113
47.13999939 638.09881592
47.13999939 638.25122070
46.59999847 638.40362549
46.31000137 638.55603027
45.77999878 638.70837402
45.63999939 638.86077881
45.56999969 639.01318359
45.56999969 639.16558838
45.56999969 639.31799316
45.56999969 639.47039795
45.56999969 639.62280273
45.56999969 639.77520752
45.56999969 639.92761230
45.65999985 640.08001709
45.75000000 640.23242188
46.04999924 640.38482666
46.63999939 640.53717041
46.81000137 640.68957520
47.02999878 640.84197998
43.38999939 640.99438477
39.27000046 641.14678955
34.84999847 641.29919434
31.07999992 641.45159912
29.89999962 641.60400391
33.15999985 641.75640869
36.13000107 641.90881348
38.90000153 642.06121826
42.27999878 642.21362305
45.66999817 642.36602783
47.50999832 642.51837158
47.70000076 642.67077637
47.99000168 642.82318115
48.15999985 642.97558594
48.47000122 643.12799072
48.52000046 643.28039551
49.06000137 643.43280029
49.20999908 643.58520508
49.66999817 643.73760986
50.15999985 643.89001465
50.49000168 644.04241943
50.74000168 644.19482422
50.91999817 644.34722900
50.43000031 644.49957275
50.02000046 644.65197754
49.61000061 644.80438232
48.93000031 644.95678711
48.50000000 645.10919189
48.02000046 645.26159668
47.95000076 645.41400146
47.84000015 645.56640625
47.63000107 645.71881104
47.47000122 645.87121582
47.29000092 646.02362061
47.22999954 646.17602539
47.22999954 646.32843018
47.22999954 646.48077393
46.59000015 646.63317871
46.25999832 646.78558350
45.43000031 646.93798828
44.91999817 647.09039307
44.79999924 647.24279785
44.66999817 647.39520264
44.45999908 647.54760742
45.47000122 647.70001221
45.79000092 647.85241699
47.25999832 648.00482178
48.25000000 648.15722656
48.90999985 648.30957031
49.49000168 648.46197510
49.40999985 648.61437988
48.63999939 648.76678467
47.81000137 648.91918945
46.70999908 649.07159424
45.88999939 649.22399902
45.86000061 649.37640381
45.83000183 649.52880859
45.77000046 649.68121338
45.72000122 649.83361816
45.65999985 649.98602295
45.77999878 650.13842773
45.83000183 650.29077148
45.88999939 650.44317627
46.24000168 650.59558105
46.50000000 650.74798584
46.91999817 650.90039062
47.52000046 651.05279541
47.74000168 651.20520020
47.61999893 651.35760498
47.52000046 651.51000977
47.40000153 651.66241455
47.27999878 651.81481934
47.15999985 651.96722412
47.25999832 652.11962891
47.27999878 652.27197266
47.36999893 652.42437744
47.70000076 652.57678223
48.02999878 652.72918701
48.59999847 652.88159180
48.90000153 653.03399658
48.95999908 653.18640137
48.63000107 653.33880615
48.36999893 653.49121094
47.95000076 653.64361572
47.29999924 653.79602051
47.00000000 653.94842529
46.75999832 654.10083008
46.75999832 654.25317383
46.75999832 654.40557861
46.52999878 654.55798340
46.33000183 654.71038818
45.97999954 654.86279297
45.81000137 655.01519775
45.70000076 655.16760254
45.61000061 655.32000732
46.79999924 655.47241211
48.16999817 655.62481689
49.02999878 655.77722168
50.43000031 655.92962646
50.59999847 656.08197021
50.59999847 656.23437500
51.79999924 656.38677979
50.43000031 656.53918457
49.27999878 656.69158936
48.97999954 656.84399414
48.31000137 656.99639893
47.93000031 657.14880371
47.41999817 657.30120850
47.20999908 657.45361328
46.88000107 657.60601807
46.90999985 657.75842285
46.97999954 657.91082764
47.09999847 658.06317139
47.13999939 658.21557617
47.16999817 658.36798096
47.22999954 658.52038574
47.54000092 658.67279053
48.22999954 658.82519531
48.79999924 658.97760010
49.31999969 659.13000488
49.61000061 659.28240967
49.72000122 659.43481445
49.61000061 659.58721924
49.47000122 659.73962402
49.22000122 659.89202881
49.04999924 660.04437256
48.43000031 660.19677734
48.29999924 660.34918213
47.97000122 660.50158691
47.90999985 660.65399170
47.38000107 660.80639648
46.68999863 660.95880127
45.90999985 661.11120605
45.54000092 661.26361084
45.38999939 661.41601562
44.97000122 661.56842041
44.97000122 661.72082520
45.29999924 661.87322998
45.65000153 662.02557373
46.08000183 662.17797852
46.70000076 662.33038330
47.08000183 662.48278809
47.54999924 662.63519287
47.74000168 662.78759766
48.02000046 662.94000244
48.54999924 663.09240723
48.97000122 663.24481201
49.36999893 663.39721680
49.56999969 663.54962158
49.72000122 663.70202637
49.72000122 663.85437012
49.72000122 664.00677490
49.72000122 664.15917969
45.59000015 664.31158447
42.81000137 664.46398926
42.81000137 664.61639404
43.95000076 664.76879883
46.18999863 664.92120361
48.47000122 665.07360840
50.86000061 665.22601318
52.47000122 665.37841797
52.47000122 665.53082275
51.75000000 665.68322754
49.95000076 665.83557129
48.20000076 665.98797607
46.74000168 666.14038086
45.56000137 666.29278564
45.31000137 666.44519043
45.15999985 666.59759521
44.22999954 666.75000000
45.25999832 666.90240479
45.90000153 667.05480957
46.22999954 667.20721436
46.43000031 667.35961914
46.63999939 667.51202393
46.75999832 667.66442871
47.04999924 667.81677246
47.04999924 667.96917725
47.04999924 668.12158203
46.04999924 668.27398682
40.59000015 668.42639160
38.49000168 668.57879639
33.79999924 668.73120117
29.34000015 668.88360596
24.97999954 669.03601074
19.02000046 669.18841553
17.84000015 669.34082031
20.06999969 669.49322510
21.52000046 669.64562988
25.54000092 669.79797363
30.35000038 669.95037842
33.68999863 670.10278320
37.29000092 670.25518799
39.24000168 670.40759277
42.61000061 670.55999756
41.49000168 670.71240234
41.33000183 670.86480713
46.50999832 671.01721191
46.50999832 671.16961670
46.50999832 671.32202148
46.50999832 671.47442627
46.88999939 671.62677002
47.27000046 671.77917480
48.15000153 671.93157959
48.72999954 672.08398438
49.45999908 672.23638916
50.02000046 672.38879395
50.09000015 672.54119873
49.97000122 672.69360352
49.68000031 672.84600830
49.25000000 672.99841309
48.86000061 673.15081787
48.72000122 673.30322266
48.74000168 673.45562744
48.77999878 673.60797119
48.99000168 673.76037598
49.13999939 673.91278076
49.34999847 674.06518555
49.49000168 674.21759033
49.59000015 674.36999512
49.33000183 674.52239990
48.95999908 674.67480469
48.22000122 674.82720947
47.40999985 674.97961426
46.91999817 675.13201904
46.54999924 675.28442383
46.27000046 675.43682861
46.59999847 675.58917236
46.75999832 675.74157715
47.15000153 675.89398193
47.45999908 676.04638672
47.50000000 676.19879150
47.61999893 676.35119629
47.68999863 676.50360107
47.77999878 676.65600586
47.88999939 676.80841064
47.95000076 676.96081543
47.99000168 677.11322021
47.79999924 677.26562500
47.68999863 677.41802979
47.25000000 677.57037354
46.50000000 677.72277832
45.79999924 677.87518311
45.34000015 678.02758789
44.93000031 678.17999268
44.93999863 678.33239746
45.27999878 678.48480225
45.56999969 678.63720703
46.27999878 678.78961182
47.16999817 678.94201660
47.72999954 679.09442139
48.50999832 679.24682617
48.50999832 679.39916992
48.40000153 679.55157471
48.25000000 679.70397949
47.88999939 679.85638428
47.63000107 680.00878906
47.54000092 680.16119385
47.27999878 680.31359863
47.22999954 680.46600342
47.18999863 680.61840820
47.04999924 680.77081299
46.97999954 680.92321777
46.88999939 681.07562256
46.84999847 681.22802734
46.81999969 681.38037109
46.84999847 681.53277588
46.86999893 681.68518066
46.90000153 681.83758545
46.90999985 681.98999023
46.91999817 682.14239502
46.93000031 682.29479980
47.40000153 682.44720459
48.00000000 682.59960938
48.70999908 682.75201416
49.88999939 682.90441895
50.61000061 683.05682373
51.04000092 683.20922852
51.34000015 683.36157227
50.84000015 683.51397705
49.93000031 683.66638184
48.15000153 683.81878662
47.22000122 683.97119141
44.93000031 684.12359619
44.93000031 684.27600098
44.93000031 684.42840576
44.93000031 684.58081055
45.08000183 684.73321533
45.18000031 684.88562012
45.27999878 685.03802490
45.49000168 685.19042969
45.99000168 685.34277344
46.41999817 685.49517822
46.81000137 685.64758301
47.36000061 685.79998779
47.70000076 685.95239258
48.29000092 686.10479736
48.84999847 686.25720215
49.15999985 686.40960693
49.34999847 686.56201172
49.31999969 686.71441650
49.15000153 686.86682129
48.43000031 687.01922607
47.70999908 687.17156982
47.18000031 687.32397461
46.88000107 687.47637939
46.88000107 687.62878418
46.68000031 687.78118896
46.58000183 687.93359375
46.36000061 688.08599854
46.18000031 688.23840332
46.00999832 688.39080811
46.08000183 688.54321289
46.50000000 688.69561768
46.99000168 688.84802246
47.40000153 689.00042725
48.31999969 689.15277100
48.77999878 689.30517578
49.61000061 689.45758057
49.61000061 689.60998535
48.88000107 689.76239014
48.63000107 689.91479492
48.00000000 690.06719971
47.25000000 690.21960449
47.00000000 690.37200928
46.27000046 690.52441406
46.15000153 690.67681885
46.06999969 690.82922363
45.65999985 690.98162842
45.38999939 691.13397217
44.86999893 691.28637695
44.49000168 691.43878174
44.31999969 691.59118652
44.31999969 691.74359131
44.65999985 691.89599609
45.13999939 692.04840088
45.99000168 692.20080566
46.81000137 692.35321045
47.59999847 692.50561523
48.29000092 692.65802002
48.29000092 692.81042480
48.20000076 692.96282959
48.11000061 693.11517334
48.06000137 693.26757812
47.95000076 693.41998291
47.88999939 693.57238770
47.84999847 693.72479248
47.84999847 693.87719727
47.84999847 694.02960205
47.84999847 694.18200684
47.84999847 694.33441162
47.84999847 694.48681641
47.84999847 694.63922119
47.84999847 694.79162598
47.72999954 694.94396973
47.47999954 695.09637451
47.25999832 695.24877930
47.11999893 695.40118408
47.00999832 695.55358887
46.88000107 695.70599365
46.84999847 695.85839844
46.81999969 696.01080322
46.75999832 696.16320801
46.75999832 696.31561279
46.75999832 696.46801758
46.75999832 696.62042236
46.75999832 696.77282715
46.75999832 696.92517090
46.75999832 697.07757568
46.75999832 697.22998047
45.63999939 697.38238525
43.59999847 697.53479004
40.70000076 697.68719482
35.36000061 697.83959961
30.86000061 697.99200439
20.62000084 698.14440918
24.70999908 698.29681396
25.71999931 698.44921875
32.15999985 698.60162354
35.97000122 698.75402832
39.47000122 698.90637207
42.91999817 699.05877686
44.54999924 699.21118164
46.06999969 699.36358643
46.06000137 699.51599121
46.04999924 699.66839600
46.04999924 699.82080078
46.04000092 699.97320557
46.02999878 700.12561035
46.68000031 700.27801514
47.40999985 700.43041992
48.09999847 700.58282471
49.04999924 700.73522949
49.50000000 700.88757324
49.63000107 701.03997803
49.68999863 701.19238281
49.25999832 701.34478760
48.99000168 701.49719238
48.08000183 701.64959717
47.72999954 701.80200195
47.18000031 701.95440674
46.88999939 702.10681152
46.68000031 702.25921631
47.00999832 702.41162109
47.20999908 702.56402588
47.47999954 702.71636963
47.75000000 702.86877441
47.74000168 703.02117920
47.70999908 703.17358398
47.54000092 703.32598877
47.15999985 703.47839355
47.04999924 703.63079834
46.88999939 703.78320312
46.68000031 703.93560791
46.61000061 704.08801270
46.63999939 704.24041748
46.66999817 704.39282227
46.70999908 704.54522705
46.72000122 704.69757080
46.74000168 704.84997559
46.77000046 705.00238037
46.93000031 705.15478516
47.22999954 705.30718994
47.43999863 705.45959473
47.63000107 705.61199951
47.88000107 705.76440430
48.13999939 705.91680908
47.95000076 706.06921387
48.00000000 706.22161865
47.54999924 706.37402344
47.20000076 706.52642822
46.77999878 706.67877197
46.38000107 706.83117676
46.11000061 706.98358154
46.36000061 707.13598633
47.34999847 707.28839111
48.34999847 707.44079590
49.56000137 707.59320068
50.38999939 707.74560547
50.97000122 707.89801025
51.41999817 708.05041504
51.15999985 708.20281982
50.59999847 708.35522461
50.22999954 708.50762939
49.72000122 708.65997314
49.50000000 708.81237793
48.81999969 708.96478271
48.81999969 709.11718750
48.93000031 709.26959229
49.04999924 709.42199707
49.27000046 709.57440186
49.47999954 709.72680664
48.90000153 709.87921143
48.29999924 710.03161621
48.15999985 710.18402100
47.43999863 710.33642578
46.72000122 710.48876953
46.00000000 710.64117432
44.97000122 710.79357910
44.47000122 710.94598389
43.70000076 711.09838867
44.33000183 711.25079346
45.34999847 711.40319824
46.75999832 711.55560303
47.54999924 711.70800781
48.47000122 711.86041260
48.38999939 712.01281738
48.22000122 712.16522217
48.04000092 712.31762695
47.88000107 712.46997070
47.65999985 712.62237549
47.65999985 712.77478027
47.65999985 712.92718506
47.68999863 713.07958984
47.74000168 713.23199463
47.79000092 713.38439941
47.84999847 713.53680420
47.91999817 713.68920898
48.02000046 713.84161377
48.06999969 713.99401855
48.11000061 714.14642334
48.22000122 714.29882812
48.33000183 714.45117188
48.47999954 714.60357666
48.52999878 714.75598145
48.65000153 714.90838623
48.65000153 715.06079102
48.45999908 715.21319580
48.33000183 715.36560059
48.06999969 715.51800537
47.81000137 715.67041016
47.49000168 715.82281494
47.15999985 715.97521973
47.31000137 716.12762451
47.63999939 716.28002930
47.93000031 716.43237305
48.40000153 716.58477783
48.66999817 716.73718262
49.22000122 716.88958740
49.50999832 717.04199219
49.70999908 717.19439697
49.56999969 717.34680176
49.47999954 717.49920654
49.34999847 717.65161133
49.24000168 717.80401611
49.18999863 717.95642090
49.13999939 718.10882568
48.50999832 718.26123047
48.11999893 718.41357422
47.18999863 718.56597900
46.18000031 718.71838379
45.74000168 718.87078857
45.63000107 719.02319336
45.33000183 719.17559814
45.49000168 719.32800293
45.86999893 719.48040771
46.11999893 719.63281250
46.45000076 719.78521729
46.63999939 719.93762207
46.79999924 720.09002686
46.97000122 720.24237061
47.29000092 720.39477539
47.47000122 720.54718018
47.93000031 720.69958496
48.33000183 720.85198975
48.59999847 721.00439453
48.77999878 721.15679932
48.77999878 721.30920410
48.68000031 721.46160889
48.43999863 721.61401367
48.20000076 721.76641846
47.97999954 721.91882324
47.84999847 722.07122803
47.74000168 722.22357178
48.49000168 722.37597656
49.74000168 722.52838135
51.24000168 722.68078613
52.40999985 722.83319092
53.86999893 722.98559570
55.75000000 723.13800049
57.93999863 723.29040527
58.79000092 723.44281006
59.84999847 723.59521484
60.13000107 723.74761963
60.97000122 723.90002441
61.15999985 724.05242920
61.61999893 724.20477295
62.27000046 724.35717773
62.40000153 724.50958252
62.50999832 724.66198730
62.58000183 724.81439209
62.61999893 724.96679688
62.61999893 725.11920166
62.61999893 725.27160645
62.61999893 725.42401123
62.61999893 725.57641602
62.61999893 725.72882080
62.61999893 725.88122559
62.61999893 726.03363037
72.59999847 726.18597412
84.44999695 726.33837891
99.68000031 726.49078369
122.19999695 726.64318848
131.41000366 726.79559326
137.30000305 726.94799805
134.30000305 727.10040283
129.35000610 727.25280762
129.35000610 727.40521240
120.56999969 727.55761719
117.38999939 727.71002197
97.23999786 727.86242676
82.37000275 728.01477051
60.40999985 728.16717529
51.88000107 728.31958008
44.56000137 728.47198486
27.26000023 728.62438965
27.26000023 728.77679443
27.26000023 728.92919922
27.26000023 729.08160400
27.26000023 729.23400879
27.26000023 729.38641357
27.26000023 729.53881836
27.61000061 729.69122314
28.39999962 729.84362793
28.89999962 729.99597168
29.55999947 730.14837646
30.02000046 730.30078125
30.38999939 730.45318604
31.98999977 730.60559082
32.56999969 730.75799561
36.02999878 730.91040039
40.75000000 731.06280518
43.18000031 731.21520996
46.13000107 731.36761475
46.72999954 731.52001953
46.34000015 731.67242432
45.95999908 731.82482910
43.90999985 731.97717285
42.11999893 732.12957764
41.49000168 732.28198242
39.43999863 732.43438721
39.18000031 732.58679199
38.88999939 732.73919678
38.40999985 732.89160156
38.47999954 733.04400635
38.68999863 733.19641113
38.81000137 733.34881592
38.90999985 733.50122070
38.95000076 733.65362549
38.97999954 733.80603027
38.91999817 733.95837402
38.86000061 734.11077881
38.84999847 734.26318359
38.81000137 734.41558838
38.79999924 734.56799316
38.77999878 734.72039795
38.31000137 734.87280273
38.00999832 735.02520752
37.75000000 735.17761230
37.56999969 735.33001709
37.54000092 735.48242188
37.79000092 735.63482666
38.22000122 735.78717041
39.18999863 735.93957520
39.97000122 736.09197998
39.97000122 736.24438477
39.61999893 736.39678955
39.24000168 736.54919434
39.20000076 736.70159912
38.81000137 736.85400391
38.50999832 737.00640869
38.00999832 737.15881348
37.38000107 737.31121826
36.95000076 737.46362305
36.47999954 737.61602783
36.47999954 737.76837158
37.25999832 737.92077637
37.93000031 738.07318115
38.47000122 738.22558594
38.86000061 738.37799072
39.25000000 738.53039551
39.34999847 738.68280029
39.36000061 738.83520508
39.08000183 738.98760986
38.38000107 739.14001465
37.74000168 739.29241943
37.06999969 739.44482422
36.63000107 739.59722900
36.59999847 739.74957275
36.84999847 739.90197754
37.47999954 740.05438232
38.11999893 740.20678711
38.75999832 740.35919189
39.04999924 740.51159668
39.29999924 740.66400146
39.29999924 740.81640625
39.04000092 740.96881104
38.77999878 741.12121582
38.54000092 741.27362061
38.22000122 741.42602539
37.95000076 741.57843018
37.88999939 741.73077393
37.79000092 741.88317871
38.22999954 742.03558350
38.75000000 742.18798828
39.33000183 742.34039307
39.97999954 742.49279785
40.20000076 742.64520264
40.61999893 742.79760742
40.27999878 742.95001221
39.61000061 743.10241699
38.97000122 743.25482178
38.18999863 743.40722656
37.70999908 743.55957031
37.50000000 743.71197510
37.24000168 743.86437988
37.63999939 744.01678467
38.06999969 744.16918945
38.45999908 744.32159424
38.90999985 744.47399902
38.70999908 744.62640381
38.77999878 744.77880859
38.63000107 744.93121338
37.75000000 745.08361816
37.13000107 745.23602295
36.65999985 745.38842773
35.95000076 745.54077148
35.59999847 745.69317627
35.18999863 745.84558105
35.86999893 745.99798584
36.86999893 746.15039062
38.52999878 746.30279541
39.45000076 746.45520020
40.81999969 746.60760498
41.99000168 746.76000977
41.99000168 746.91241455
42.13000107 747.06481934
42.34999847 747.21722412
42.49000168 747.36962891
42.63999939 747.52197266
42.81999969 747.67437744
42.90000153 747.82678223
42.90000153 747.97918701
41.93000031 748.13159180
41.22999954 748.28399658
40.75000000 748.43640137
40.04999924 748.58880615
39.40000153 748.74121094
39.02999878 748.89361572
39.61999893 749.04602051
39.91999817 749.19842529
40.56000137 749.35083008
41.02000046 749.50317383
41.77999878 749.65557861
41.95000076 749.80798340
44.31999969 749.96038818
48.00000000 750.11279297
51.15000153 750.26519775
56.34999847 750.41760254
60.40000153 750.57000732
63.47999954 750.72241211
63.47999954 750.87481689
62.83000183 751.02722168
62.04000092 751.17962646
60.65000153 751.33197021
59.45000076 751.48437500
58.54000092 751.63677979
57.20999908 751.78918457
57.95999908 751.94158936
59.00999832 752.09399414
60.43000031 752.24639893
61.77999878 752.39880371
63.13999939 752.55120850
63.20000076 752.70361328
64.12000275 752.85601807
62.90000153 753.00842285
61.59999847 753.16082764
61.02000046 753.31317139
60.13999939 753.46557617
60.13999939 753.61798096
60.13999939 753.77038574
60.13999939 753.92279053
60.13999939 754.07519531
60.13999939 754.22760010
60.13999939 754.38000488
60.13999939 754.53240967
59.66999817 754.68481445
58.63999939 754.83721924
56.52000046 754.98962402
49.83000183 755.14202881
42.88000107 755.29437256
38.66999817 755.44677734
39.31000137 755.59918213
45.06999969 755.75158691
51.36999893 755.90399170
56.65000153 756.05639648
59.66999817 756.20880127
60.02000046 756.36120605
60.50000000 756.51361084
60.97000122 756.66601562
61.47999954 756.81842041
61.63000107 756.97082520
62.72000122 757.12322998
63.08000183 757.27557373
63.91999817 757.42797852
64.61000061 757.58038330
65.02999878 757.73278809
65.18000031 757.88519287
65.18000031 758.03759766
64.63999939 758.19000244
64.16999817 758.34240723
63.63999939 758.49481201
63.52000046 758.64721680
62.95999908 758.79962158
62.52000046 758.95202637
62.04000092 759.10437012
61.29000092 759.25677490
61.15000153 759.40917969
61.06000137 759.56158447
61.59999847 759.71398926
62.86000061 759.86639404
63.50999832 760.01879883
65.41999817 760.17120361
65.59999847 760.32360840
65.94999695 760.47601318
66.06999969 760.62841797
65.52999878 760.78082275
63.84999847 760.93322754
61.02999878 761.08557129
60.40999985 761.23797607
58.52999878 761.39038086
57.81000137 761.54278564
57.50999832 761.69519043
57.38000107 761.84759521
58.75999832 762.00000000
60.22999954 762.15240479
61.90000153 762.30480957
63.52999878 762.45721436
63.52999878 762.60961914
62.91999817 762.76202393
62.40000153 762.91442871
61.79999924 763.06677246
61.29999924 763.21917725
60.58000183 763.37158203
60.13000107 763.52398682
60.45000076 763.67639160
60.93000031 763.82879639
61.25000000 763.98120117
61.72999954 764.13360596
61.91999817 764.28601074
62.25000000 764.43841553
62.68999863 764.59082031
62.68999863 764.74322510
62.68999863 764.89562988
63.09000015 765.04797363
63.49000168 765.20037842
63.88999939 765.35278320
64.29000092 765.50518799
64.69000244 765.65759277
64.69000244 765.80999756
65.09999847 765.96240234
65.13999939 766.11480713
65.20999908 766.26721191
64.72000122 766.41961670
64.23000336 766.57202148
63.56000137 766.72442627
62.97999954 766.87677002
62.04999924 767.02917480
62.04999924 767.18157959
62.66999817 767.33398438
63.06999969 767.48638916
63.84999847 767.63879395
65.11000061 767.79119873
65.61000061 767.94360352
66.62999725 768.09600830
67.26000214 768.24841309
66.44999695 768.40081787
66.13999939 768.55322266
65.45999908 768.70562744
63.86000061 768.85797119
61.90999985 769.01037598
60.65999985 769.16278076
59.61999893 769.31518555
59.61999893 769.46759033
59.61999893 769.61999512
59.54000092 769.77239990
59.41999817 769.92480469
59.25999832 770.07720947
59.13999939 770.22961426
59.02999878 770.38201904
59.81000137 770.53442383
60.18999863 770.68682861
61.11000061 770.83917236
61.65999985 770.99157715
62.40000153 771.14398193
63.27999878 771.29638672
63.95000076 771.44879150
64.63999939 771.60119629
64.62999725 771.75360107
64.95999908 771.90600586
64.36000061 772.05841064
63.27999878 772.21081543
62.84000015 772.36322021
62.06999969 772.51562500
62.06999969 772.66802979
61.91999817 772.82037354
61.84000015 772.97277832
61.75000000 773.12518311
61.63000107 773.27758789
61.56999969 773.42999268
61.52999878 773.58239746
61.50000000 773.73480225
61.50999832 773.88720703
61.63999939 774.03961182
61.77000046 774.19201660
61.91999817 774.34442139
61.93999863 774.49682617
62.00000000 774.64916992
62.00000000 774.80157471
62.00000000 774.95397949
62.00000000 775.10638428
61.40999985 775.25878906
61.20999908 775.41119385
61.04000092 775.56359863
61.04000092 775.71600342
61.16999817 775.86840820
61.15000153 776.02081299
61.38999939 776.17321777
61.38999939 776.32562256
61.38999939 776.47802734
61.38999939 776.63037109
62.66999817 776.78277588
62.93999863 776.93518066
63.77999878 777.08758545
64.54000092 777.23999023
64.73999786 777.39239502
66.29000092 777.54479980
66.29000092 777.69720459
66.29000092 777.84960938
66.29000092 778.00201416
66.29000092 778.15441895
64.41999817 778.30682373
63.77000046 778.45922852
63.84999847 778.61157227
63.38000107 778.76397705
63.31999969 778.91638184
63.97999954 779.06878662
64.59999847 779.22119141
65.41999817 779.37359619
65.98999786 779.52600098
65.54000092 779.67840576
65.37999725 779.83081055
64.37999725 779.98321533
63.18000031 780.13562012
62.49000168 780.28802490
61.38999939 780.44042969
61.38999939 780.59277344
61.38999939 780.74517822
60.00999832 780.89758301
58.45999908 781.04998779
57.38999939 781.20239258
56.16999817 781.35479736
55.65000153 781.50720215
54.90000153 781.65960693
54.90000153 781.81201172
54.90000153 781.96441650
54.90000153 782.11682129
54.90000153 782.26922607
54.90000153 782.42156982
54.90000153 782.57397461
54.90000153 782.72637939
54.90000153 782.87878418
54.90000153 783.03118896
54.90000153 783.18359375
52.54000092 783.33599854
51.34999847 783.48840332
49.33000183 783.64080811
44.84000015 783.79321289
36.20999908 783.94561768
22.50000000 784.09802246
14.81999969 784.25042725
20.80999947 784.40277100
24.63999939 784.55517578
33.09999847 784.70758057
43.11999893 784.85998535
48.97999954 785.01239014
55.83000183 785.16479492
59.09999847 785.31719971
62.95000076 785.46960449
64.73000336 785.62200928
63.56000137 785.77441406
62.86999893 785.92681885
62.41999817 786.07922363
62.06000137 786.23162842
62.18999863 786.38397217
62.11000061 786.53637695
62.38999939 786.68878174
62.83000183 786.84118652
62.90999985 786.99359131
62.66999817 787.14599609
62.54000092 787.29840088
61.93999863 787.45080566
61.70999908 787.60321045
61.63000107 787.75561523
61.36999893 787.90802002
61.59000015 788.06042480
62.15999985 788.21282959
62.40000153 788.36517334
62.72000122 788.51757812
63.09000015 788.66998291
63.31999969 788.82238770
63.81999969 788.97479248
64.36000061 789.12719727
65.04000092 789.27960205
65.59999847 789.43200684
65.91000366 789.58441162
66.06999969 789.73681641
65.91999817 789.88922119
65.59999847 790.04162598
64.37999725 790.19396973
63.38000107 790.34637451
62.38000107 790.49877930
61.38999939 790.65118408
59.54000092 790.80358887
61.41999817 790.95599365
61.99000168 791.10839844
63.68000031 791.26080322
65.26000214 791.41320801
66.52999878 791.56561279
66.83000183 791.71801758
66.01000214 791.87042236
64.98000336 792.02282715
63.70999908 792.17517090
62.52999878 792.32757568
61.59999847 792.47998047
60.81000137 792.63238525
61.38999939 792.78479004
61.95000076 792.93719482
62.75000000 793.08959961
63.15999985 793.24200439
63.63000107 793.39440918
63.79999924 793.54681396
64.12000275 793.69921875
64.12000275 793.85162354
62.50000000 794.00402832
61.54999924 794.15637207
60.22000122 794.30877686
59.15999985 794.46118164
57.29999924 794.61358643
56.45999908 794.76599121
56.63999939 794.91839600
56.84999847 795.07080078
57.58000183 795.22320557
58.36999893 795.37561035
59.18000031 795.52801514
59.79000092 795.68041992
60.70999908 795.83282471
61.65000153 795.98522949
62.47999954 796.13757324
63.25999832 796.28997803
64.12999725 796.44238281
64.58999634 796.59478760
64.58999634 796.74719238
64.58999634 796.89959717
65.02999878 797.05200195
65.31999969 797.20440674
65.61000061 797.35681152
65.80000305 797.50921631
66.00000000 797.66162109
66.12999725 797.81402588
64.97000122 797.96636963
62.49000168 798.11877441
60.22999954 798.27117920
57.75000000 798.42358398
56.58000183 798.57598877
56.58000183 798.72839355
59.13999939 798.88079834
60.54000092 799.03320312
62.36000061 799.18560791
64.08000183 799.33801270
63.99000168 799.49041748
63.56999969 799.64282227
63.00999832 799.79522705
60.47999954 799.94757080
58.34000015 800.09997559
56.31000137 800.25238037
52.59000015 800.40478516
49.95000076 800.55718994
49.52999878 800.70959473
48.02000046 800.86199951
47.59000015 801.01440430
47.24000168 801.16680908
46.86999893 801.31921387
46.50000000 801.47161865
46.09999847 801.62402344
46.09999847 801.77642822
45.66999817 801.92877197
45.16999817 802.08117676
44.75999832 802.23358154
44.20999908 802.38598633
43.47999954 802.53839111
43.18999863 802.69079590
42.52000046 802.84320068
42.52000046 802.99560547
43.02999878 803.14801025
43.97999954 803.30041504
44.52999878 803.45281982
46.18000031 803.60522461
46.59999847 803.75762939
47.36000061 803.90997314
46.99000168 804.06237793
46.77000046 804.21478271
45.54000092 804.36718750
44.50000000 804.51959229
43.43000031 804.67199707
42.68000031 804.82440186
42.09999847 804.97680664
42.09999847 805.12921143
43.43999863 805.28161621
43.93000031 805.43402100
44.59999847 805.58642578
45.40000153 805.73876953
46.09000015 805.89117432
46.65999985 806.04357910
47.22999954 806.19598389
47.22999954 806.34838867
47.22999954 806.50079346
47.22999954 806.65319824
47.22999954 806.80560303
46.00000000 806.95800781
46.00000000 807.11041260
45.31000137 807.26281738
45.18000031 807.41522217
44.45999908 807.56762695
44.04000092 807.71997070
43.59000015 807.87237549
43.40999985 808.02478027
43.31000137 808.17718506
43.09999847 808.32958984
42.95999908 808.48199463
42.70999908 808.63439941
42.40000153 808.78680420
41.93999863 808.93920898
41.61999893 809.09161377
41.43000031 809.24401855
41.50000000 809.39642334
41.61999893 809.54882812
42.11000061 809.70117188
42.77999878 809.85357666
43.45000076 810.00598145
43.86000061 810.15838623
44.22999954 810.31079102
44.43000031 810.46319580
44.40000153 810.61560059
44.36000061 810.76800537
44.29000092 810.92041016
44.25999832 811.07281494
44.22000122 811.22521973
44.20999908 811.37762451
44.20000076 811.53002930
44.20000076 811.68237305
44.20000076 811.83477783
44.20000076 811.98718262
44.20000076 812.13958740
44.20000076 812.29199219
44.20000076 812.44439697
44.20000076 812.59680176
44.93999863 812.74920654
45.47999954 812.90161133
48.52000046 813.05401611
53.77999878 813.20642090
64.83000183 813.35882568
73.34999847 813.51123047
85.93000031 813.66357422
85.93000031 813.81597900
85.93000031 813.96838379
85.93000031 814.12078857
82.01999664 814.27319336
79.73999786 814.42559814
71.13999939 814.57800293
61.63000107 814.73040771
55.90999985 814.88281250
45.02999878 815.03521729
36.61999893 815.18762207
30.45999908 815.34002686
37.81999969 815.49237061
42.79000092 815.64477539
48.31000137 815.79718018
53.04999924 815.94958496
58.00999832 816.10198975
64.04000092 816.25439453
63.31999969 816.40679932
62.65000153 816.55920410
61.84999847 816.71160889
61.18999863 816.86401367
60.20000076 817.01641846
59.77000046 817.16882324
58.99000168 817.32122803
60.56999969 817.47357178
61.84000015 817.62597656
63.77999878 817.77838135
64.16000366 817.93078613
64.69000244 818.08319092
64.40000153 818.23559570
63.97999954 818.38800049
63.68000031 818.54040527
63.38000107 818.69281006
62.97000122 818.84521484
63.09000015 818.99761963
63.47999954 819.15002441
63.72999954 819.30242920
64.20999908 819.45477295
64.76999664 819.60717773
64.98999786 819.75958252
64.69000244 819.91198730
64.34999847 820.06439209
62.34999847 820.21679688
59.70000076 820.36920166
58.31000137 820.52160645
54.90000153 820.67401123
54.90000153 820.82641602
56.40000153 820.97882080
57.15999985 821.13122559
59.81999969 821.28363037
63.52000046 821.43597412
65.66999817 821.58837891
68.11000061 821.74078369
69.44000244 821.89318848
69.44000244 822.04559326
67.83999634 822.19799805
63.86000061 822.35040283
61.29000092 822.50280762
58.79999924 822.65521240
57.20999908 822.80761719
58.13999939 822.96002197
59.27999878 823.11242676
60.25999832 823.26477051
61.70000076 823.41717529
62.59999847 823.56958008
63.65999985 823.72198486
64.69000244 823.87438965
64.69000244 824.02679443
64.09999847 824.17919922
63.83000183 824.33160400
62.70999908 824.48400879
61.84999847 824.63641357
60.88000107 824.78881836
60.06000137 824.94122314
59.88999939 825.09362793
60.20000076 825.24597168
60.63999939 825.39837646
61.34000015 825.55078125
61.54999924 825.70318604
62.00999832 825.85559082
62.00999832 826.00799561
62.40999985 826.16040039
63.09999847 826.31280518
63.79000092 826.46520996
64.50000000 826.61761475
64.72000122 826.77001953
65.09999847 826.92242432
65.22000122 827.07482910
65.26999664 827.22717285
65.47000122 827.37957764
65.76999664 827.53198242
65.98000336 827.68438721
66.18000031 827.83679199
66.16999817 827.98919678
66.01000214 828.14160156
65.83000183 828.29400635
65.55999756 828.44641113
65.48000336 828.59881592
65.33999634 828.75122070
65.23000336 828.90362549
65.23000336 829.05603027
64.55000305 829.20837402
64.26999664 829.36077881
63.77999878 829.51318359
63.31999969 829.66558838
63.31999969 829.81799316
63.31999969 829.97039795
62.27000046 830.12280273
61.75999832 830.27520752
60.59999847 830.42761230
59.77999878 830.58001709
59.11999893 830.73242188
58.52999878 830.88482666
58.74000168 831.03717041
59.81999969 831.18957520
60.65999985 831.34197998
60.79000092 831.49438477
61.27999878 831.64678955
61.95000076 831.79919434
62.06000137 831.95159912
62.61999893 832.10400391
62.41999817 832.25640869
62.09999847 832.40881348
61.86999893 832.56121826
61.65000153 832.71362305
61.50999832 832.86602783
61.50999832 833.01837158
61.63000107 833.17077637
61.81000137 833.32318115
62.04999924 833.47558594
62.29999924 833.62799072
62.56999969 833.78039551
62.70999908 833.93280029
62.70999908 834.08520508
62.70000076 834.23760986
62.70000076 834.39001465
62.70000076 834.54241943
62.24000168 834.69482422
61.54999924 834.84722900
60.54999924 834.99957275
59.06000137 835.15197754
57.50000000 835.30438232
57.18999863 835.45678711
57.36999893 835.60919189
58.02000046 835.76159668
59.13999939 835.91400146
60.02999878 836.06640625
60.91999817 836.21881104
61.43999863 836.37121582
61.43999863 836.52362061
61.43999863 836.67602539
59.86000061 836.82843018
57.27999878 836.98077393
52.45000076 837.13317871
49.97999954 837.28558350
48.31999969 837.43798828
47.77000046 837.59039307
47.31999969 837.74279785
46.02999878 837.89520264
47.33000183 838.04760742
49.65999985 838.20001221
51.93999863 838.35241699
53.61999893 838.50482178
54.15000153 838.65722656
54.45000076 838.80957031
54.93999863 838.96197510
54.45999908 839.11437988
53.88999939 839.26678467
53.33000183 839.41918945
52.99000168 839.57159424
52.63999939 839.72399902
52.27999878 839.87640381
52.27999878 840.02880859
52.27999878 840.18121338
52.27999878 840.33361816
52.27999878 840.48602295
52.27999878 840.63842773
52.27999878 840.79077148
52.27999878 840.94317627
52.27999878 841.09558105
52.27999878 841.24798584
68.59999847 841.40039062
76.87999725 841.55279541
88.81999969 841.70520020
100.76000214 841.85760498
91.61000061 842.01000977
84.23999786 842.16241455
78.18000031 842.31481934
64.12000275 842.46722412
63.47999954 842.61962891
63.34999847 842.77197266
67.83999634 842.92437744
69.33000183 843.07678223
80.00000000 843.22918701
86.55999756 843.38159180
91.11000061 843.53399658
98.37000275 843.68640137
102.95999908 843.83880615
103.55999756 843.99121094
101.01999664 844.14361572
86.31999969 844.29602051
78.97000122 844.44842529
69.19000244 844.60083008
67.47000122 844.75317383
62.65000153 844.90557861
63.02000046 845.05798340
63.72000122 845.21038818
64.02999878 845.36279297
64.23999786 845.51519775
64.41000366 845.66760254
63.93999863 845.82000732
63.68000031 845.97241211
63.24000168 846.12481689
62.75999832 846.27722168
62.47999954 846.42962646
62.86000061 846.58197021
63.52000046 846.73437500
64.26000214 846.88677979
64.79000092 847.03918457
65.50000000 847.19158936
66.01000214 847.34399414
66.37999725 847.49639893
66.22000122 847.64880371
65.56999969 847.80120850
64.04000092 847.95361328
63.04999924 848.10601807
62.22999954 848.25842285
61.59999847 848.41082764
61.66999817 848.56317139
61.74000168 848.71557617
61.84000015 848.86798096
62.11000061 849.02038574
62.34999847 849.17279053
62.54000092 849.32519531
62.68999863 849.47760010
63.02000046 849.63000488
63.45000076 849.78240967
64.15000153 849.93481445
64.83999634 850.08721924
64.16000366 850.23962402
63.99000168 850.39202881
63.70999908 850.54437256
62.34000015 850.69677734
62.59999847 850.84918213
62.04000092 851.00158691
59.86999893 851.15399170
59.43999863 851.30639648
58.09000015 851.45880127
58.15999985 851.61120605
59.83000183 851.76361084
61.40000153 851.91601562
64.11000061 852.06842041
64.69000244 852.22082520
65.04000092 852.37322998
65.05000305 852.52557373
65.30999756 852.67797852
64.41000366 852.83038330
63.77999878 852.98278809
63.50999832 853.13519287
63.36000061 853.28759766
62.93999863 853.44000244
62.31000137 853.59240723
61.50999832 853.74481201
60.61000061 853.89721680
59.31999969 854.04962158
58.99000168 854.20202637
58.81000137 854.35437012
58.36999893 854.50677490
58.77000046 854.65917969
59.11999893 854.81158447
59.47000122 854.96398926
59.90999985 855.11639404
60.11999893 855.26879883
59.84999847 855.42120361
59.34000015 855.57360840
58.93999863 855.72601318
58.59000015 855.87841797
58.25000000 856.03082275
57.95999908 856.18322754
55.54000092 856.33557129
54.95999908 856.48797607
54.13999939 856.64038086
50.25000000 856.79278564
48.50999832 856.94519043
46.16999817 857.09759521
42.40999985 857.25000000
41.70999908 857.40240479
39.59000015 857.55480957
38.65999985 857.70721436
37.24000168 857.85961914
36.24000168 858.01202393
34.93999863 858.16442871
34.93999863 858.31677246
35.56000137 858.46917725
36.52000046 858.62158203
37.24000168 858.77398682
39.59999847 858.92639160
40.88000107 859.07879639
41.95999908 859.23120117
42.70999908 859.38360596
43.22999954 859.53601074
44.04999924 859.68841553
45.11999893 859.84082031
46.90999985 859.99322510
47.77999878 860.14562988
47.97000122 860.29797363
48.47000122 860.45037842
48.65999985 860.60278320
48.97999954 860.75518799
49.40000153 860.90759277
49.86000061 861.05999756
50.11000061 861.21240234
50.31999969 861.36480713
50.31999969 861.51721191
51.00999832 861.66961670
52.04000092 861.82202148
53.16999817 861.97442627
55.13000107 862.12677002
56.61999893 862.27917480
57.06000137 862.43157959
57.79000092 862.58398438
57.79000092 862.73638916
57.63999939 862.88879395
57.20999908 863.04119873
56.97000122 863.19360352
56.84000015 863.34600830
56.63000107 863.49841309
56.63000107 863.65081787
56.63000107 863.80322266
56.63000107 863.95562744
58.06999969 864.10797119
58.43000031 864.26037598
58.97999954 864.41278076
59.22000122 864.56518555
59.27999878 864.71759033
59.70000076 864.86999512
59.90999985 865.02239990
60.20000076 865.17480469
60.77999878 865.32720947
60.91999817 865.47961426
60.72000122 865.63201904
60.56000137 865.78442383
59.59000015 865.93682861
58.45000076 866.08917236
56.84000015 866.24157715
55.72999954 866.39398193
55.41999817 866.54638672
54.81999969 866.69879150
54.81999969 866.85119629
54.56999969 867.00360107
54.36000061 867.15600586
54.02999878 867.30841064
53.86000061 867.46081543
53.70999908 867.61322021
53.59000015 867.76562500
53.22000122 867.91802979
52.63000107 868.07037354
51.91999817 868.22277832
51.29000092 868.37518311
50.49000168 868.52758789
49.81000137 868.67999268
49.63000107 868.83239746
49.45000076 868.98480225
49.09999847 869.13720703
49.09999847 869.28961182
49.09999847 869.44201660
49.09999847 869.59442139
49.09999847 869.74682617
50.13999939 869.89916992
51.49000168 870.05157471
52.25999832 870.20397949
53.61000061 870.35638428
54.63999939 870.50878906
57.36999893 870.66119385
61.77000046 870.81359863
63.63000107 870.96600342
63.70000076 871.11840820
63.27000046 871.27081299
62.90999985 871.42321777
62.33000183 871.57562256
61.79999924 871.72802734
61.81999969 871.88037109
61.91999817 872.03277588
62.81999969 872.18518066
63.93999863 872.33758545
65.18000031 872.48999023
65.83000183 872.64239502
65.83000183 872.79479980
65.80000305 872.94720459
65.77999878 873.09960938
65.73999786 873.25201416
65.73000336 873.40441895
65.52999878 873.55682373
65.23000336 873.70922852
64.72000122 873.86157227
64.18000031 874.01397705
63.68000031 874.16638184
63.24000168 874.31878662
63.02999878 874.47119141
62.65000153 874.62359619
62.43999863 874.77600098
61.90999985 874.92840576
61.65000153 875.08081055
61.59000015 875.23321533
61.40000153 875.38562012
61.40999985 875.53802490
61.41999817 875.69042969
61.43000031 875.84277344
61.43999863 875.99517822
62.00999832 876.14758301
62.88999939 876.29998779
63.88000107 876.45239258
64.76000214 876.60479736
65.18000031 876.75720215
65.12999725 876.90960693
64.86000061 877.06201172
63.40999985 877.21441650
62.41999817 877.36682129
60.52000046 877.51922607
58.70999908 877.67156982
58.20000076 877.82397461
58.31999969 877.97637939
60.68999863 878.12878418
61.72999954 878.28118896
62.25000000 878.43359375
63.34000015 878.58599854
62.86999893 878.73840332
61.65999985 878.89080811
61.54999924 879.04321289
60.41999817 879.19561768
59.52000046 879.34802246
58.90999985 879.50042725
57.59999847 879.65277100
56.22999954 879.80517578
55.99000168 879.95758057
55.33000183 880.10998535
54.50999832 880.26239014
53.16999817 880.41479492
52.36999893 880.56719971
51.72000122 880.71960449
51.63999939 880.87200928
51.59999847 881.02441406
51.49000168 881.17681885
51.36000061 881.32922363
51.16999817 881.48162842
51.09999847 881.63397217
50.91999817 881.78637695
50.91999817 881.93878174
52.15000153 882.09118652
53.68999863 882.24359131
55.18999863 882.39599609
56.45999908 882.54840088
57.93999863 882.70080566
58.93999863 882.85321045
58.93999863 883.00561523
59.09000015 883.15802002
59.27999878 883.31042480
59.50000000 883.46282959
59.86999893 883.61517334
60.11000061 883.76757812
60.27999878 883.91998291
60.27999878 884.07238770
60.83000183 884.22479248
61.45999908 884.37719727
61.95000076 884.52960205
62.52000046 884.68200684
63.25000000 884.83441162
63.93000031 884.98681641
64.02999878 885.13922119
63.50999832 885.29162598
62.79000092 885.44396973
62.11999893 885.59637451
61.52999878 885.74877930
60.84999847 885.90118408
60.84999847 886.05358887
60.36999893 886.20599365
60.11000061 886.35839844
59.90000153 886.51080322
59.65000153 886.66320801
59.22000122 886.81561279
58.79999924 886.96801758
58.27000046 887.12042236
57.54999924 887.27282715
57.15999985 887.42517090
56.81000137 887.57757568
56.04999924 887.72998047
55.70000076 887.88238525
55.06000137 888.03479004
55.06000137 888.18719482
55.11999893 888.33959961
55.20999908 888.49200439
55.29000092 888.64440918
55.49000168 888.79681396
55.52999878 888.94921875
55.56000137 889.10162354
55.81000137 889.25402832
56.02999878 889.40637207
56.45000076 889.55877686
56.86999893 889.71118164
57.33000183 889.86358643
57.75999832 890.01599121
57.75999832 890.16839600
57.16999817 890.32080078
56.84000015 890.47320557
56.29000092 890.62561035
55.56999969 890.77801514
55.04999924 890.93041992
54.63999939 891.08282471
54.29999924 891.23522949
53.59000015 891.38757324
53.25000000 891.53997803
52.38000107 891.69238281
50.93999863 891.84478760
50.02999878 891.99719238
49.06999969 892.14959717
48.29000092 892.30200195
48.29000092 892.45440674
49.13000107 892.60681152
50.27999878 892.75921631
52.04999924 892.91162109
53.18999863 893.06402588
55.13000107 893.21636963
55.84999847 893.36877441
55.84999847 893.52117920
54.75999832 893.67358398
53.59000015 893.82598877
52.68999863 893.97839355
51.11000061 894.13079834
51.11000061 894.28320312
51.11000061 894.43560791
51.11000061 894.58801270
51.54999924 894.74041748
51.93000031 894.89282227
52.22999954 895.04522705
52.61000061 895.19757080
53.06000137 895.34997559
53.06000137 895.50238037
53.66999817 895.65478516
54.47999954 895.80718994
55.11999893 895.95959473
56.15000153 896.11199951
57.27000046 896.26440430
58.36999893 896.41680908
58.36999893 896.56921387
58.36999893 896.72161865
58.36999893 896.87402344
58.36999893 897.02642822
58.36999893 897.17877197
58.36999893 897.33117676
58.36999893 897.48358154
58.36999893 897.63598633
58.36999893 897.78839111
58.36999893 897.94079590
58.36999893 898.09320068
58.36999893 898.24560547
58.36999893 898.39801025
58.36999893 898.55041504
56.93000031 898.70281982
56.04999924 898.85522461
54.25999832 899.00762939
57.56999969 899.15997314
62.84999847 899.31237793
69.73000336 899.46478271
75.23000336 899.61718750
78.02999878 899.76959229
75.11000061 899.92199707
71.29000092 900.07440186
68.98999786 900.22680664
66.50000000 900.37921143
64.44999695 900.53161621
63.75999832 900.68402100
62.11000061 900.83642578
62.09000015 900.98876953
62.08000183 901.14117432
62.27999878 901.29357910
62.65999985 901.44598389
63.00000000 901.59838867
63.45000076 901.75079346
63.65000153 901.90319824
63.84000015 902.05560303
64.20999908 902.20800781
64.26999664 902.36041260
64.43000031 902.51281738
64.51999664 902.66522217
64.58000183 902.81762695
64.72000122 902.96997070
64.30999756 903.12237549
64.19000244 903.27478027
64.01999664 903.42718506
63.50999832 903.57958984
63.25999832 903.73199463
62.65999985 903.88439941
62.34000015 904.03680420
62.11999893 904.18920898
61.99000168 904.34161377
61.84000015 904.49401855
61.74000168 904.64642334
61.61999893 904.79882812
61.66999817 904.95117188
61.79999924 905.10357666
62.02999878 905.25598145
62.27999878 905.40838623
62.47000122 905.56079102
62.50999832 905.71319580
62.63000107 905.86560059
62.63999939 906.01800537
62.63999939 906.17041016
62.66999817 906.32281494
62.68000031 906.47521973
62.68999863 906.62762451
62.68999863 906.78002930
62.43000031 906.93237305
62.29000092 907.08477783
61.95999908 907.23718262
61.75999832 907.38958740
61.66999817 907.54199219
61.50999832 907.69439697
61.63999939 907.84680176
61.68999863 907.99920654
61.99000168 908.15161133
62.20000076 908.30401611
62.38000107 908.45642090
62.56999969 908.60882568
62.68999863 908.76123047
62.66999817 908.91357422
62.65000153 909.06597900
62.61999893 909.21838379
62.59999847 909.37078857
62.58000183 909.52319336
62.54999924 909.67559814
62.15000153 909.82800293
61.65000153 909.98040771
61.15999985 910.13281250
60.45000076 910.28521729
60.15999985 910.43762207
59.54999924 910.59002686
59.66999817 910.74237061
59.84000015 910.89477539
60.06999969 911.04718018
60.22999954 911.19958496
60.38999939 911.35198975
60.58000183 911.50439453
60.65000153 911.65679932
60.77999878 911.80920410
60.77999878 911.96160889
60.77999878 912.11401367
56.93999863 912.26641846
53.81000137 912.41882324
49.22000122 912.57122803
46.45999908 912.72357178
45.11000061 912.87597656
42.09999847 913.02838135
42.09999847 913.18078613
42.09999847 913.33319092
41.58000183 913.48559570
40.22000122 913.63800049
38.70999908 913.79040527
37.15999985 913.94281006
36.04000092 914.09521484
35.09999847 914.24761963
35.09999847 914.40002441
35.09999847 914.55242920
35.09999847 914.70477295
35.09999847 914.85717773
35.09999847 915.00958252
